     5 294.124467
    10 297.282501
    15 290.888199
    20 300.344108
    25 294.812834
    30 302.505248
    35 294.371028
    40 305.535870
    45 291.455902
    50 304.878355
    55 303.211238
    60 299.818505
    65 301.798373
    70 297.515713
    75 304.393312
    80 295.395714
    85 294.449748
    90 303.498000
    95 294.391555
   100 292.147113
   105 302.177983
   110 301.050332
   115 305.080516
   120 292.219597
   125 300.774027
   130 294.764684
   135 301.255059
   140 294.786066
   145 294.458321
   150 299.530053
   155 300.665892
   160 296.037565
   165 301.323686
   170 305.436634
   175 294.099283
   180 294.928695
   185 298.043857
   190 293.456544
   195 293.128755
   200 294.413340
   205 296.936394
   210 296.922002
   215 295.672385
   220 294.577141
   225 293.237349
   230 296.490080
   235 293.075396
   240 298.123293
   245 298.031071
   250 293.149917
   255 303.804731
   260 305.240790
   265 296.673031
   270 295.108485
   275 295.572254
   280 304.320668
   285 299.284511
   290 295.321513
   295 302.076298
   300 290.783072
   305 294.711782
   310 295.280128
   315 294.728664
   320 298.571107
   325 303.750353
   330 302.341018
   335 296.295224
   340 300.116345
   345 291.409751
   350 303.478780
   355 295.562297
   360 292.926224
   365 294.150257
   370 292.849331
   375 298.940313
   380 300.700090
   385 299.404746
   390 303.755243
   395 301.460737
   400 290.829247
   405 298.130969
   410 300.960043
   415 302.379463
   420 305.299797
   425 298.414845
   430 302.020753
   435 301.492340
   440 299.701792
   445 299.209797
   450 295.387489
   455 304.621124
   460 296.541545
   465 304.684109
   470 299.654989
   475 291.708143
   480 302.673217
   485 300.678633
   490 296.995108
   495 295.038057
   500 303.293755
   505 304.977906
   510 293.529468
   515 301.459508
   520 302.211528
   525 291.397518
   530 303.095349
   535 301.578414
   540 299.150612
   545 298.666062
   550 295.623142
   555 294.996454
   560 300.447376
   565 302.137082
   570 304.622985
   575 301.107449
   580 305.198936
   585 295.948791
   590 296.716816
   595 304.617242
   600 302.782218
   605 304.182604
   610 293.916386
   615 290.767746
   620 290.656664
   625 300.689323
   630 299.600740
   635 297.520374
   640 293.424085
   645 296.401895
   650 293.797306
   655 302.266692
   660 294.117566
   665 299.923616
   670 292.381982
   675 291.499852
   680 291.234878
   685 295.908257
   690 297.962919
   695 297.443471
   700 300.671226
   705 292.962507
   710 291.096433
   715 293.966211
   720 305.049792
   725 301.585024
   730 298.841458
   735 298.121975
   740 296.686897
   745 300.287825
   750 300.755035
   755 296.958446
   760 302.776524
   765 294.360820
   770 294.539970
   775 298.955098
   780 305.494452
   785 294.235333
   790 296.731187
   795 301.951215
   800 293.681854
   805 302.822244
   810 297.731507
   815 303.268993
   820 297.050348
   825 297.392236
   830 295.243185
   835 303.452711
   840 302.641190
   845 300.468178
   850 303.777942
   855 294.206063
   860 297.019288
   865 291.049033
   870 304.693491
   875 304.444113
   880 298.907572
   885 292.205951
   890 303.115548
   895 301.588507
   900 292.668463
   905 293.878212
   910 297.738556
   915 293.964645
   920 293.004466
   925 294.799314
   930 298.148517
   935 299.758637
   940 298.734179
   945 301.876893
   950 299.265813
   955 297.963389
   960 297.976995
   965 291.858602
   970 297.243895
   975 291.679965
   980 302.957484
   985 298.247339
   990 302.303218
   995 291.040974
  1000 293.806578
  1005 291.279341
  1010 300.477235
  1015 292.559738
  1020 301.015519
  1025 296.755924
  1030 290.996251
  1035 293.551064
  1040 305.083010
  1045 294.885414
  1050 302.580342
  1055 298.720457
  1060 291.002329
  1065 300.542536
  1070 301.887309
  1075 305.098941
  1080 305.563057
  1085 300.781455
  1090 296.736628
  1095 303.298208
  1100 303.814137
  1105 291.923296
  1110 294.446055
  1115 296.158169
  1120 298.802865
  1125 293.218634
  1130 292.883637
  1135 297.602139
  1140 294.502890
  1145 298.011272
  1150 305.531768
  1155 298.563896
  1160 304.094782
  1165 302.837998
  1170 305.153683
  1175 290.849312
  1180 302.084350
  1185 299.141351
  1190 291.883427
  1195 294.436057
  1200 304.733028
  1205 295.993392
  1210 303.275357
  1215 298.631506
  1220 304.645322
  1225 305.127637
  1230 302.857794
  1235 296.154131
  1240 291.945447
  1245 302.732199
  1250 295.611429
  1255 292.856905
  1260 299.560761
  1265 296.374899
  1270 302.965810
  1275 304.703886
  1280 299.526352
  1285 294.990161
  1290 291.765963
  1295 299.141911
  1300 290.915767
  1305 294.813432
  1310 299.342647
  1315 295.761609
  1320 291.590002
  1325 305.017171
  1330 291.672978
  1335 297.191242
  1340 294.160434
  1345 303.155710
  1350 298.798410
  1355 296.668272
  1360 304.843031
  1365 305.388238
  1370 297.724813
  1375 290.658813
  1380 298.542134
  1385 303.003874
  1390 296.574364
  1395 303.436805
  1400 303.356738
  1405 302.984317
  1410 303.407350
  1415 303.741002
  1420 290.694921
  1425 301.277469
  1430 300.776995
  1435 292.397754
  1440 303.649218
  1445 294.673114
  1450 297.361695
  1455 304.556914
  1460 293.650207
  1465 301.077641
  1470 301.051701
  1475 300.693078
  1480 297.397597
  1485 295.651722
  1490 297.623323
  1495 294.466024
  1500 305.332288
  1505 292.022249
  1510 298.870971
  1515 301.127871
  1520 294.850188
  1525 300.009291
  1530 292.433421
  1535 300.930514
  1540 296.308116
  1545 291.899965
  1550 302.891886
  1555 294.966963
  1560 294.490682
  1565 301.818761
  1570 291.698018
  1575 299.527080
  1580 293.242504
  1585 293.860570
  1590 304.454481
  1595 300.643351
  1600 301.386847
  1605 300.764885
  1610 295.212705
  1615 298.541065
  1620 291.453539
  1625 303.420871
  1630 293.359973
  1635 301.547624
  1640 290.955979
  1645 292.220857
  1650 299.463758
  1655 301.828770
  1660 299.197834
  1665 302.705862
  1670 293.312123
  1675 297.940585
  1680 291.041899
  1685 298.673847
  1690 298.268380
  1695 298.596846
  1700 298.119406
  1705 296.395231
  1710 304.292353
  1715 304.866910
  1720 304.306673
  1725 294.256319
  1730 295.720772
  1735 297.113963
  1740 302.023001
  1745 299.203074
  1750 291.299418
  1755 301.298991
  1760 299.186949
  1765 302.267829
  1770 295.766277
  1775 305.089437
  1780 303.113818
  1785 295.977873
  1790 303.182003
  1795 292.179216
  1800 293.669131
  1805 292.652154
  1810 294.643290
  1815 293.076830
  1820 295.539199
  1825 299.316411
  1830 299.316239
  1835 301.144103
  1840 297.165638
  1845 293.344365
  1850 300.996063
  1855 295.191518
  1860 302.014850
  1865 301.087772
  1870 293.994381
  1875 299.721256
  1880 293.500665
  1885 293.389612
  1890 296.729410
  1895 294.085178
  1900 292.714650
  1905 294.291240
  1910 292.704564
  1915 298.186974
  1920 293.441564
  1925 305.128433
  1930 303.529338
  1935 294.137369
  1940 300.137302
  1945 300.662036
  1950 296.567492
  1955 290.915864
  1960 297.904023
  1965 301.499501
  1970 299.540815
  1975 302.381236
  1980 293.315798
  1985 292.121128
  1990 293.672523
  1995 300.722538
  2000 294.814893
  2005 293.193765
  2010 296.877082
  2015 300.771169
  2020 291.865038
  2025 305.191425
  2030 301.899884
  2035 291.934167
  2040 293.799346
  2045 300.279460
  2050 300.088325
  2055 294.242760
  2060 305.570856
  2065 293.355611
  2070 301.606185
  2075 293.077177
  2080 298.869094
  2085 296.394104
  2090 296.068102
  2095 300.180072
  2100 301.555429
  2105 293.037323
  2110 294.241604
  2115 299.378510
  2120 301.353777
  2125 303.370431
  2130 300.586289
  2135 303.943335
  2140 294.124392
  2145 297.206524
  2150 293.164675
  2155 291.307870
  2160 304.668580
  2165 298.108700
  2170 297.685274
  2175 302.685715
  2180 293.905366
  2185 293.029021
  2190 295.028965
  2195 297.703616
  2200 304.215328
  2205 297.095830
  2210 301.960825
  2215 304.986635
  2220 298.745429
  2225 294.065494
  2230 298.578243
  2235 294.716481
  2240 303.650551
  2245 298.141086
  2250 291.645369
  2255 301.006007
  2260 296.689306
  2265 301.994845
  2270 292.015683
  2275 303.839221
  2280 293.024540
  2285 290.814132
  2290 302.770684
  2295 291.686124
  2300 292.787392
  2305 297.647567
  2310 301.734705
  2315 297.386006
  2320 300.557867
  2325 304.312460
  2330 300.714154
  2335 297.253461
  2340 303.526802
  2345 304.074218
  2350 298.187222
  2355 305.425618
  2360 292.659343
  2365 290.868661
  2370 292.702222
  2375 292.361094
  2380 298.127349
  2385 300.595854
  2390 298.535756
  2395 304.688937
  2400 294.983109
  2405 293.208233
  2410 297.503634
  2415 304.685433
  2420 304.081893
  2425 291.202729
  2430 292.048343
  2435 305.595475
  2440 297.411719
  2445 303.546526
  2450 291.628312
  2455 295.041636
  2460 304.590351
  2465 297.518376
  2470 304.312534
  2475 304.163085
  2480 295.854758
  2485 302.221257
  2490 296.886648
  2495 295.311104
  2500 302.117139
  2505 303.900606
  2510 292.367195
  2515 298.636583
  2520 304.496525
  2525 294.527312
  2530 291.407015
  2535 292.358550
  2540 292.192860
  2545 305.639476
  2550 291.171739
  2555 300.470321
  2560 296.153650
  2565 297.312491
  2570 298.080309
  2575 304.460457
  2580 304.469301
  2585 295.538758
  2590 301.375067
  2595 297.062895
  2600 297.237769
  2605 293.663945
  2610 301.675757
  2615 296.817061
  2620 296.744794
  2625 301.773010
  2630 304.257585
  2635 295.223690
  2640 300.514760
  2645 304.908511
  2650 295.434687
  2655 304.948040
  2660 299.046650
  2665 300.371582
  2670 303.493905
  2675 294.174631
  2680 301.559342
  2685 302.779896
  2690 294.872366
  2695 298.884760
  2700 302.482733
  2705 290.834494
  2710 299.697460
  2715 295.258840
  2720 292.079307
  2725 296.242283
  2730 305.121737
  2735 297.905319
  2740 294.773389
  2745 295.319914
  2750 294.220421
  2755 291.636835
  2760 293.922283
  2765 293.628885
  2770 298.897832
  2775 299.187171
  2780 299.793928
  2785 300.231430
  2790 297.040211
  2795 295.108583
  2800 293.561152
  2805 295.168740
  2810 301.227487
  2815 300.901401
  2820 294.065133
  2825 298.085470
  2830 304.401964
  2835 293.273341
  2840 300.751221
  2845 292.546749
  2850 294.705009
  2855 295.892128
  2860 300.977195
  2865 298.143848
  2870 296.540389
  2875 298.627451
  2880 303.585950
  2885 291.306584
  2890 296.116972
  2895 290.850203
  2900 301.581428
  2905 291.610422
  2910 294.370293
  2915 290.956964
  2920 295.845557
  2925 293.627362
  2930 302.757459
  2935 293.429809
  2940 304.137362
  2945 296.175751
  2950 300.628549
  2955 297.468669
  2960 298.885707
  2965 295.378556
  2970 302.359704
  2975 304.095567
  2980 303.706814
  2985 299.481116
  2990 291.601203
  2995 299.674327
  3000 299.278845
  3005 296.249733
  3010 293.090088
  3015 295.584060
  3020 297.493333
  3025 300.258990
  3030 302.332341
  3035 294.199872
  3040 303.968859
  3045 300.102823
  3050 292.293089
  3055 301.524715
  3060 300.303980
  3065 292.517919
  3070 300.758070
  3075 292.611737
  3080 300.231392
  3085 297.783062
  3090 298.370156
  3095 293.636434
  3100 291.188540
  3105 297.466887
  3110 300.247770
  3115 298.352985
  3120 305.157921
  3125 295.172097
  3130 299.463757
  3135 304.833330
  3140 300.960438
  3145 302.838529
  3150 302.969239
  3155 300.150772
  3160 301.589133
  3165 292.441773
  3170 298.933983
  3175 299.817792
  3180 292.427612
  3185 295.189407
  3190 304.637955
  3195 295.406496
  3200 302.579731
  3205 303.795218
  3210 303.602139
  3215 292.111723
  3220 300.695134
  3225 300.410917
  3230 296.305070
  3235 302.556827
  3240 301.358639
  3245 293.986968
  3250 304.680681
  3255 303.274002
  3260 304.350031
  3265 292.409508
  3270 302.232256
  3275 298.780663
  3280 291.822729
  3285 294.519011
  3290 290.957593
  3295 292.743468
  3300 292.535325
  3305 294.722369
  3310 293.582177
  3315 300.930503
  3320 303.474406
  3325 294.049847
  3330 300.925168
  3335 295.910411
  3340 300.286846
  3345 295.098105
  3350 302.492548
  3355 299.854267
  3360 304.001179
  3365 294.187219
  3370 303.196882
  3375 293.940671
  3380 296.197866
  3385 304.397057
  3390 293.201732
  3395 301.126522
  3400 296.137486
  3405 293.240639
  3410 297.582651
  3415 292.051070
  3420 296.674937
  3425 293.829634
  3430 299.212294
  3435 297.894014
  3440 301.913584
  3445 292.996084
  3450 293.181634
  3455 302.232415
  3460 291.034952
  3465 293.838808
  3470 304.855543
  3475 303.152706
  3480 304.823110
  3485 302.697442
  3490 303.647986
  3495 291.847901
  3500 299.140360
  3505 293.416352
  3510 296.401005
  3515 299.742075
  3520 298.674250
  3525 291.911439
  3530 301.405135
  3535 304.911638
  3540 298.702274
  3545 294.041016
  3550 293.017476
  3555 303.583558
  3560 298.926322
  3565 299.779016
  3570 303.801939
  3575 295.461181
  3580 293.537460
  3585 303.502934
  3590 291.886861
  3595 292.417873
  3600 298.023968
  3605 290.944952
  3610 294.874925
  3615 304.665641
  3620 294.884891
  3625 294.041843
  3630 294.163540
  3635 301.650135
  3640 305.554876
  3645 302.133086
  3650 303.715223
  3655 303.188124
  3660 303.224394
  3665 293.522335
  3670 305.644626
  3675 291.080852
  3680 292.463780
  3685 305.034959
  3690 296.353343
  3695 297.717122
  3700 292.462548
  3705 298.787942
  3710 301.259388
  3715 296.442176
  3720 300.242357
  3725 295.806163
  3730 305.582445
  3735 292.789572
  3740 304.621789
  3745 295.674904
  3750 298.177418
  3755 298.644031
  3760 298.002164
  3765 305.268169
  3770 294.166350
  3775 297.876166
  3780 301.138893
  3785 301.477975
  3790 291.864266
  3795 294.214649
  3800 294.537910
  3805 298.154089
  3810 292.738790
  3815 303.035446
  3820 304.565134
  3825 290.832580
  3830 304.718975
  3835 300.627453
  3840 298.706196
  3845 304.499653
  3850 293.158243
  3855 291.512787
  3860 291.168243
  3865 304.611055
  3870 303.702662
  3875 299.601182
  3880 292.510818
  3885 300.963114
  3890 291.480439
  3895 296.563542
  3900 293.527395
  3905 305.494524
  3910 301.922179
  3915 293.527703
  3920 303.639039
  3925 292.349022
  3930 304.200548
  3935 291.225929
  3940 300.258749
  3945 298.652233
  3950 295.078984
  3955 298.649398
  3960 303.288777
  3965 294.508186
  3970 297.024612
  3975 295.573858
  3980 293.573460
  3985 301.496454
  3990 300.020401
  3995 305.057929
  4000 302.199718
  4005 297.950079
  4010 299.799922
  4015 300.418035
  4020 296.793488
  4025 302.712067
  4030 299.278454
  4035 295.953549
  4040 293.196501
  4045 296.521449
  4050 303.415989
  4055 303.993451
  4060 293.545171
  4065 305.313195
  4070 290.733283
  4075 297.497772
  4080 292.123660
  4085 303.766916
  4090 297.424676
  4095 301.403187
  4100 299.314844
  4105 302.389631
  4110 301.307973
  4115 302.331966
  4120 297.494343
  4125 295.073341
  4130 301.619537
  4135 291.377942
  4140 292.451318
  4145 296.680264
  4150 302.454044
  4155 304.275627
  4160 297.853731
  4165 295.039049
  4170 301.639157
  4175 297.458723
  4180 302.613010
  4185 292.812669
  4190 302.485905
  4195 291.351970
  4200 296.116527
  4205 294.095413
  4210 292.424079
  4215 303.324337
  4220 305.498496
  4225 293.972459
  4230 294.934256
  4235 294.012007
  4240 296.353973
  4245 302.813189
  4250 292.605330
  4255 304.735037
  4260 298.162675
  4265 298.745313
  4270 294.870212
  4275 298.743391
  4280 305.013368
  4285 300.035219
  4290 303.167716
  4295 298.036029
  4300 303.331049
  4305 294.142920
  4310 297.319563
  4315 296.240954
  4320 298.939357
  4325 303.945417
  4330 297.490476
  4335 304.114886
  4340 300.921585
  4345 303.739781
  4350 294.304133
  4355 294.482981
  4360 298.887545
  4365 293.857642
  4370 296.544174
  4375 291.559019
  4380 295.669206
  4385 299.650332
  4390 301.118703
  4395 299.206480
  4400 299.279806
  4405 297.677306
  4410 290.822000
  4415 301.407313
  4420 298.250913
  4425 293.661099
  4430 301.274004
  4435 300.973631
  4440 297.994019
  4445 303.604361
  4450 300.943457
  4455 297.790766
  4460 298.761465
  4465 304.949547
  4470 298.905886
  4475 302.224119
  4480 294.186470
  4485 301.720138
  4490 291.306983
  4495 300.075119
  4500 291.376994
  4505 302.104776
  4510 302.796091
  4515 298.043751
  4520 305.235602
  4525 302.785496
  4530 303.163632
  4535 300.036760
  4540 297.220979
  4545 302.869610
  4550 305.466061
  4555 291.758496
  4560 293.382814
  4565 296.319852
  4570 302.628796
  4575 301.676345
  4580 301.181620
  4585 304.573553
  4590 291.730817
  4595 299.654020
  4600 294.966114
  4605 300.617126
  4610 299.592737
  4615 296.867106
  4620 301.376865
  4625 295.393162
  4630 302.640536
  4635 300.845024
  4640 302.375030
  4645 302.241831
  4650 297.538242
  4655 301.865197
  4660 302.848484
  4665 299.377214
  4670 299.182288
  4675 293.122150
  4680 298.790603
  4685 302.585199
  4690 295.281601
  4695 292.557496
  4700 297.545036
  4705 305.000154
  4710 305.547137
  4715 296.834496
  4720 298.989359
  4725 301.376036
  4730 300.638643
  4735 295.501712
  4740 295.908769
  4745 292.019693
  4750 294.645201
  4755 293.623452
  4760 302.725796
  4765 303.475031
  4770 292.083665
  4775 299.972256
  4780 295.950008
  4785 293.757202
  4790 294.422679
  4795 291.012235
  4800 297.811347
  4805 298.926215
  4810 302.388092
  4815 297.091618
  4820 291.578178
  4825 292.434661
  4830 301.131018
  4835 293.679674
  4840 294.329036
  4845 293.804040
  4850 295.901901
  4855 299.649098
  4860 292.945776
  4865 302.422476
  4870 300.630619
  4875 292.590174
  4880 297.301287
  4885 294.745419
  4890 299.764737
  4895 303.241952
  4900 304.866262
  4905 294.130682
  4910 294.964945
  4915 297.374162
  4920 303.461407
  4925 304.256119
  4930 295.147830
  4935 300.906330
  4940 304.870423
  4945 293.763935
  4950 296.715959
  4955 291.480280
  4960 301.609848
  4965 303.983235
  4970 292.396044
  4975 302.849112
  4980 299.759518
  4985 297.516505
  4990 299.737474
  4995 299.475331
  5000 302.282550
  5005 300.114343
  5010 300.287609
  5015 303.882508
  5020 301.511473
  5025 300.692950
  5030 291.031683
  5035 300.569311
  5040 302.324118
  5045 293.633519
  5050 294.259086
  5055 299.385076
  5060 298.028566
  5065 291.769418
  5070 301.256635
  5075 302.357899
  5080 297.852301
  5085 301.463105
  5090 290.689268
  5095 303.970437
  5100 296.785786
  5105 293.440385
  5110 291.904560
  5115 305.314205
  5120 296.216590
  5125 294.971339
  5130 301.494473
  5135 299.474930
  5140 300.067142
  5145 292.047130
  5150 302.263137
  5155 295.221328
  5160 295.803084
  5165 305.577590
  5170 301.693177
  5175 295.437095
  5180 304.590261
  5185 302.237576
  5190 301.778221
  5195 297.045140
  5200 301.572046
  5205 300.002243
  5210 301.832396
  5215 297.572061
  5220 300.615809
  5225 293.677846
  5230 299.655337
  5235 291.930770
  5240 297.027398
  5245 304.668546
  5250 291.860907
  5255 299.210201
  5260 298.881910
  5265 304.741765
  5270 294.930084
  5275 300.374526
  5280 302.211501
  5285 301.045530
  5290 304.071462
  5295 295.502307
  5300 305.396033
  5305 290.796247
  5310 301.205139
  5315 295.359028
  5320 298.999128
  5325 302.270227
  5330 300.839135
  5335 293.664892
  5340 300.440099
  5345 295.462569
  5350 305.350823
  5355 301.224954
  5360 295.809059
  5365 303.948137
  5370 292.309428
  5375 302.470038
  5380 297.093419
  5385 299.464188
  5390 301.666444
  5395 296.585484
  5400 303.020819
  5405 293.956303
  5410 299.091701
  5415 302.838006
  5420 298.878829
  5425 302.945977
  5430 302.443648
  5435 305.428016
  5440 292.740179
  5445 293.715060
  5450 303.608339
  5455 301.529834
  5460 293.362812
  5465 301.836299
  5470 291.284242
  5475 293.653419
  5480 292.789424
  5485 303.207493
  5490 298.064898
  5495 300.721097
  5500 293.853354
  5505 299.006762
  5510 304.864155
  5515 298.222342
  5520 303.259719
  5525 300.786954
  5530 294.483708
  5535 292.082251
  5540 296.377710
  5545 296.710586
  5550 303.029800
  5555 292.460451
  5560 294.175500
  5565 294.017947
  5570 293.474348
  5575 294.333507
  5580 293.128196
  5585 293.702019
  5590 300.882797
  5595 292.391325
  5600 295.098517
  5605 304.769545
  5610 294.556349
  5615 292.379526
  5620 297.119470
  5625 299.935228
  5630 304.861561
  5635 296.115114
  5640 302.036072
  5645 297.774334
  5650 300.796959
  5655 305.497100
  5660 304.179168
  5665 294.350941
  5670 298.573730
  5675 299.854465
  5680 304.104364
  5685 301.908617
  5690 305.144797
  5695 299.043782
  5700 302.803155
  5705 299.134767
  5710 298.095113
  5715 304.837487
  5720 297.418152
  5725 292.861273
  5730 303.094496
  5735 303.460896
  5740 290.726122
  5745 305.196684
  5750 295.904906
  5755 302.628336
  5760 297.067799
  5765 294.083908
  5770 305.180368
  5775 303.902490
  5780 301.766363
  5785 292.223187
  5790 295.569180
  5795 302.706252
  5800 294.488532
  5805 295.361743
  5810 292.369631
  5815 295.464672
  5820 296.319668
  5825 293.171312
  5830 292.806028
  5835 293.020798
  5840 292.092261
  5845 299.922094
  5850 300.558471
  5855 294.798777
  5860 295.284037
  5865 293.444163
  5870 305.030210
  5875 298.673257
  5880 305.309513
  5885 302.982993
  5890 297.851655
  5895 299.072507
  5900 299.058446
  5905 304.368860
  5910 294.843731
  5915 293.521355
  5920 296.047373
  5925 304.946912
  5930 302.335684
  5935 304.113800
  5940 292.698301
  5945 294.393283
  5950 297.872493
  5955 300.286833
  5960 291.673117
  5965 304.591334
  5970 303.481757
  5975 299.754242
  5980 296.561456
  5985 301.312471
  5990 305.512164
  5995 298.740248
  6000 301.907949
  6005 297.337400
  6010 302.256580
  6015 305.239413
  6020 290.950401
  6025 292.977614
  6030 292.679231
  6035 297.104705
  6040 303.719848
  6045 295.941902
  6050 294.126919
  6055 304.504567
  6060 303.247766
  6065 294.312372
  6070 292.057548
  6075 293.130514
  6080 292.039138
  6085 302.809115
  6090 296.649120
  6095 290.913301
  6100 296.366348
  6105 303.752170
  6110 299.188994
  6115 297.892489
  6120 294.292263
  6125 295.437322
  6130 292.954100
  6135 297.141786
  6140 291.471405
  6145 302.849023
  6150 304.458133
  6155 305.288803
  6160 298.217482
  6165 303.830787
  6170 301.780781
  6175 297.263857
  6180 304.421407
  6185 299.120726
  6190 301.933304
  6195 298.800185
  6200 299.269016
  6205 296.674990
  6210 296.834067
  6215 290.753541
  6220 292.572581
  6225 302.162951
  6230 296.739907
  6235 300.882261
  6240 305.476441
  6245 294.138319
  6250 301.713717
  6255 292.400544
  6260 304.693469
  6265 292.923069
  6270 300.743160
  6275 297.896074
  6280 304.679541
  6285 303.748753
  6290 304.244508
  6295 296.935940
  6300 301.722607
  6305 291.357742
  6310 304.117128
  6315 298.041088
  6320 301.280002
  6325 302.579069
  6330 295.143429
  6335 299.500236
  6340 303.689321
  6345 301.963260
  6350 304.071096
  6355 305.594217
  6360 302.489944
  6365 295.330680
  6370 304.431636
  6375 295.136864
  6380 295.597677
  6385 301.817107
  6390 299.199832
  6395 293.749982
  6400 295.318520
  6405 301.783491
  6410 294.562144
  6415 305.440828
  6420 294.704369
  6425 303.548842
  6430 295.340737
  6435 295.709662
  6440 301.482498
  6445 295.459704
  6450 297.028508
  6455 303.773912
  6460 302.880054
  6465 291.300785
  6470 299.061094
  6475 296.653485
  6480 298.870223
  6485 292.025775
  6490 295.533714
  6495 304.457615
  6500 292.560848
  6505 302.610980
  6510 301.361813
  6515 304.042629
  6520 302.762382
  6525 299.169793
  6530 292.046756
  6535 295.346029
  6540 304.844289
  6545 304.188971
  6550 304.690647
  6555 300.087795
  6560 300.184960
  6565 291.511731
  6570 305.014144
  6575 304.075977
  6580 296.810283
  6585 299.640740
  6590 299.479259
  6595 300.012077
  6600 291.086609
  6605 296.552946
  6610 296.706603
  6615 292.697541
  6620 294.380586
  6625 300.956176
  6630 294.569133
  6635 301.725439
  6640 298.252824
  6645 293.215638
  6650 299.440648
  6655 295.244549
  6660 300.722529
  6665 291.944840
  6670 298.196793
  6675 300.660405
  6680 293.780441
  6685 292.097098
  6690 293.744989
  6695 298.530941
  6700 292.685842
  6705 294.610246
  6710 301.582006
  6715 303.872888
  6720 293.916649
  6725 300.626535
  6730 295.106451
  6735 294.662534
  6740 302.543303
  6745 297.581712
  6750 291.419363
  6755 296.629457
  6760 301.282158
  6765 292.823792
  6770 304.668825
  6775 292.714983
  6780 290.748554
  6785 294.838613
  6790 298.907250
  6795 295.197041
  6800 299.271686
  6805 291.137521
  6810 298.428180
  6815 296.348712
  6820 291.206545
  6825 304.434574
  6830 292.699373
  6835 295.625242
  6840 292.555198
  6845 294.607695
  6850 292.068113
  6855 291.043057
  6860 301.106991
  6865 292.236795
  6870 291.561838
  6875 304.673860
  6880 304.503773
  6885 294.726776
  6890 296.919327
  6895 304.104350
  6900 301.589724
  6905 302.782025
  6910 300.350569
  6915 300.067472
  6920 298.607756
  6925 304.278848
  6930 292.834398
  6935 290.836223
  6940 290.885298
  6945 299.960489
  6950 301.640383
  6955 293.256581
  6960 292.315181
  6965 297.517235
  6970 301.260372
  6975 299.286312
  6980 300.047995
  6985 299.076157
  6990 297.100514
  6995 298.040988
  7000 303.352921
  7005 301.916056
  7010 299.893676
  7015 291.127185
  7020 305.483497
  7025 302.165979
  7030 302.807112
  7035 297.983693
  7040 299.732131
  7045 297.046307
  7050 303.422974
  7055 296.738071
  7060 292.301298
  7065 302.429587
  7070 299.601698
  7075 304.801303
  7080 292.275042
  7085 296.852609
  7090 298.448368
  7095 296.023393
  7100 305.485340
  7105 295.962720
  7110 290.745947
  7115 292.540426
  7120 304.438178
  7125 291.337064
  7130 295.070063
  7135 301.184340
  7140 292.819600
  7145 294.578606
  7150 301.469729
  7155 295.684812
  7160 296.022633
  7165 300.249291
  7170 294.178336
  7175 294.406392
  7180 305.299837
  7185 291.870745
  7190 295.391646
  7195 297.046939
  7200 304.817108
  7205 300.079167
  7210 295.894986
  7215 295.751618
  7220 304.801424
  7225 301.739002
  7230 302.869995
  7235 290.650759
  7240 294.436070
  7245 293.792592
  7250 295.465235
  7255 305.631585
  7260 291.688173
  7265 293.163712
  7270 303.458538
  7275 303.064650
  7280 297.634345
  7285 292.761669
  7290 295.277771
  7295 304.220195
  7300 303.656385
  7305 302.782238
  7310 295.740382
  7315 302.636981
  7320 305.461560
  7325 300.061799
  7330 296.409961
  7335 292.343925
  7340 305.643825
  7345 296.068679
  7350 297.923019
  7355 298.280079
  7360 300.161003
  7365 300.966874
  7370 290.669363
  7375 297.160054
  7380 297.263855
  7385 290.913794
  7390 300.251391
  7395 300.957625
  7400 304.370849
  7405 303.339768
  7410 303.467730
  7415 305.178502
  7420 295.352553
  7425 298.077469
  7430 298.729694
  7435 303.506907
  7440 292.046897
  7445 293.554072
  7450 305.204879
  7455 301.472176
  7460 299.293089
  7465 303.818696
  7470 305.377159
  7475 297.913718
  7480 291.818502
  7485 304.330259
  7490 298.857320
  7495 291.771973
  7500 300.782527
  7505 303.307300
  7510 303.885851
  7515 295.214542
  7520 295.978988
  7525 300.538279
  7530 294.370457
  7535 297.275231
  7540 292.839050
  7545 292.497779
  7550 303.148153
  7555 297.417001
  7560 296.060672
  7565 295.131423
  7570 295.920676
  7575 293.890265
  7580 302.534791
  7585 305.042043
  7590 302.844482
  7595 302.283861
  7600 299.727004
  7605 298.543230
  7610 297.657751
  7615 293.414442
  7620 293.480040
  7625 303.545009
  7630 304.333962
  7635 300.254873
  7640 301.516903
  7645 294.214956
  7650 299.557009
  7655 302.210527
  7660 291.208080
  7665 295.568567
  7670 305.108972
  7675 298.397443
  7680 300.442992
  7685 293.454633
  7690 296.277323
  7695 295.278140
  7700 294.369443
  7705 292.707446
  7710 301.301661
  7715 291.579967
  7720 303.088180
  7725 304.574417
  7730 293.200615
  7735 294.502648
  7740 299.587651
  7745 293.351452
  7750 294.136062
  7755 301.084107
  7760 291.367444
  7765 291.447803
  7770 294.027130
  7775 301.242136
  7780 299.854290
  7785 292.811502
  7790 291.517685
  7795 292.320885
  7800 299.330428
  7805 296.122746
  7810 293.761986
  7815 294.934374
  7820 305.562850
  7825 295.470473
  7830 292.524536
  7835 301.596787
  7840 305.612864
  7845 291.575012
  7850 305.511575
  7855 298.194377
  7860 300.635984
  7865 299.903114
  7870 295.192504
  7875 295.044319
  7880 301.452361
  7885 296.493175
  7890 297.752279
  7895 303.011631
  7900 296.347422
  7905 294.066220
  7910 295.279244
  7915 291.239731
  7920 298.016447
  7925 303.427773
  7930 293.503946
  7935 301.114580
  7940 291.364769
  7945 292.017137
  7950 292.118641
  7955 291.286344
  7960 291.549188
  7965 295.494781
  7970 299.736691
  7975 291.354360
  7980 295.775485
  7985 302.058178
  7990 292.501942
  7995 294.971884
  8000 303.183491
  8005 299.116476
  8010 303.206457
  8015 302.924880
  8020 293.811035
  8025 300.085887
  8030 301.720032
  8035 303.409830
  8040 302.755755
  8045 296.675359
  8050 303.636831
  8055 298.777524
  8060 292.168951
  8065 291.201601
  8070 300.725959
  8075 299.231085
  8080 297.133892
  8085 300.464317
  8090 300.273259
  8095 304.917815
  8100 302.006829
  8105 299.213159
  8110 293.126157
  8115 298.526944
  8120 304.306185
  8125 291.617667
  8130 302.333294
  8135 304.150698
  8140 297.318230
  8145 295.667499
  8150 305.069851
  8155 302.757725
  8160 304.370704
  8165 297.167087
  8170 301.152169
  8175 296.132194
  8180 293.274950
  8185 292.150849
  8190 304.486420
  8195 294.755080
  8200 294.710195
  8205 291.691157
  8210 291.566279
  8215 296.431568
  8220 291.623987
  8225 296.245843
  8230 293.485468
  8235 291.125236
  8240 290.766419
  8245 290.974980
  8250 294.914438
  8255 295.405921
  8260 294.393137
  8265 291.696917
  8270 300.739068
  8275 300.824042
  8280 300.920633
  8285 295.019760
  8290 300.835367
  8295 300.964204
  8300 304.450433
  8305 301.739987
  8310 304.159880
  8315 304.068766
  8320 291.628846
  8325 298.461209
  8330 297.709744
  8335 295.527440
  8340 297.206459
  8345 303.578712
  8350 301.984407
  8355 295.971902
  8360 296.625811
  8365 293.259207
  8370 295.412912
  8375 295.777454
  8380 292.177858
  8385 293.056395
  8390 291.779227
  8395 291.094384
  8400 296.576171
  8405 294.524360
  8410 291.340944
  8415 304.859811
  8420 298.461862
  8425 301.250072
  8430 302.774063
  8435 299.958425
  8440 305.227493
  8445 296.270539
  8450 299.280103
  8455 291.712101
  8460 297.057549
  8465 304.479952
  8470 304.907711
  8475 302.042864
  8480 290.745745
  8485 305.286066
  8490 298.028735
  8495 305.393600
  8500 296.500017
  8505 300.106918
  8510 301.741232
  8515 295.920062
  8520 301.233322
  8525 293.288409
  8530 300.495581
  8535 294.594580
  8540 293.766508
  8545 293.029288
  8550 303.939399
  8555 291.153495
  8560 291.837213
  8565 302.537180
  8570 292.994203
  8575 290.863248
  8580 299.955226
  8585 299.033855
  8590 296.874949
  8595 292.049232
  8600 302.121258
  8605 300.911104
  8610 296.339140
  8615 297.618994
  8620 297.654835
  8625 299.453829
  8630 292.221320
  8635 302.878706
  8640 294.148605
  8645 290.700847
  8650 301.643018
  8655 303.991650
  8660 294.009964
  8665 293.642378
  8670 302.138798
  8675 298.294195
  8680 292.284575
  8685 300.078690
  8690 296.719899
  8695 298.807478
  8700 296.036017
  8705 290.902337
  8710 303.316649
  8715 300.488038
  8720 303.652828
  8725 302.260725
  8730 297.867538
  8735 304.448772
  8740 300.226451
  8745 297.143216
  8750 300.213570
  8755 291.908472
  8760 294.457159
  8765 299.629062
  8770 293.535315
  8775 296.217527
  8780 298.108091
  8785 294.888251
  8790 291.167956
  8795 293.075240
  8800 303.662534
  8805 304.849003
  8810 293.284005
  8815 290.680339
  8820 294.684911
  8825 298.907610
  8830 294.370849
  8835 298.650795
  8840 304.782975
  8845 299.152979
  8850 290.989289
  8855 293.186416
  8860 300.654747
  8865 305.149195
  8870 300.664869
  8875 291.455503
  8880 291.185046
  8885 302.824855
  8890 296.651703
  8895 292.239776
  8900 299.724913
  8905 293.009767
  8910 294.594226
  8915 291.885508
  8920 298.774655
  8925 298.757299
  8930 294.654015
  8935 300.073901
  8940 297.034758
  8945 298.692382
  8950 298.657933
  8955 304.582606
  8960 299.378785
  8965 304.404598
  8970 291.613820
  8975 303.476980
  8980 305.262887
  8985 292.696841
  8990 298.529269
  8995 291.426466
  9000 299.512803
  9005 301.289389
  9010 304.926370
  9015 295.054267
  9020 298.868792
  9025 296.587988
  9030 296.983355
  9035 297.117222
  9040 297.063377
  9045 294.170339
  9050 292.331936
  9055 304.069375
  9060 304.874003
  9065 292.566331
  9070 304.611108
  9075 303.601322
  9080 294.841287
  9085 304.703626
  9090 297.165904
  9095 296.396642
  9100 296.350431
  9105 298.703380
  9110 305.392431
  9115 296.563166
  9120 295.163238
  9125 298.938790
  9130 294.984520
  9135 303.866126
  9140 296.163659
  9145 301.028802
  9150 292.659292
  9155 296.831546
  9160 301.055736
  9165 291.769444
  9170 295.046890
  9175 301.740227
  9180 305.529826
  9185 291.445130
  9190 299.237964
  9195 304.847454
  9200 300.603487
  9205 297.356675
  9210 301.766663
  9215 291.222753
  9220 292.290368
  9225 297.649434
  9230 294.847910
  9235 302.067550
  9240 299.178832
  9245 298.882411
  9250 300.817429
  9255 294.619242
  9260 299.062740
  9265 291.553023
  9270 298.564155
  9275 304.376458
  9280 299.487856
  9285 296.004279
  9290 298.789912
  9295 303.113605
  9300 300.708348
  9305 298.675337
  9310 297.108497
  9315 291.706202
  9320 302.033293
  9325 298.582168
  9330 293.608016
  9335 305.416402
  9340 303.962400
  9345 302.716230
  9350 299.023125
  9355 295.501982
  9360 299.042144
  9365 303.025569
  9370 305.342091
  9375 294.450364
  9380 297.758777
  9385 295.732333
  9390 302.898229
  9395 305.161898
  9400 305.031249
  9405 291.245253
  9410 291.272116
  9415 299.095077
  9420 302.745408
  9425 297.408425
  9430 304.189539
  9435 293.929018
  9440 299.503971
  9445 294.297136
  9450 302.514423
  9455 297.473063
  9460 296.401942
  9465 293.149656
  9470 295.939830
  9475 302.481614
  9480 293.647542
  9485 303.421239
  9490 305.319410
  9495 295.599240
  9500 297.904193
  9505 292.209845
  9510 296.318085
  9515 305.137045
  9520 304.508416
  9525 305.354727
  9530 292.925317
  9535 302.238593
  9540 305.122643
  9545 301.224085
  9550 292.066086
  9555 291.885127
  9560 297.819570
  9565 293.150289
  9570 296.977221
  9575 302.899046
  9580 302.570386
  9585 291.319450
  9590 293.548856
  9595 292.893972
  9600 300.839716
  9605 293.144241
  9610 301.654673
  9615 298.518490
  9620 295.119319
  9625 304.799814
  9630 298.803017
  9635 294.395664
  9640 303.795763
  9645 299.440501
  9650 294.032728
  9655 298.784884
  9660 303.372734
  9665 291.491117
  9670 303.807606
  9675 301.357866
  9680 298.142308
  9685 299.091512
  9690 292.665651
  9695 294.812195
  9700 296.647456
  9705 303.033735
  9710 293.936286
  9715 298.236470
  9720 298.501060
  9725 298.448866
  9730 295.902730
  9735 299.777130
  9740 298.055449
  9745 291.141265
  9750 302.929400
  9755 304.136588
  9760 301.727917
  9765 299.577757
  9770 302.280255
  9775 301.867049
  9780 296.043745
  9785 298.471545
  9790 300.536537
  9795 292.610334
  9800 301.764608
  9805 299.221813
  9810 293.193721
  9815 293.507423
  9820 295.929684
  9825 291.753656
  9830 300.020322
  9835 303.715771
  9840 301.800114
  9845 291.119306
  9850 294.077405
  9855 298.159333
  9860 299.713312
  9865 292.099278
  9870 291.324844
  9875 294.870876
  9880 301.931885
  9885 295.282617
  9890 296.473898
  9895 292.053192
  9900 297.994949
  9905 293.682187
  9910 304.112033
  9915 300.707082
  9920 300.599905
  9925 301.365002
  9930 297.153659
  9935 299.240701
  9940 299.349351
  9945 305.284065
  9950 304.469627
  9955 302.198446
  9960 293.601546
  9965 305.481729
  9970 292.491979
  9975 299.730245
  9980 303.953202
  9985 292.650546
  9990 294.405397
  9995 301.191364
 10000 300.474242
 10005 301.857566
 10010 304.348274
 10015 293.581255
 10020 303.686343
 10025 292.164078
 10030 294.015903
 10035 304.407519
 10040 305.222877
 10045 296.147631
 10050 302.620784
 10055 297.842923
 10060 297.731171
 10065 293.147712
 10070 305.605230
 10075 292.599225
 10080 296.610489
 10085 294.061089
 10090 290.651084
 10095 296.493850
 10100 302.902078
 10105 292.175887
 10110 300.637622
 10115 291.356029
 10120 305.141011
 10125 299.551523
 10130 305.156631
 10135 303.978929
 10140 300.819804
 10145 300.605784
 10150 299.876340
 10155 297.251864
 10160 293.478616
 10165 293.658313
 10170 291.762193
 10175 293.745600
 10180 300.941987
 10185 297.129242
 10190 293.345414
 10195 300.647998
 10200 301.175227
 10205 294.891183
 10210 302.960489
 10215 302.743361
 10220 303.751398
 10225 301.713877
 10230 299.184834
 10235 297.788330
 10240 304.432363
 10245 296.589379
 10250 298.995406
 10255 299.070396
 10260 296.265772
 10265 300.786406
 10270 296.089779
 10275 297.993292
 10280 298.567708
 10285 298.629336
 10290 291.304098
 10295 291.299788
 10300 291.360652
 10305 291.193249
 10310 291.109749
 10315 304.775747
 10320 297.074701
 10325 303.444444
 10330 293.988983
 10335 295.424102
 10340 291.635481
 10345 291.396465
 10350 293.598418
 10355 297.990438
 10360 295.063149
 10365 302.960732
 10370 304.586452
 10375 292.610381
 10380 302.890790
 10385 299.635629
 10390 296.051404
 10395 302.357691
 10400 293.440718
 10405 300.608327
 10410 300.462562
 10415 302.500653
 10420 302.742808
 10425 293.118119
 10430 301.759906
 10435 305.519812
 10440 302.221736
 10445 304.863286
 10450 300.850091
 10455 296.369844
 10460 301.234831
 10465 300.195522
 10470 293.145193
 10475 292.066100
 10480 298.750280
 10485 297.002673
 10490 290.919747
 10495 302.910640
 10500 298.914584
 10505 291.441235
 10510 297.809520
 10515 301.341085
 10520 298.427296
 10525 290.948333
 10530 295.963976
 10535 300.034248
 10540 291.389946
 10545 299.313105
 10550 302.521240
 10555 305.429023
 10560 301.241247
 10565 300.099860
 10570 292.783466
 10575 297.897877
 10580 293.674217
 10585 301.677095
 10590 300.258192
 10595 295.258693
 10600 303.542011
 10605 295.651784
 10610 302.234474
 10615 299.213102
 10620 298.493724
 10625 292.572927
 10630 296.232955
 10635 297.941255
 10640 295.688065
 10645 293.146427
 10650 304.974221
 10655 302.076155
 10660 302.299229
 10665 302.216120
 10670 292.901090
 10675 304.468335
 10680 294.113609
 10685 292.030635
 10690 292.558736
 10695 300.745949
 10700 298.953940
 10705 299.819023
 10710 293.472413
 10715 291.656839
 10720 297.225351
 10725 299.428053
 10730 299.258834
 10735 302.924717
 10740 296.226670
 10745 304.779162
 10750 294.134470
 10755 298.805197
 10760 293.466212
 10765 296.719816
 10770 293.171118
 10775 300.201346
 10780 302.060514
 10785 297.322297
 10790 300.160033
 10795 302.441207
 10800 301.880318
