     5 296.573339
    10 290.777757
    15 298.362393
    20 305.635580
    25 294.545061
    30 291.754320
    35 302.962301
    40 296.634482
    45 292.629711
    50 291.573585
    55 299.940524
    60 294.698600
    65 304.172866
    70 296.042680
    75 292.136337
    80 297.553140
    85 297.208053
    90 300.802158
    95 292.188807
   100 292.921126
   105 296.166056
   110 300.007073
   115 305.607887
   120 298.798966
   125 298.740958
   130 302.382217
   135 299.260400
   140 294.004710
   145 292.754374
   150 299.400507
   155 302.575118
   160 292.645694
   165 292.652078
   170 301.726035
   175 304.156560
   180 297.834844
   185 296.550692
   190 296.286990
   195 292.443821
   200 300.121852
   205 300.665214
   210 291.782627
   215 302.006943
   220 298.706012
   225 291.042310
   230 297.506190
   235 300.731130
   240 302.397785
   245 304.890069
   250 296.614563
   255 297.562192
   260 291.117798
   265 295.225267
   270 300.890105
   275 292.458900
   280 293.012764
   285 302.007449
   290 301.169306
   295 301.584044
   300 297.713570
   305 292.984660
   310 302.082664
   315 297.087654
   320 303.689186
   325 302.291913
   330 299.743835
   335 295.706571
   340 302.817960
   345 300.394349
   350 302.871607
   355 305.603986
   360 298.732707
   365 295.747955
   370 302.591288
   375 301.035300
   380 292.236202
   385 290.856017
   390 293.589348
   395 299.166465
   400 296.725666
   405 296.067921
   410 301.020982
   415 304.752692
   420 298.923557
   425 300.909215
   430 296.969549
   435 297.655444
   440 298.278458
   445 305.459190
   450 294.567747
   455 305.462963
   460 293.395243
   465 294.181979
   470 292.303304
   475 296.023714
   480 304.269003
   485 297.529626
   490 294.418249
   495 300.721958
   500 303.533546
   505 295.047706
   510 304.583319
   515 294.670282
   520 293.721785
   525 295.196120
   530 297.725980
   535 298.823065
   540 292.239487
   545 301.414306
   550 297.969261
   555 291.207033
   560 292.891178
   565 293.458330
   570 298.728779
   575 292.449550
   580 305.576737
   585 296.135631
   590 296.502193
   595 303.254806
   600 294.848557
   605 302.981885
   610 291.760811
   615 297.231894
   620 303.159217
   625 300.953224
   630 297.019123
   635 294.923146
   640 291.628532
   645 304.866733
   650 292.509631
   655 296.927038
   660 300.365329
   665 292.665606
   670 293.803489
   675 302.881650
   680 291.229126
   685 300.276749
   690 295.927942
   695 305.520951
   700 301.396316
   705 292.646599
   710 302.979196
   715 304.186710
   720 302.688936
   725 296.512519
   730 299.185209
   735 294.591314
   740 295.686601
   745 302.272884
   750 305.384834
   755 292.445314
   760 302.817812
   765 294.595345
   770 300.820216
   775 294.721091
   780 299.201452
   785 304.813417
   790 295.443308
   795 300.651892
   800 298.347566
   805 295.869974
   810 294.557327
   815 299.994863
   820 298.899614
   825 296.020756
   830 295.284250
   835 300.310677
   840 294.072227
   845 301.669756
   850 301.040889
   855 292.233429
   860 303.989877
   865 292.119433
   870 291.157338
   875 301.202891
   880 292.154489
   885 305.175815
   890 294.175414
   895 304.008795
   900 299.375287
   905 291.669095
   910 304.656553
   915 296.063672
   920 294.267255
   925 290.712494
   930 303.967702
   935 302.738946
   940 298.554156
   945 304.648778
   950 304.494533
   955 302.429980
   960 295.127824
   965 297.670689
   970 291.036986
   975 295.178972
   980 292.792108
   985 292.584242
   990 302.384342
   995 296.576739
  1000 299.999672
  1005 299.793675
  1010 303.299118
  1015 304.495103
  1020 291.210077
  1025 296.138486
  1030 301.168957
  1035 294.262211
  1040 298.154286
  1045 302.554278
  1050 301.748431
  1055 302.888726
  1060 296.837562
  1065 299.910866
  1070 295.103518
  1075 304.468010
  1080 291.604073
  1085 305.159125
  1090 291.132850
  1095 304.611342
  1100 303.848368
  1105 293.878890
  1110 301.084067
  1115 302.831542
  1120 298.161557
  1125 297.317680
  1130 303.761742
  1135 290.807715
  1140 292.264687
  1145 292.482207
  1150 291.539861
  1155 305.465504
  1160 298.233960
  1165 304.704174
  1170 300.903219
  1175 296.298654
  1180 304.392916
  1185 295.304292
  1190 291.644066
  1195 299.699015
  1200 295.584402
  1205 296.122238
  1210 292.073842
  1215 294.370936
  1220 292.428919
  1225 299.007197
  1230 296.290851
  1235 294.616729
  1240 295.184084
  1245 291.385466
  1250 298.369637
  1255 295.064293
  1260 300.717112
  1265 300.154987
  1270 304.464630
  1275 303.912904
  1280 300.700071
  1285 303.889075
  1290 295.500649
  1295 298.333177
  1300 291.536383
  1305 292.246824
  1310 293.331317
  1315 293.568831
  1320 297.033910
  1325 295.478100
  1330 295.550221
  1335 299.173394
  1340 298.281898
  1345 299.277420
  1350 296.490135
  1355 291.077217
  1360 291.924509
  1365 297.190353
  1370 303.433591
  1375 295.779005
  1380 304.789621
  1385 301.945630
  1390 291.994598
  1395 293.545612
  1400 302.053849
  1405 305.349188
  1410 300.337956
  1415 292.908927
  1420 298.544908
  1425 290.735645
  1430 293.609716
  1435 298.553680
  1440 295.671513
  1445 292.894076
  1450 301.561871
  1455 291.621790
  1460 304.796197
  1465 296.891117
  1470 303.322931
  1475 300.044320
  1480 298.733769
  1485 298.930200
  1490 293.969252
  1495 305.647803
  1500 293.463096
  1505 293.393024
  1510 303.064213
  1515 293.065517
  1520 300.602641
  1525 294.923780
  1530 294.099253
  1535 301.354229
  1540 302.362979
  1545 295.566359
  1550 297.542294
  1555 291.194813
  1560 296.915070
  1565 300.434555
  1570 296.286337
  1575 297.372589
  1580 296.516205
  1585 301.744745
  1590 290.769611
  1595 294.062883
  1600 302.322933
  1605 304.739981
  1610 299.461096
  1615 296.161179
  1620 302.141942
  1625 300.161137
  1630 304.535404
  1635 302.921390
  1640 292.243504
  1645 301.050023
  1650 305.064847
  1655 299.398811
  1660 294.886167
  1665 298.498092
  1670 303.711113
  1675 297.158024
  1680 293.235129
  1685 291.658557
  1690 300.160578
  1695 290.732492
  1700 299.755736
  1705 293.992243
  1710 301.317272
  1715 299.217728
  1720 304.914774
  1725 298.472291
  1730 297.906146
  1735 302.626749
  1740 291.341577
  1745 299.391982
  1750 304.736904
  1755 303.862293
  1760 302.141210
  1765 297.793503
  1770 300.092054
  1775 292.417788
  1780 302.509978
  1785 299.742315
  1790 297.644687
  1795 290.678555
  1800 302.200905
  1805 295.210709
  1810 298.801937
  1815 293.316610
  1820 294.665085
  1825 298.259591
  1830 293.935471
  1835 298.729749
  1840 298.973163
  1845 297.290656
  1850 303.838643
  1855 296.157198
  1860 300.113934
  1865 297.772896
  1870 299.273498
  1875 297.576632
  1880 305.090832
  1885 299.629271
  1890 292.197990
  1895 299.951971
  1900 302.082074
  1905 299.420912
  1910 298.131176
  1915 292.476071
  1920 295.839592
  1925 298.506043
  1930 304.800294
  1935 302.278138
  1940 294.206577
  1945 303.070169
  1950 295.423008
  1955 303.127511
  1960 301.437352
  1965 300.571857
  1970 291.989947
  1975 303.032049
  1980 298.849192
  1985 304.251573
  1990 290.915952
  1995 300.146732
  2000 293.988122
  2005 301.486673
  2010 297.053902
  2015 303.481314
  2020 292.162722
  2025 292.943656
  2030 292.505793
  2035 303.325336
  2040 299.964002
  2045 299.646030
  2050 301.984454
  2055 294.137975
  2060 294.079890
  2065 292.764654
  2070 292.994716
  2075 299.683372
  2080 292.793489
  2085 291.394587
  2090 292.523623
  2095 291.082917
  2100 304.219480
  2105 304.406607
  2110 295.394093
  2115 295.519885
  2120 295.687663
  2125 303.269583
  2130 297.906443
  2135 292.375981
  2140 291.010900
  2145 305.008698
  2150 294.497171
  2155 290.981362
  2160 293.597248
  2165 303.202221
  2170 293.919940
  2175 297.782953
  2180 298.416437
  2185 301.036203
  2190 298.028379
  2195 303.470858
  2200 301.530285
  2205 294.096253
  2210 299.590650
  2215 291.061870
  2220 302.025565
  2225 296.822826
  2230 293.003843
  2235 293.659120
  2240 304.214561
  2245 293.707460
  2250 297.907187
  2255 303.894752
  2260 300.837641
  2265 296.372956
  2270 305.415522
  2275 293.431653
  2280 302.886245
  2285 299.947556
  2290 302.137828
  2295 297.572428
  2300 292.654064
  2305 305.529754
  2310 303.227058
  2315 294.701838
  2320 302.327146
  2325 299.468592
  2330 303.917419
  2335 295.493921
  2340 297.958252
  2345 292.573791
  2350 291.727653
  2355 303.792569
  2360 298.055005
  2365 294.349882
  2370 297.662681
  2375 301.441690
  2380 302.562640
  2385 295.410058
  2390 293.560100
  2395 305.222996
  2400 302.800992
  2405 303.256679
  2410 291.662191
  2415 291.578903
  2420 296.680793
  2425 303.475077
  2430 303.902190
  2435 298.427556
  2440 294.248968
  2445 293.407883
  2450 296.825855
  2455 292.899213
  2460 302.355298
  2465 294.380304
  2470 291.585278
  2475 304.733726
  2480 302.699673
  2485 297.960799
  2490 305.428115
  2495 298.243175
  2500 302.008902
  2505 297.887645
  2510 301.867021
  2515 305.351531
  2520 296.061903
  2525 292.176229
  2530 303.050866
  2535 295.163034
  2540 302.359230
  2545 294.643201
  2550 292.534049
  2555 294.514857
  2560 300.167050
  2565 303.874523
  2570 305.402896
  2575 292.962266
  2580 298.053560
  2585 303.689126
  2590 295.303336
  2595 296.828083
  2600 303.113900
  2605 297.076417
  2610 296.720797
  2615 303.346928
  2620 302.125374
  2625 298.519204
  2630 294.229515
  2635 291.339876
  2640 299.496446
  2645 303.843215
  2650 293.196757
  2655 305.475026
  2660 301.870700
  2665 296.023481
  2670 301.721315
  2675 302.109581
  2680 299.501148
  2685 298.506937
  2690 302.737424
  2695 302.909155
  2700 297.145040
  2705 293.731162
  2710 302.889318
  2715 293.663336
  2720 298.055046
  2725 305.498029
  2730 298.686304
  2735 304.933734
  2740 296.245410
  2745 294.575956
  2750 296.019515
  2755 301.260411
  2760 301.663161
  2765 301.448287
  2770 294.434367
  2775 294.878856
  2780 293.807899
  2785 302.982216
  2790 292.155915
  2795 300.772757
  2800 298.849415
  2805 304.329463
  2810 298.900223
  2815 297.919137
  2820 295.577958
  2825 301.427218
  2830 293.430530
  2835 292.097024
  2840 299.614030
  2845 291.636336
  2850 301.455343
  2855 298.766596
  2860 294.018566
  2865 305.614166
  2870 295.531857
  2875 291.334456
  2880 300.099101
  2885 301.401410
  2890 300.553574
  2895 303.121594
  2900 304.796347
  2905 305.394714
  2910 293.063052
  2915 295.585788
  2920 292.357578
  2925 297.653420
  2930 299.260665
  2935 294.076244
  2940 296.746957
  2945 294.559778
  2950 292.949440
  2955 299.342337
  2960 301.376993
  2965 299.043140
  2970 301.047204
  2975 295.804686
  2980 302.617205
  2985 304.030307
  2990 305.581488
  2995 304.379210
  3000 292.994274
  3005 303.229756
  3010 299.686807
  3015 291.398457
  3020 300.845321
  3025 304.370627
  3030 293.783459
  3035 293.491346
  3040 305.607415
  3045 298.352695
  3050 298.539066
  3055 305.223082
  3060 304.808420
  3065 296.896142
  3070 298.344651
  3075 302.147515
  3080 302.246527
  3085 300.568847
  3090 293.596058
  3095 296.873380
  3100 299.413128
  3105 298.292015
  3110 292.200550
  3115 298.766545
  3120 294.468328
  3125 295.383420
  3130 294.110071
  3135 299.182828
  3140 299.735945
  3145 301.125959
  3150 292.199274
  3155 298.432957
  3160 297.735634
  3165 300.252616
  3170 305.202391
  3175 293.238631
  3180 298.575730
  3185 303.638422
  3190 298.935200
  3195 291.335813
  3200 299.887665
  3205 294.292087
  3210 293.128341
  3215 305.464644
  3220 292.455656
  3225 293.843825
  3230 295.204362
  3235 292.597176
  3240 300.263608
  3245 295.765283
  3250 299.025798
  3255 302.856115
  3260 304.642231
  3265 303.980002
  3270 291.347546
  3275 303.835703
  3280 304.796182
  3285 294.204797
  3290 294.215733
  3295 305.006921
  3300 298.377842
  3305 294.629579
  3310 300.830248
  3315 302.993221
  3320 291.345019
  3325 304.365771
  3330 301.946491
  3335 292.264326
  3340 302.837731
  3345 298.442239
  3350 293.935430
  3355 303.915662
  3360 301.073683
  3365 297.980230
  3370 296.549975
  3375 303.287667
  3380 294.758982
  3385 296.966575
  3390 298.353274
  3395 291.557381
  3400 292.045560
  3405 298.204639
  3410 303.386457
  3415 295.714975
  3420 301.125263
  3425 296.422680
  3430 303.488947
  3435 298.399703
  3440 300.381868
  3445 298.375220
  3450 300.502003
  3455 292.530729
  3460 290.722121
  3465 295.658446
  3470 296.402404
  3475 298.359266
  3480 304.315256
  3485 291.438727
  3490 304.090683
  3495 290.922385
  3500 302.348318
  3505 304.244950
  3510 300.933439
  3515 295.246393
  3520 302.503828
  3525 296.342906
  3530 295.242650
  3535 304.297685
  3540 297.906949
  3545 300.193365
  3550 303.060515
  3555 300.036097
  3560 300.069505
  3565 300.093647
  3570 296.408974
  3575 303.542839
  3580 295.602938
  3585 300.619018
  3590 296.196511
  3595 295.898841
  3600 304.267981
  3605 302.752354
  3610 303.255215
  3615 301.475955
  3620 296.139772
  3625 305.268970
  3630 300.485507
  3635 304.107681
  3640 303.387962
  3645 305.385876
  3650 298.210175
  3655 291.695291
  3660 296.921084
  3665 302.099338
  3670 297.122762
  3675 301.909882
  3680 292.428645
  3685 300.698754
  3690 294.201656
  3695 290.945816
  3700 303.418782
  3705 301.191387
  3710 291.723226
  3715 291.033380
  3720 301.338144
  3725 296.526446
  3730 299.629893
  3735 294.246982
  3740 303.815792
  3745 304.916389
  3750 303.538201
  3755 295.560307
  3760 302.373838
  3765 297.313022
  3770 301.118951
  3775 291.349102
  3780 302.874774
  3785 300.687662
  3790 296.996100
  3795 302.309617
  3800 292.285885
  3805 297.628590
  3810 298.018454
  3815 301.732361
  3820 298.731636
  3825 302.081242
  3830 298.096261
  3835 300.937352
  3840 302.141463
  3845 305.022702
  3850 292.390567
  3855 298.070311
  3860 302.799958
  3865 297.933090
  3870 294.193560
  3875 297.650209
  3880 298.228319
  3885 295.601246
  3890 293.843620
  3895 302.583345
  3900 304.009862
  3905 302.880870
  3910 295.850977
  3915 300.933579
  3920 298.449698
  3925 300.300110
  3930 302.194001
  3935 295.073833
  3940 297.644999
  3945 304.205163
  3950 303.384923
  3955 302.630921
  3960 298.470345
  3965 290.748724
  3970 297.213012
  3975 296.177075
  3980 297.739258
  3985 300.750934
  3990 291.165939
  3995 301.391515
  4000 300.834979
  4005 292.085890
  4010 302.099974
  4015 301.299348
  4020 291.087795
  4025 298.404271
  4030 296.990587
  4035 304.481880
  4040 294.378968
  4045 291.964148
  4050 298.396319
  4055 295.395534
  4060 302.988042
  4065 291.802416
  4070 299.922580
  4075 291.702411
  4080 300.129788
  4085 293.193815
  4090 293.683619
  4095 300.881537
  4100 295.925387
  4105 299.354009
  4110 294.789916
  4115 298.636929
  4120 295.523549
  4125 300.401452
  4130 294.748939
  4135 301.923982
  4140 303.407500
  4145 303.277820
  4150 297.526103
  4155 295.669953
  4160 298.146199
  4165 294.736830
  4170 300.494352
  4175 301.762563
  4180 304.806978
  4185 301.583031
  4190 299.450401
  4195 301.849010
  4200 293.723419
  4205 301.255118
  4210 305.359474
  4215 300.873453
  4220 303.783269
  4225 298.166866
  4230 293.667443
  4235 297.759210
  4240 296.654933
  4245 301.197364
  4250 304.108301
  4255 300.871492
  4260 290.941057
  4265 290.940258
  4270 291.617622
  4275 294.424478
  4280 297.447896
  4285 302.369388
  4290 301.101257
  4295 296.462618
  4300 295.691277
  4305 292.779805
  4310 292.954525
  4315 305.347650
  4320 291.863878
  4325 303.180446
  4330 293.774310
  4335 297.312016
  4340 303.782731
  4345 294.205946
  4350 301.948038
  4355 295.407325
  4360 290.891572
  4365 293.564045
  4370 293.624026
  4375 297.243315
  4380 293.503038
  4385 302.211558
  4390 295.627139
  4395 301.458640
  4400 295.793587
  4405 300.390801
  4410 304.876297
  4415 303.277305
  4420 297.649446
  4425 294.736040
  4430 304.253347
  4435 302.237574
  4440 290.907538
  4445 298.000194
  4450 304.805779
  4455 302.944473
  4460 293.335159
  4465 291.815871
  4470 300.653184
  4475 301.016907
  4480 294.959572
  4485 291.323628
  4490 295.653351
  4495 299.411885
  4500 304.317130
  4505 304.581082
  4510 298.095085
  4515 294.020159
  4520 304.973226
  4525 299.986382
  4530 291.466139
  4535 301.145371
  4540 291.996970
  4545 291.889106
  4550 303.817154
  4555 290.964561
  4560 304.122010
  4565 297.541665
  4570 303.088420
  4575 301.044481
  4580 292.767613
  4585 304.954536
  4590 304.202412
  4595 303.158318
  4600 296.030572
  4605 303.337569
  4610 295.914389
  4615 305.120815
  4620 294.425941
  4625 297.656189
  4630 295.312343
  4635 296.084916
  4640 304.768974
  4645 291.572783
  4650 301.290249
  4655 301.909397
  4660 304.438948
  4665 301.932226
  4670 298.678481
  4675 291.456581
  4680 303.846361
  4685 296.030062
  4690 296.614182
  4695 296.234031
  4700 294.492713
  4705 292.848080
  4710 302.842231
  4715 299.207867
  4720 303.245474
  4725 300.224281
  4730 300.167103
  4735 296.143133
  4740 302.440025
  4745 293.818166
  4750 305.603286
  4755 294.494191
  4760 300.498537
  4765 295.346281
  4770 291.508026
  4775 298.259492
  4780 293.535971
  4785 297.067306
  4790 304.842871
  4795 302.680871
  4800 304.600450
  4805 299.420202
  4810 304.334838
  4815 295.940766
  4820 292.587122
  4825 296.324306
  4830 296.033729
  4835 297.825483
  4840 292.865863
  4845 299.898304
  4850 296.455223
  4855 304.223492
  4860 300.417400
  4865 291.866479
  4870 303.918813
  4875 297.005808
  4880 297.188644
  4885 301.381020
  4890 299.291409
  4895 300.120557
  4900 301.138625
  4905 300.429051
  4910 304.583249
  4915 293.737080
  4920 297.400816
  4925 296.016309
  4930 300.990820
  4935 303.114550
  4940 301.811124
  4945 303.003935
  4950 302.058570
  4955 293.120932
  4960 291.023291
  4965 292.369169
  4970 298.363255
  4975 296.373463
  4980 302.028521
  4985 294.423469
  4990 296.508032
  4995 304.089197
  5000 294.670089
  5005 293.888813
  5010 304.787452
  5015 297.593609
  5020 299.173490
  5025 300.453312
  5030 302.352781
  5035 293.885209
  5040 294.486601
  5045 292.785450
  5050 293.377830
  5055 296.372750
  5060 297.490048
  5065 302.796212
  5070 294.083427
  5075 291.353668
  5080 293.284864
  5085 293.555741
  5090 293.721599
  5095 298.389206
  5100 294.388086
  5105 304.041211
  5110 292.412159
  5115 293.869657
  5120 304.971766
  5125 291.341520
  5130 290.783457
  5135 299.229506
  5140 303.122032
  5145 303.708964
  5150 303.425439
  5155 297.293486
  5160 303.273280
  5165 295.712615
  5170 304.209110
  5175 291.076037
  5180 297.377680
  5185 295.662780
  5190 293.890648
  5195 304.696537
  5200 301.920975
  5205 295.443943
  5210 292.662136
  5215 298.500745
  5220 293.787757
  5225 303.776679
  5230 291.021346
  5235 300.639636
  5240 304.483606
  5245 290.825637
  5250 291.516474
  5255 304.676121
  5260 304.168693
  5265 293.878504
  5270 299.649833
  5275 295.055899
  5280 290.923370
  5285 290.869031
  5290 305.566578
  5295 293.262819
  5300 299.599868
  5305 297.536768
  5310 298.393267
  5315 302.180067
  5320 302.901071
  5325 291.409865
  5330 292.522371
  5335 293.469324
  5340 294.988163
  5345 291.744087
  5350 299.953168
  5355 304.072035
  5360 291.600938
  5365 301.045614
  5370 298.516526
  5375 303.026086
  5380 296.047426
  5385 301.441917
  5390 296.716370
  5395 291.012193
  5400 296.938950
  5405 291.712453
  5410 295.720341
  5415 298.413009
  5420 300.617617
  5425 301.701685
  5430 305.075110
  5435 295.950300
  5440 301.374325
  5445 302.070970
  5450 302.439064
  5455 294.669233
  5460 290.881727
  5465 295.206329
  5470 303.960331
  5475 290.670154
  5480 297.161485
  5485 297.354418
  5490 291.894548
  5495 298.015233
  5500 295.188005
  5505 293.424978
  5510 300.630559
  5515 293.898658
  5520 300.417947
  5525 300.786105
  5530 299.634491
  5535 302.715053
  5540 305.004656
  5545 302.308852
  5550 297.123443
  5555 301.692581
  5560 292.612203
  5565 292.670825
  5570 301.920352
  5575 298.937054
  5580 291.654675
  5585 305.521500
  5590 294.284471
  5595 297.533455
  5600 292.276095
  5605 302.907811
  5610 292.042518
  5615 297.621598
  5620 302.320350
  5625 298.430119
  5630 303.472231
  5635 300.522238
  5640 298.620366
  5645 303.044468
  5650 295.763054
  5655 296.664787
  5660 299.881915
  5665 305.144608
  5670 293.920244
  5675 299.471007
  5680 296.243710
  5685 292.897175
  5690 291.274703
  5695 298.419831
  5700 299.730298
  5705 301.191222
  5710 295.374137
  5715 298.990075
  5720 297.126156
  5725 298.834617
  5730 296.502132
  5735 304.207194
  5740 295.609791
  5745 296.118768
  5750 305.046396
  5755 295.624589
  5760 297.169842
  5765 291.912759
  5770 300.514077
  5775 295.141208
  5780 292.459015
  5785 296.817402
  5790 299.687545
  5795 301.755069
  5800 300.317165
  5805 296.313813
  5810 299.840784
  5815 297.390851
  5820 297.235217
  5825 291.997108
  5830 297.874883
  5835 300.565356
  5840 301.423221
  5845 299.825346
  5850 297.283827
  5855 303.632541
  5860 305.014824
  5865 292.940537
  5870 292.231286
  5875 296.253269
  5880 297.946606
  5885 291.284273
  5890 303.284098
  5895 295.783884
  5900 302.479907
  5905 298.454702
  5910 296.479777
  5915 292.488019
  5920 301.871179
  5925 301.608485
  5930 305.396884
  5935 295.713542
  5940 291.233585
  5945 295.750529
  5950 293.785649
  5955 303.069966
  5960 305.508114
  5965 304.546766
  5970 290.908666
  5975 303.387699
  5980 295.265056
  5985 293.350690
  5990 295.199587
  5995 293.135117
  6000 303.115409
  6005 295.307236
  6010 298.434124
  6015 291.220938
  6020 296.922267
  6025 293.678094
  6030 299.111015
  6035 293.000153
  6040 296.986915
  6045 298.048839
  6050 290.758545
  6055 294.607280
  6060 292.487623
  6065 293.516893
  6070 293.560783
  6075 299.942057
  6080 293.834111
  6085 304.499529
  6090 302.476831
  6095 300.027207
  6100 303.085943
  6105 305.327872
  6110 295.656668
  6115 301.483983
  6120 293.367511
  6125 297.694253
  6130 297.494790
  6135 305.563541
  6140 299.967237
  6145 298.713223
  6150 301.896527
  6155 297.221156
  6160 297.956267
  6165 304.005666
  6170 304.546128
  6175 297.379815
  6180 304.269824
  6185 301.215753
  6190 298.488013
  6195 290.817678
  6200 296.374029
  6205 293.583415
  6210 304.470549
  6215 298.389014
  6220 296.657258
  6225 303.265063
  6230 297.503012
  6235 299.835843
  6240 304.686979
  6245 301.457558
  6250 294.896289
  6255 294.142855
  6260 297.545938
  6265 301.681955
  6270 301.575349
  6275 294.504483
  6280 303.200847
  6285 290.659896
  6290 295.539338
  6295 303.253905
  6300 294.832182
  6305 303.865708
  6310 296.315682
  6315 292.204579
  6320 295.759343
  6325 299.013797
  6330 294.610903
  6335 297.823603
  6340 296.678717
  6345 300.358147
  6350 304.742114
  6355 301.084546
  6360 305.004928
  6365 294.802216
  6370 304.384253
  6375 295.408518
  6380 295.832122
  6385 302.884948
  6390 299.645109
  6395 304.689913
  6400 298.524151
  6405 296.239210
  6410 303.920027
  6415 294.395645
  6420 293.885950
  6425 292.032106
  6430 291.766095
  6435 298.571235
  6440 295.163650
  6445 293.794287
  6450 300.528540
  6455 296.895208
  6460 291.016259
  6465 292.999417
  6470 300.893227
  6475 302.731122
  6480 305.500266
  6485 290.788138
  6490 299.389738
  6495 291.329669
  6500 294.232195
  6505 302.618234
  6510 301.820746
  6515 303.122755
  6520 299.782573
  6525 291.711512
  6530 298.736676
  6535 296.502451
  6540 293.262593
  6545 302.865661
  6550 305.511809
  6555 304.311390
  6560 294.864704
  6565 292.939074
  6570 299.940053
  6575 301.547126
  6580 295.784076
  6585 294.771205
  6590 304.067073
  6595 303.571525
  6600 294.715892
  6605 291.997116
  6610 301.311082
  6615 294.628082
  6620 295.282464
  6625 295.738082
  6630 298.157711
  6635 303.865736
  6640 296.110568
  6645 301.029471
  6650 296.583769
  6655 299.675579
  6660 304.358046
  6665 290.821590
  6670 300.934931
  6675 304.819267
  6680 295.441882
  6685 294.226567
  6690 291.950195
  6695 292.792200
  6700 294.255534
  6705 304.881032
  6710 301.070552
  6715 304.916763
  6720 302.431016
  6725 291.799216
  6730 304.577877
  6735 290.668043
  6740 300.433077
  6745 299.746128
  6750 294.354735
  6755 299.006071
  6760 290.871052
  6765 292.513640
  6770 299.147346
  6775 301.024604
  6780 291.618741
  6785 303.998844
  6790 305.000269
  6795 297.809709
  6800 290.913870
  6805 298.089107
  6810 297.222056
  6815 299.844004
  6820 291.251983
  6825 305.167476
  6830 302.646111
  6835 292.944227
  6840 295.537869
  6845 298.422254
  6850 294.572575
  6855 299.687030
  6860 304.237230
  6865 291.435791
  6870 297.107043
  6875 293.210970
  6880 300.159313
  6885 302.739491
  6890 297.607602
  6895 302.847885
  6900 298.131088
  6905 302.290318
  6910 295.530013
  6915 300.507473
  6920 300.625472
  6925 292.150621
  6930 305.540826
  6935 291.305635
  6940 296.871199
  6945 297.408000
  6950 291.012946
  6955 303.068629
  6960 293.436463
  6965 301.204758
  6970 305.061926
  6975 296.306688
  6980 298.475175
  6985 305.081907
  6990 304.018506
  6995 299.025892
  7000 298.796171
  7005 302.027055
  7010 298.021149
  7015 298.367620
  7020 293.647387
  7025 303.899844
  7030 297.442694
  7035 293.471452
  7040 302.261652
  7045 304.623968
  7050 303.778025
  7055 301.608681
  7060 301.317701
  7065 298.682819
  7070 297.605697
  7075 296.165458
  7080 296.037474
  7085 297.654257
  7090 292.131292
  7095 303.490134
  7100 304.810179
  7105 295.669790
  7110 292.514677
  7115 292.201963
  7120 302.406920
  7125 294.939380
  7130 299.895861
  7135 292.947447
  7140 292.719327
  7145 295.618480
  7150 302.282700
  7155 294.993015
  7160 297.686185
  7165 300.686829
  7170 297.799648
  7175 294.489930
  7180 298.521172
  7185 301.932392
  7190 292.801930
  7195 297.284742
  7200 300.846214
  7205 294.661202
  7210 297.105442
  7215 295.652964
  7220 292.271866
  7225 291.093800
  7230 301.654049
  7235 301.831437
  7240 299.496238
  7245 296.074676
  7250 305.404192
  7255 292.609350
  7260 292.933230
  7265 295.893063
  7270 293.463389
  7275 298.784139
  7280 291.033676
  7285 292.555809
  7290 291.221876
  7295 295.001332
  7300 301.533704
  7305 298.887235
  7310 299.850009
  7315 299.359039
  7320 300.473882
  7325 293.966155
  7330 292.834947
  7335 301.849829
  7340 305.096620
  7345 291.001778
  7350 303.273693
  7355 304.638821
  7360 301.344015
  7365 303.421815
  7370 294.038543
  7375 302.319702
  7380 299.037311
  7385 302.831714
  7390 300.136279
  7395 302.668143
  7400 303.698903
  7405 301.469282
  7410 301.026537
  7415 305.584381
  7420 293.062367
  7425 304.756153
  7430 295.398802
  7435 299.900254
  7440 295.721357
  7445 300.667359
  7450 293.121725
  7455 292.261842
  7460 293.678479
  7465 297.015618
  7470 299.412951
  7475 294.918775
  7480 303.253881
  7485 303.034105
  7490 293.790733
  7495 297.342260
  7500 301.281406
  7505 291.111220
  7510 305.385560
  7515 305.412970
  7520 294.928646
  7525 302.642724
  7530 304.139184
  7535 295.835183
  7540 290.804807
  7545 294.596638
  7550 294.417690
  7555 295.578415
  7560 295.448276
  7565 304.948883
  7570 301.862329
  7575 304.263448
  7580 296.247277
  7585 292.498103
  7590 298.693624
  7595 292.168334
  7600 296.060702
  7605 302.521679
  7610 304.410025
  7615 299.304779
  7620 290.939012
  7625 300.913812
  7630 292.575237
  7635 299.675316
  7640 302.217467
  7645 299.271902
  7650 291.579867
  7655 299.862808
  7660 304.396883
  7665 297.473311
  7670 295.146056
  7675 293.222662
  7680 304.824533
  7685 295.703414
  7690 299.630947
  7695 293.849058
  7700 302.082321
  7705 302.868368
  7710 293.850520
  7715 303.133165
  7720 303.393490
  7725 302.023014
  7730 297.564470
  7735 303.070408
  7740 290.736904
  7745 301.645783
  7750 304.180058
  7755 293.594212
  7760 291.701616
  7765 300.118295
  7770 297.933061
  7775 291.724006
  7780 303.754065
  7785 300.557896
  7790 296.107891
  7795 293.670292
  7800 295.828915
  7805 293.097310
  7810 305.280729
  7815 295.935712
  7820 291.683200
  7825 300.413720
  7830 301.408319
  7835 297.190581
  7840 302.190752
  7845 292.199900
  7850 305.074674
  7855 302.069495
  7860 302.681777
  7865 300.103936
  7870 300.500251
  7875 291.877145
  7880 293.642202
  7885 303.575449
  7890 304.666976
  7895 300.830121
  7900 294.014321
  7905 297.481088
  7910 303.437569
  7915 296.874944
  7920 298.645068
  7925 292.437224
  7930 301.150596
  7935 294.227363
  7940 303.585971
  7945 299.050069
  7950 300.898883
  7955 299.417830
  7960 302.204040
  7965 301.846420
  7970 290.834639
  7975 295.827436
  7980 291.492334
  7985 296.863112
  7990 294.914219
  7995 296.250046
  8000 301.724589
  8005 291.040958
  8010 291.088682
  8015 296.164851
  8020 297.826123
  8025 295.606706
  8030 298.056067
  8035 291.858753
  8040 300.743333
  8045 302.163598
  8050 297.997681
  8055 290.678671
  8060 291.213921
  8065 304.002971
  8070 297.224693
  8075 295.344344
  8080 301.813971
  8085 304.133731
  8090 302.329737
  8095 301.519577
  8100 305.633700
  8105 299.028596
  8110 296.893797
  8115 296.027645
  8120 298.286715
  8125 296.370630
  8130 300.489205
  8135 299.052779
  8140 303.362860
  8145 302.127606
  8150 303.580424
  8155 305.465508
  8160 297.137090
  8165 298.307197
  8170 295.464675
  8175 299.129882
  8180 290.861835
  8185 304.142876
  8190 301.467329
  8195 302.116461
  8200 293.250400
  8205 302.339342
  8210 293.525750
  8215 291.717452
  8220 304.818526
  8225 292.059190
  8230 290.778962
  8235 293.112354
  8240 299.476816
  8245 301.317520
  8250 302.479449
  8255 304.076190
  8260 294.497292
  8265 295.466690
  8270 300.448705
  8275 292.703544
  8280 303.396917
  8285 291.133186
  8290 301.045723
  8295 297.534172
  8300 298.630676
  8305 301.219014
  8310 291.134561
  8315 298.105251
  8320 299.723055
  8325 304.375150
  8330 294.961719
  8335 300.101282
  8340 303.714375
  8345 301.814838
  8350 296.837159
  8355 300.127271
  8360 293.493390
  8365 296.951904
  8370 291.187087
  8375 291.796230
  8380 304.329955
  8385 291.911825
  8390 290.877107
  8395 297.248898
  8400 299.295596
  8405 294.633047
  8410 303.145667
  8415 292.746541
  8420 299.852461
  8425 303.339580
  8430 305.170235
  8435 297.970611
  8440 303.566519
  8445 302.171243
  8450 301.787073
  8455 295.926276
  8460 298.464679
  8465 301.609173
  8470 300.326694
  8475 291.675231
  8480 297.839834
  8485 294.927408
  8490 299.046751
  8495 291.606264
  8500 303.504247
  8505 301.891166
  8510 303.570776
  8515 298.028710
  8520 296.732913
  8525 300.339348
  8530 291.697609
  8535 297.815172
  8540 304.270675
  8545 302.610256
  8550 303.168395
  8555 298.808838
  8560 299.603993
  8565 290.773424
  8570 302.426283
  8575 304.304428
  8580 304.038548
  8585 296.534779
  8590 300.819208
  8595 305.413392
  8600 301.700482
  8605 300.968089
  8610 302.544009
  8615 300.100799
  8620 297.798088
  8625 304.692843
  8630 295.918756
  8635 290.796714
  8640 297.328930
  8645 290.996128
  8650 295.717146
  8655 302.106187
  8660 302.272940
  8665 302.948671
  8670 292.319863
  8675 303.403582
  8680 301.260145
  8685 300.027150
  8690 296.155078
  8695 300.949175
  8700 304.753665
  8705 303.210347
  8710 296.273898
  8715 298.748044
  8720 301.106632
  8725 291.742379
  8730 298.826097
  8735 295.576021
  8740 304.007117
  8745 293.920948
  8750 303.945842
  8755 298.907843
  8760 305.563104
  8765 296.699757
  8770 293.750740
  8775 298.849533
  8780 304.348634
  8785 296.319019
  8790 299.445823
  8795 299.735508
  8800 301.857190
  8805 301.614534
  8810 297.679103
  8815 292.536929
  8820 293.043100
  8825 291.091596
  8830 291.297506
  8835 298.459414
  8840 297.476773
  8845 305.580949
  8850 293.341433
  8855 293.263506
  8860 293.144317
  8865 304.967167
  8870 296.955814
  8875 295.468958
  8880 290.946293
  8885 298.142427
  8890 293.560372
  8895 290.983222
  8900 294.014647
  8905 293.458546
  8910 294.336413
  8915 297.902019
  8920 302.886961
  8925 294.850766
  8930 303.995764
  8935 298.185669
  8940 296.669809
  8945 297.351249
  8950 297.883830
  8955 293.570149
  8960 300.260091
  8965 299.354418
  8970 296.440677
  8975 303.438754
  8980 303.907064
  8985 302.824401
  8990 297.928287
  8995 305.549053
  9000 292.583131
  9005 293.914423
  9010 290.808809
  9015 302.532619
  9020 304.112285
  9025 296.489842
  9030 300.761132
  9035 297.789172
  9040 296.715999
  9045 303.953825
  9050 299.552846
  9055 295.900538
  9060 294.317128
  9065 300.348742
  9070 294.784118
  9075 302.070774
  9080 305.229268
  9085 302.167462
  9090 291.296060
  9095 292.849195
  9100 294.696502
  9105 294.836089
  9110 302.189021
  9115 294.605024
  9120 296.105626
  9125 304.864518
  9130 296.127361
  9135 295.600856
  9140 294.572069
  9145 304.285068
  9150 296.498849
  9155 298.113987
  9160 292.844494
  9165 302.659111
  9170 299.505190
  9175 304.129854
  9180 301.428296
  9185 296.206177
  9190 298.230298
  9195 302.018992
  9200 293.680690
  9205 303.236696
  9210 297.280459
  9215 301.298143
  9220 300.965163
  9225 290.907839
  9230 304.263727
  9235 296.930713
  9240 299.192528
  9245 301.067856
  9250 301.354128
  9255 292.577098
  9260 294.703218
  9265 301.897909
  9270 299.333523
  9275 293.888701
  9280 291.082034
  9285 302.211464
  9290 296.309854
  9295 293.891634
  9300 296.971365
  9305 300.640624
  9310 305.442988
  9315 293.160401
  9320 294.325066
  9325 297.291543
  9330 302.935365
  9335 302.291283
  9340 297.943528
  9345 293.945048
  9350 298.605415
  9355 292.994821
  9360 296.129071
  9365 297.693608
  9370 302.850140
  9375 299.521973
  9380 300.375172
  9385 294.177791
  9390 292.656698
  9395 299.268372
  9400 291.838822
  9405 305.157773
  9410 298.700831
  9415 293.598331
  9420 301.335380
  9425 297.413029
  9430 296.625498
  9435 297.977797
  9440 301.215855
  9445 300.607876
  9450 291.371604
  9455 304.970379
  9460 294.015294
  9465 291.076336
  9470 299.774720
  9475 292.940951
  9480 300.463630
  9485 304.175641
  9490 293.425247
  9495 294.109727
  9500 304.648744
  9505 302.392415
  9510 302.539042
  9515 297.401246
  9520 303.161295
  9525 294.470033
  9530 299.712982
  9535 300.727841
  9540 299.263820
  9545 301.104147
  9550 305.297705
  9555 296.102043
  9560 300.150206
  9565 298.364325
  9570 292.242856
  9575 296.545637
  9580 294.322211
  9585 301.573884
  9590 303.454381
  9595 304.845360
  9600 294.900073
  9605 298.188700
  9610 296.521167
  9615 293.733044
  9620 300.866240
  9625 291.308221
  9630 298.632238
  9635 292.405502
  9640 302.455947
  9645 299.042785
  9650 292.715186
  9655 303.949856
  9660 295.288127
  9665 295.710486
  9670 292.038586
  9675 297.867440
  9680 301.438127
  9685 297.531834
  9690 293.403836
  9695 301.990986
  9700 300.700545
  9705 302.602139
  9710 302.359186
  9715 296.998158
  9720 293.587946
  9725 297.777682
  9730 293.348060
  9735 303.528441
  9740 299.340979
  9745 305.593062
  9750 294.423157
  9755 301.000808
  9760 300.152500
  9765 293.271070
  9770 296.800153
  9775 293.267063
  9780 305.367655
  9785 295.269382
  9790 300.094373
  9795 291.363363
  9800 300.127016
  9805 299.089764
  9810 299.646785
  9815 305.584705
  9820 300.264112
  9825 303.771329
  9830 305.226624
  9835 303.314968
  9840 305.013255
  9845 305.569508
  9850 293.642940
  9855 304.124625
  9860 299.267410
  9865 297.435942
  9870 295.556671
  9875 292.342060
  9880 292.806162
  9885 305.428242
  9890 300.361435
  9895 294.843216
  9900 300.704598
  9905 297.274501
  9910 298.000834
  9915 295.970858
  9920 294.532349
  9925 301.205121
  9930 297.096880
  9935 304.064851
  9940 305.424379
  9945 293.280061
  9950 296.053876
  9955 297.885653
  9960 297.526079
  9965 302.007926
  9970 295.108605
  9975 301.683091
  9980 296.734273
  9985 304.431651
  9990 290.863694
  9995 304.552380
 10000 304.960068
 10005 304.912967
 10010 295.235492
 10015 299.139035
 10020 301.141056
 10025 292.132563
 10030 305.557386
 10035 304.234270
 10040 295.233950
 10045 297.897909
 10050 291.970426
 10055 303.213084
 10060 296.925679
 10065 304.363783
 10070 303.912459
 10075 299.567062
 10080 294.720199
 10085 291.401390
 10090 301.154652
 10095 297.283507
 10100 299.834069
 10105 293.144535
 10110 305.180108
 10115 304.268652
 10120 296.405807
 10125 304.287043
 10130 297.833823
 10135 300.216699
 10140 304.720767
 10145 299.355151
 10150 300.860725
 10155 290.679049
 10160 305.082427
 10165 297.479212
 10170 292.528347
 10175 297.676764
 10180 299.795644
 10185 299.850752
 10190 299.864554
 10195 296.841680
 10200 291.429208
 10205 291.975320
 10210 295.338301
 10215 298.074214
 10220 294.749425
 10225 295.258023
 10230 304.038064
 10235 296.052983
 10240 302.305836
 10245 293.262234
 10250 290.984435
 10255 293.593413
 10260 290.965920
 10265 304.642750
 10270 291.383306
 10275 294.252651
 10280 302.580215
 10285 293.647275
 10290 300.912093
 10295 299.877574
 10300 291.811385
 10305 304.977790
 10310 299.782368
 10315 302.682584
 10320 305.292239
 10325 293.425820
 10330 300.260115
 10335 299.657470
 10340 302.453233
 10345 291.624037
 10350 298.274259
 10355 292.014095
 10360 297.321414
 10365 298.230237
 10370 304.984949
 10375 290.974983
 10380 305.585072
 10385 296.595979
 10390 297.785001
 10395 302.230203
 10400 303.662712
 10405 291.152391
 10410 304.736400
 10415 304.348572
 10420 294.585381
 10425 295.028507
 10430 293.682561
 10435 302.285641
 10440 304.431553
 10445 295.234423
 10450 295.069584
 10455 298.862610
 10460 299.852638
 10465 294.485453
 10470 295.778704
 10475 305.448464
 10480 292.838086
 10485 296.076161
 10490 292.447690
 10495 303.189908
 10500 296.782008
 10505 293.851523
 10510 293.045703
 10515 294.722291
 10520 303.811960
 10525 294.507497
 10530 291.966527
 10535 300.388900
 10540 305.186040
 10545 297.125871
 10550 291.836183
 10555 305.162319
 10560 302.635458
 10565 303.358740
 10570 291.320891
 10575 297.614859
 10580 293.762239
 10585 300.430791
 10590 300.454022
 10595 291.317677
 10600 296.361217
 10605 293.050611
 10610 297.567863
 10615 295.914451
 10620 294.964444
 10625 299.358430
 10630 300.215403
 10635 300.303823
 10640 305.107602
 10645 304.957720
 10650 291.205254
 10655 293.845549
 10660 294.677050
 10665 294.113553
 10670 294.060953
 10675 291.571358
 10680 302.021492
 10685 299.119718
 10690 291.677921
 10695 294.626125
 10700 297.397116
 10705 299.435372
 10710 292.163699
 10715 297.135994
 10720 304.004069
 10725 298.369048
 10730 303.832986
 10735 296.478427
 10740 297.253244
 10745 296.236084
 10750 293.898044
 10755 291.559702
 10760 295.597270
 10765 298.274850
 10770 291.543459
 10775 300.357031
 10780 301.753005
 10785 292.698553
 10790 301.620590
 10795 300.693602
 10800 291.216219
