     5 296.386530
    10 300.837627
    15 300.815075
    20 301.426845
    25 292.503201
    30 296.988301
    35 304.911335
    40 300.195736
    45 291.436492
    50 299.601295
    55 291.421726
    60 295.993871
    65 300.744102
    70 293.448628
    75 300.860966
    80 290.841625
    85 304.338336
    90 300.627722
    95 300.836733
   100 296.155185
   105 291.498651
   110 294.831788
   115 295.432902
   120 304.646882
   125 299.847429
   130 304.271445
   135 296.172739
   140 303.175184
   145 301.311276
   150 299.068232
   155 303.043074
   160 292.343384
   165 291.278625
   170 299.651984
   175 291.363791
   180 301.474297
   185 296.311381
   190 294.427433
   195 305.123731
   200 300.097775
   205 303.043803
   210 301.566197
   215 295.211882
   220 301.908989
   225 292.775403
   230 293.937058
   235 302.274919
   240 297.071146
   245 302.128345
   250 294.966129
   255 304.542229
   260 294.392721
   265 297.082501
   270 300.631652
   275 294.476828
   280 294.697182
   285 300.152781
   290 299.485867
   295 291.641431
   300 305.184402
   305 305.189565
   310 296.747942
   315 299.388104
   320 298.156677
   325 301.150924
   330 301.008084
   335 293.518701
   340 293.523887
   345 302.498090
   350 301.350945
   355 297.025791
   360 295.630686
   365 301.475914
   370 303.949986
   375 293.092333
   380 296.167532
   385 291.404027
   390 295.409045
   395 299.695436
   400 291.235679
   405 305.447167
   410 291.810596
   415 292.737112
   420 300.926398
   425 295.699875
   430 301.336541
   435 291.612571
   440 291.107601
   445 302.448143
   450 294.879778
   455 297.735362
   460 293.758567
   465 294.392579
   470 295.871292
   475 291.250365
   480 291.067773
   485 299.448860
   490 303.318613
   495 292.443922
   500 294.241601
   505 301.470684
   510 294.520563
   515 304.116193
   520 298.326085
   525 302.677917
   530 304.266457
   535 292.715020
   540 291.694332
   545 295.837842
   550 298.439140
   555 291.702189
   560 301.565246
   565 294.761898
   570 299.857361
   575 295.944102
   580 292.138264
   585 292.883327
   590 302.618428
   595 300.362073
   600 292.707979
   605 299.234108
   610 294.179205
   615 299.736524
   620 294.889299
   625 303.548586
   630 303.322859
   635 294.602173
   640 300.339587
   645 299.325477
   650 295.404754
   655 304.673384
   660 300.839466
   665 302.954973
   670 295.992771
   675 302.637932
   680 292.157460
   685 302.991514
   690 302.357741
   695 299.363178
   700 293.493009
   705 304.230437
   710 304.400833
   715 293.468340
   720 299.688288
   725 302.054620
   730 301.991427
   735 305.490586
   740 294.141932
   745 304.691249
   750 303.440237
   755 299.976304
   760 295.388577
   765 301.824040
   770 297.558938
   775 300.986979
   780 299.676683
   785 295.940597
   790 296.111442
   795 294.412928
   800 295.091290
   805 303.850765
   810 299.575947
   815 292.232499
   820 303.571782
   825 298.534552
   830 295.937810
   835 292.722917
   840 295.879689
   845 302.327279
   850 305.071410
   855 294.891740
   860 299.868501
   865 299.045055
   870 295.510522
   875 302.392946
   880 302.414181
   885 303.802963
   890 298.031699
   895 291.568591
   900 298.235436
   905 295.926385
   910 293.686248
   915 300.442863
   920 297.480321
   925 292.179535
   930 297.349677
   935 301.236718
   940 295.673867
   945 297.725098
   950 295.362705
   955 298.519013
   960 291.470455
   965 295.479359
   970 295.902694
   975 303.804496
   980 296.703672
   985 304.990363
   990 292.889450
   995 295.341143
  1000 302.562909
  1005 297.576673
  1010 302.975366
  1015 297.828164
  1020 298.241460
  1025 296.505839
  1030 296.624094
  1035 301.589384
  1040 298.469369
  1045 298.666535
  1050 302.378237
  1055 294.146069
  1060 302.173189
  1065 294.293877
  1070 291.425508
  1075 291.856267
  1080 302.431244
  1085 293.823998
  1090 295.498683
  1095 293.796249
  1100 291.073129
  1105 293.892823
  1110 304.499851
  1115 302.316057
  1120 299.016797
  1125 291.948044
  1130 305.623846
  1135 304.996027
  1140 293.241555
  1145 294.196483
  1150 301.167081
  1155 300.093862
  1160 297.834165
  1165 296.329521
  1170 296.087511
  1175 295.242275
  1180 300.119255
  1185 294.370799
  1190 296.967113
  1195 291.074257
  1200 300.325995
  1205 291.362402
  1210 293.726930
  1215 303.985601
  1220 302.646436
  1225 299.352465
  1230 295.017875
  1235 305.505239
  1240 296.762179
  1245 301.798603
  1250 292.360199
  1255 302.220976
  1260 303.124910
  1265 297.395489
  1270 298.233688
  1275 296.430456
  1280 300.342652
  1285 293.782957
  1290 303.131176
  1295 291.113092
  1300 305.465017
  1305 294.036094
  1310 303.613445
  1315 298.406970
  1320 299.567416
  1325 305.304766
  1330 300.379844
  1335 303.109190
  1340 304.106638
  1345 303.469549
  1350 295.254286
  1355 292.909204
  1360 305.067661
  1365 301.003204
  1370 303.024674
  1375 290.661529
  1380 298.016447
  1385 291.591989
  1390 296.953454
  1395 304.765316
  1400 292.539928
  1405 293.379829
  1410 295.395719
  1415 295.065288
  1420 295.072703
  1425 303.093507
  1430 291.714323
  1435 300.625749
  1440 292.800652
  1445 298.498166
  1450 297.370788
  1455 303.181963
  1460 294.538179
  1465 291.682107
  1470 304.466402
  1475 299.000908
  1480 297.087636
  1485 291.249682
  1490 297.308806
  1495 296.082626
  1500 303.542596
  1505 301.084749
  1510 299.238666
  1515 292.168228
  1520 300.667432
  1525 300.124383
  1530 293.633741
  1535 293.558730
  1540 301.550634
  1545 291.839759
  1550 293.491131
  1555 299.673886
  1560 300.165879
  1565 294.744306
  1570 299.952268
  1575 298.702636
  1580 296.030592
  1585 292.583911
  1590 298.525361
  1595 301.125447
  1600 295.635967
  1605 302.693770
  1610 299.273513
  1615 301.432930
  1620 299.233590
  1625 295.813116
  1630 301.059866
  1635 303.449470
  1640 298.102379
  1645 298.999759
  1650 298.808410
  1655 297.013833
  1660 300.518806
  1665 303.258657
  1670 305.621742
  1675 296.068795
  1680 300.927965
  1685 295.084102
  1690 299.942269
  1695 296.799161
  1700 298.227349
  1705 295.568178
  1710 298.872253
  1715 290.898623
  1720 296.554015
  1725 291.785418
  1730 293.382087
  1735 300.441285
  1740 303.476539
  1745 300.312510
  1750 303.419454
  1755 293.854911
  1760 296.765605
  1765 304.204349
  1770 302.463627
  1775 305.083179
  1780 290.985550
  1785 292.728701
  1790 296.261871
  1795 291.448806
  1800 303.083599
  1805 301.823636
  1810 304.503827
  1815 295.243276
  1820 299.854397
  1825 301.562145
  1830 295.758753
  1835 301.398780
  1840 303.315507
  1845 300.185049
  1850 297.860838
  1855 297.173054
  1860 297.168296
  1865 291.492331
  1870 302.799884
  1875 303.350487
  1880 297.204953
  1885 300.670364
  1890 297.261088
  1895 291.146593
  1900 297.413122
  1905 304.505175
  1910 302.818528
  1915 305.235483
  1920 296.142091
  1925 300.094163
  1930 297.925156
  1935 296.537899
  1940 291.054916
  1945 297.553962
  1950 302.058205
  1955 293.221499
  1960 304.593402
  1965 296.396029
  1970 303.239058
  1975 303.892513
  1980 290.699761
  1985 297.459164
  1990 292.716031
  1995 299.297658
  2000 295.570242
  2005 301.528925
  2010 293.975048
  2015 296.925412
  2020 294.189315
  2025 294.403104
  2030 301.950393
  2035 298.645529
  2040 301.025330
  2045 291.929475
  2050 293.034931
  2055 298.404097
  2060 303.013144
  2065 292.007703
  2070 299.942631
  2075 292.418299
  2080 301.480854
  2085 301.637726
  2090 302.165127
  2095 291.399508
  2100 304.521026
  2105 299.946262
  2110 303.315103
  2115 290.875215
  2120 304.825003
  2125 295.016908
  2130 304.722386
  2135 294.408493
  2140 295.279410
  2145 295.186314
  2150 303.071596
  2155 291.683309
  2160 292.860372
  2165 301.573934
  2170 294.337274
  2175 293.113415
  2180 295.755897
  2185 304.432002
  2190 304.592201
  2195 305.477324
  2200 303.859551
  2205 292.082426
  2210 292.349047
  2215 300.619347
  2220 298.500765
  2225 303.839661
  2230 298.791520
  2235 292.697039
  2240 304.857871
  2245 305.413590
  2250 295.245341
  2255 302.618080
  2260 298.320797
  2265 295.900874
  2270 300.132718
  2275 294.278897
  2280 305.290441
  2285 293.167131
  2290 291.718604
  2295 302.456288
  2300 294.504215
  2305 291.821886
  2310 305.574496
  2315 298.935375
  2320 292.463833
  2325 298.577867
  2330 290.864762
  2335 295.098566
  2340 296.038241
  2345 293.699740
  2350 298.193490
  2355 302.762444
  2360 300.879619
  2365 301.330143
  2370 291.059454
  2375 300.127812
  2380 297.943957
  2385 294.920480
  2390 304.720995
  2395 292.149604
  2400 291.303239
  2405 293.881955
  2410 300.972371
  2415 302.221597
  2420 295.669926
  2425 300.486842
  2430 300.324169
  2435 292.393683
  2440 302.049819
  2445 303.301513
  2450 293.966328
  2455 302.303066
  2460 300.032488
  2465 296.996410
  2470 302.787820
  2475 294.903537
  2480 292.278655
  2485 295.529122
  2490 300.517014
  2495 296.900724
  2500 298.999277
  2505 304.315351
  2510 303.412622
  2515 295.071763
  2520 299.814978
  2525 297.981836
  2530 295.237309
  2535 291.461471
  2540 293.678885
  2545 294.876947
  2550 292.991686
  2555 294.271386
  2560 293.257042
  2565 296.303641
  2570 294.844613
  2575 300.271907
  2580 294.160963
  2585 293.064893
  2590 299.303855
  2595 303.946043
  2600 294.598229
  2605 291.709129
  2610 296.190870
  2615 300.857975
  2620 296.796807
  2625 295.548031
  2630 295.328435
  2635 292.773676
  2640 303.997682
  2645 291.411709
  2650 293.599816
  2655 296.399224
  2660 295.850297
  2665 300.173847
  2670 302.530388
  2675 292.084158
  2680 292.844415
  2685 297.021042
  2690 303.507321
  2695 304.706978
  2700 292.556012
  2705 301.936901
  2710 303.132784
  2715 291.972238
  2720 299.421881
  2725 295.745535
  2730 297.066604
  2735 300.512880
  2740 300.657993
  2745 299.641914
  2750 290.799110
  2755 305.094697
  2760 292.398343
  2765 304.841144
  2770 303.705705
  2775 295.410948
  2780 298.910871
  2785 293.698666
  2790 291.281174
  2795 304.976908
  2800 291.246667
  2805 291.618053
  2810 300.451550
  2815 292.407681
  2820 302.308564
  2825 291.610787
  2830 299.899444
  2835 297.396630
  2840 304.875365
  2845 292.755612
  2850 291.793308
  2855 292.180597
  2860 291.105915
  2865 298.444020
  2870 301.311576
  2875 304.681910
  2880 290.706605
  2885 302.334378
  2890 293.298991
  2895 301.605763
  2900 301.013456
  2905 303.949188
  2910 301.774060
  2915 297.574691
  2920 297.862834
  2925 297.239063
  2930 293.486768
  2935 296.888124
  2940 294.115525
  2945 301.662883
  2950 301.163209
  2955 304.254149
  2960 303.044130
  2965 293.461064
  2970 298.455322
  2975 301.678411
  2980 301.393551
  2985 293.561933
  2990 290.672313
  2995 292.894550
  3000 298.776742
  3005 291.117930
  3010 297.957470
  3015 292.248745
  3020 298.459387
  3025 299.141794
  3030 294.718475
  3035 291.922377
  3040 299.755672
  3045 295.504598
  3050 291.557669
  3055 298.997353
  3060 297.219207
  3065 305.119921
  3070 297.673031
  3075 290.934968
  3080 292.670805
  3085 294.605181
  3090 305.398618
  3095 293.576600
  3100 303.869826
  3105 299.000080
  3110 292.647876
  3115 291.810716
  3120 294.800038
  3125 295.235130
  3130 295.303518
  3135 296.198776
  3140 299.938528
  3145 297.703470
  3150 291.468546
  3155 300.230013
  3160 294.359883
  3165 303.759576
  3170 293.857389
  3175 294.212865
  3180 303.632121
  3185 301.363217
  3190 303.165180
  3195 301.199005
  3200 304.713813
  3205 296.748892
  3210 305.409849
  3215 297.217525
  3220 295.546228
  3225 297.417324
  3230 300.358705
  3235 296.662839
  3240 302.777094
  3245 292.086756
  3250 301.243061
  3255 299.761788
  3260 301.862365
  3265 293.582586
  3270 292.348273
  3275 291.724548
  3280 294.712795
  3285 293.622694
  3290 293.965967
  3295 301.769755
  3300 295.171789
  3305 302.997658
  3310 291.724374
  3315 302.003180
  3320 297.004614
  3325 293.164255
  3330 304.982240
  3335 292.686657
  3340 294.107771
  3345 293.645984
  3350 291.948580
  3355 293.008213
  3360 304.795432
  3365 305.206907
  3370 297.323928
  3375 291.017194
  3380 295.039371
  3385 302.976394
  3390 303.543070
  3395 304.848625
  3400 303.511677
  3405 305.068596
  3410 291.497168
  3415 305.425079
  3420 300.534271
  3425 291.724167
  3430 291.980205
  3435 300.144798
  3440 305.613166
  3445 299.926735
  3450 300.961249
  3455 302.537792
  3460 305.117955
  3465 292.314609
  3470 295.402947
  3475 303.048326
  3480 292.659938
  3485 291.860075
  3490 299.571953
  3495 299.776033
  3500 304.229268
  3505 294.826318
  3510 298.012188
  3515 294.054245
  3520 294.196580
  3525 304.857337
  3530 298.999381
  3535 293.350616
  3540 304.862172
  3545 300.779171
  3550 294.329453
  3555 296.800531
  3560 303.270801
  3565 301.876501
  3570 300.745455
  3575 300.147499
  3580 290.972565
  3585 301.899735
  3590 304.799302
  3595 295.114820
  3600 304.249964
  3605 294.360450
  3610 297.756240
  3615 291.790935
  3620 296.228772
  3625 298.769933
  3630 290.999437
  3635 296.538687
  3640 304.248958
  3645 302.943644
  3650 301.002985
  3655 297.011991
  3660 302.242027
  3665 291.398202
  3670 293.556320
  3675 298.089511
  3680 297.501502
  3685 300.931477
  3690 305.148257
  3695 302.278986
  3700 305.140846
  3705 303.932148
  3710 297.385155
  3715 301.288367
  3720 291.806031
  3725 295.895063
  3730 299.323925
  3735 295.057515
  3740 298.767792
  3745 302.569518
  3750 303.228630
  3755 293.419854
  3760 293.665306
  3765 303.415034
  3770 305.236921
  3775 295.229611
  3780 291.330821
  3785 295.661841
  3790 301.215547
  3795 304.058603
  3800 300.849916
  3805 301.790376
  3810 303.499992
  3815 291.114996
  3820 296.305235
  3825 292.633315
  3830 291.693053
  3835 294.254780
  3840 295.147041
  3845 298.278110
  3850 302.709650
  3855 301.584747
  3860 303.831206
  3865 291.432376
  3870 291.414766
  3875 302.284293
  3880 300.436137
  3885 295.677894
  3890 296.067172
  3895 304.209328
  3900 295.474225
  3905 304.199796
  3910 305.354125
  3915 295.300860
  3920 293.926483
  3925 298.044938
  3930 295.697998
  3935 305.144454
  3940 295.283764
  3945 294.425021
  3950 297.909495
  3955 299.687994
  3960 298.598991
  3965 293.003549
  3970 292.867795
  3975 292.963231
  3980 303.880435
  3985 303.426026
  3990 296.921305
  3995 297.062041
  4000 294.534458
  4005 305.464531
  4010 292.379675
  4015 299.088518
  4020 292.939528
  4025 302.267049
  4030 299.620515
  4035 301.813263
  4040 299.602992
  4045 296.577529
  4050 298.797031
  4055 299.285713
  4060 293.901507
  4065 301.938147
  4070 292.063765
  4075 295.176276
  4080 298.612938
  4085 298.515328
  4090 298.926060
  4095 303.017043
  4100 297.446451
  4105 301.654732
  4110 301.083554
  4115 294.182361
  4120 291.577358
  4125 302.898455
  4130 298.665840
  4135 292.533300
  4140 304.618991
  4145 299.731653
  4150 291.799873
  4155 291.043425
  4160 300.716192
  4165 297.850626
  4170 305.016560
  4175 292.604687
  4180 296.964978
  4185 304.263008
  4190 294.897716
  4195 295.289730
  4200 301.766547
  4205 295.031596
  4210 304.039893
  4215 296.759243
  4220 298.068038
  4225 292.438804
  4230 298.271402
  4235 302.578472
  4240 296.640583
  4245 297.966698
  4250 304.410959
  4255 299.773314
  4260 298.566449
  4265 293.602136
  4270 295.694208
  4275 305.107578
  4280 299.784042
  4285 297.735537
  4290 296.004550
  4295 292.466426
  4300 297.440548
  4305 298.412740
  4310 296.643744
  4315 294.086521
  4320 297.201931
  4325 300.184203
  4330 304.227524
  4335 303.233064
  4340 296.035782
  4345 297.640266
  4350 293.016801
  4355 296.227959
  4360 292.137534
  4365 300.289171
  4370 298.514557
  4375 303.161765
  4380 295.808014
  4385 304.971135
  4390 305.531263
  4395 302.929371
  4400 300.772034
  4405 303.463902
  4410 293.011905
  4415 293.659346
  4420 294.959865
  4425 295.366480
  4430 291.994189
  4435 293.110573
  4440 295.383299
  4445 300.344925
  4450 301.024511
  4455 304.469058
  4460 299.042376
  4465 304.520394
  4470 300.334871
  4475 299.210668
  4480 300.183447
  4485 305.319295
  4490 298.225594
  4495 305.126822
  4500 290.684390
  4505 303.392460
  4510 301.015338
  4515 293.502642
  4520 301.720969
  4525 294.419770
  4530 301.620669
  4535 304.981968
  4540 298.887602
  4545 302.674301
  4550 296.471476
  4555 296.397563
  4560 304.552454
  4565 295.517895
  4570 302.765890
  4575 297.551998
  4580 297.694613
  4585 300.961097
  4590 294.912404
  4595 302.813061
  4600 298.945340
  4605 300.495400
  4610 300.947182
  4615 293.306020
  4620 302.725183
  4625 293.522821
  4630 299.609387
  4635 302.880768
  4640 296.136473
  4645 294.410118
  4650 299.974993
  4655 301.075464
  4660 296.853411
  4665 292.566613
  4670 291.534912
  4675 304.429449
  4680 300.301325
  4685 300.100212
  4690 303.573753
  4695 296.535628
  4700 292.664858
  4705 296.966151
  4710 291.895844
  4715 304.657786
  4720 304.862392
  4725 299.381183
  4730 295.073366
  4735 305.101784
  4740 300.270072
  4745 305.001590
  4750 295.586556
  4755 302.453591
  4760 301.023751
  4765 293.262106
  4770 296.125822
  4775 300.279132
  4780 302.507218
  4785 303.193448
  4790 295.087910
  4795 300.411044
  4800 301.816003
  4805 303.983864
  4810 295.824447
  4815 295.852763
  4820 296.417039
  4825 303.258634
  4830 300.098806
  4835 301.377221
  4840 294.418004
  4845 300.732565
  4850 292.171419
  4855 294.708418
  4860 292.343686
  4865 305.632486
  4870 290.994037
  4875 301.704665
  4880 305.009776
  4885 296.234969
  4890 294.637227
  4895 302.638720
  4900 297.869446
  4905 293.655531
  4910 296.406420
  4915 299.647173
  4920 302.244712
  4925 293.713101
  4930 300.539669
  4935 299.097682
  4940 298.170639
  4945 291.574142
  4950 298.543995
  4955 303.605270
  4960 301.333256
  4965 294.598478
  4970 300.016296
  4975 293.819794
  4980 297.170953
  4985 295.727513
  4990 291.659558
  4995 302.638281
  5000 294.271530
  5005 293.612078
  5010 301.432245
  5015 294.063039
  5020 296.700604
  5025 299.388495
  5030 296.119328
  5035 291.173352
  5040 296.076171
  5045 297.957387
  5050 302.969103
  5055 299.260549
  5060 291.829613
  5065 296.593178
  5070 305.480573
  5075 302.267543
  5080 296.201434
  5085 291.086107
  5090 296.654594
  5095 293.606866
  5100 293.692182
  5105 291.134436
  5110 304.985453
  5115 294.947289
  5120 302.799760
  5125 299.904916
  5130 293.365420
  5135 300.182971
  5140 303.599403
  5145 305.108221
  5150 292.046669
  5155 300.946764
  5160 296.010374
  5165 294.025574
  5170 303.858193
  5175 296.370084
  5180 300.240184
  5185 302.389275
  5190 298.687068
  5195 296.334436
  5200 300.490494
  5205 304.390106
  5210 299.595693
  5215 300.734025
  5220 299.446461
  5225 301.143810
  5230 296.615674
  5235 298.485322
  5240 303.849650
  5245 303.610333
  5250 295.682435
  5255 295.647979
  5260 290.826736
  5265 295.523466
  5270 298.330310
  5275 301.039866
  5280 295.211401
  5285 292.509779
  5290 295.473077
  5295 292.196172
  5300 295.847355
  5305 299.969062
  5310 295.816586
  5315 298.366687
  5320 303.735431
  5325 296.217205
  5330 290.657752
  5335 304.298513
  5340 295.143030
  5345 299.941014
  5350 295.907358
  5355 298.891286
  5360 297.067356
  5365 298.225326
  5370 296.111129
  5375 302.670068
  5380 296.763989
  5385 290.846125
  5390 293.995559
  5395 297.498786
  5400 301.588398
  5405 296.984383
  5410 294.994835
  5415 294.862531
  5420 298.622551
  5425 302.025140
  5430 294.453778
  5435 292.349513
  5440 291.493081
  5445 305.334599
  5450 305.457470
  5455 304.094594
  5460 305.321847
  5465 291.217336
  5470 291.696297
  5475 291.149731
  5480 290.783335
  5485 305.589305
  5490 292.210352
  5495 292.170389
  5500 299.888898
  5505 295.695631
  5510 297.153556
  5515 291.917759
  5520 294.289791
  5525 305.582338
  5530 292.128558
  5535 294.011757
  5540 297.229388
  5545 302.007017
  5550 298.602739
  5555 301.121481
  5560 300.745836
  5565 301.001771
  5570 294.876445
  5575 295.527530
  5580 296.554239
  5585 296.003826
  5590 304.079525
  5595 304.251419
  5600 297.853953
  5605 305.592374
  5610 291.319774
  5615 300.598503
  5620 301.417566
  5625 293.320531
  5630 293.988837
  5635 300.559618
  5640 302.750386
  5645 297.020834
  5650 296.816131
  5655 301.527503
  5660 299.702232
  5665 291.075203
  5670 296.069474
  5675 297.958917
  5680 304.480693
  5685 297.127864
  5690 294.374380
  5695 295.089215
  5700 295.755769
  5705 294.242243
  5710 295.469619
  5715 294.445935
  5720 297.888181
  5725 299.942261
  5730 305.113202
  5735 300.163616
  5740 304.178025
  5745 303.041953
  5750 295.043751
  5755 293.463308
  5760 301.395145
  5765 292.288671
  5770 293.701063
  5775 298.612726
  5780 291.997794
  5785 299.335897
  5790 297.631391
  5795 300.257723
  5800 301.581304
  5805 299.640228
  5810 304.118647
  5815 295.864663
  5820 300.349650
  5825 292.417313
  5830 295.034248
  5835 294.694045
  5840 292.658272
  5845 299.872553
  5850 293.810152
  5855 304.511435
  5860 299.158262
  5865 293.567485
  5870 300.341143
  5875 302.028192
  5880 296.994015
  5885 293.337333
  5890 304.463737
  5895 301.584152
  5900 299.902258
  5905 302.678077
  5910 290.819493
  5915 301.446497
  5920 291.409123
  5925 303.383363
  5930 298.038111
  5935 302.400929
  5940 294.116414
  5945 291.535150
  5950 296.155087
  5955 303.711684
  5960 304.015043
  5965 298.732867
  5970 292.392454
  5975 302.697966
  5980 292.556105
  5985 295.421220
  5990 301.099542
  5995 301.101036
  6000 300.372446
  6005 300.144318
  6010 301.578917
  6015 290.902051
  6020 297.509053
  6025 293.705270
  6030 297.576279
  6035 302.372938
  6040 296.283903
  6045 291.641160
  6050 292.020651
  6055 292.878606
  6060 293.825932
  6065 296.834302
  6070 298.836217
  6075 297.615706
  6080 302.856903
  6085 296.856527
  6090 300.692964
  6095 298.603949
  6100 292.382326
  6105 302.819302
  6110 302.042968
  6115 295.207318
  6120 302.666008
  6125 304.332150
  6130 300.684404
  6135 291.794345
  6140 302.682097
  6145 302.605201
  6150 292.262077
  6155 301.083252
  6160 305.244194
  6165 292.710290
  6170 296.185751
  6175 305.158410
  6180 300.887982
  6185 295.009801
  6190 292.512568
  6195 304.940248
  6200 302.277386
  6205 295.820333
  6210 302.474975
  6215 292.901054
  6220 291.311923
  6225 299.871233
  6230 296.825007
  6235 295.733149
  6240 291.613666
  6245 292.252769
  6250 300.787027
  6255 304.777542
  6260 301.942745
  6265 291.633606
  6270 294.373733
  6275 300.732669
  6280 301.266696
  6285 300.233685
  6290 290.763686
  6295 304.219338
  6300 296.769851
  6305 304.681448
  6310 300.313548
  6315 292.975480
  6320 300.810669
  6325 291.279338
  6330 304.158388
  6335 301.423493
  6340 298.353499
  6345 302.620929
  6350 303.274183
  6355 300.469565
  6360 301.773468
  6365 302.282610
  6370 291.037062
  6375 296.416395
  6380 293.704773
  6385 291.947359
  6390 305.568696
  6395 303.829244
  6400 299.439780
  6405 302.526190
  6410 293.355198
  6415 301.454820
  6420 294.033656
  6425 299.610044
  6430 292.419567
  6435 294.020861
  6440 300.538964
  6445 302.637037
  6450 291.084790
  6455 295.448876
  6460 297.198966
  6465 299.948846
  6470 295.491588
  6475 296.309883
  6480 303.688014
  6485 299.606925
  6490 302.287572
  6495 293.093007
  6500 299.207427
  6505 299.680716
  6510 291.272440
  6515 301.511717
  6520 297.655811
  6525 301.066857
  6530 303.721236
  6535 291.621429
  6540 291.251642
  6545 304.672786
  6550 305.069628
  6555 299.817287
  6560 300.867832
  6565 293.147067
  6570 296.888286
  6575 298.289010
  6580 295.505499
  6585 293.437806
  6590 300.357550
  6595 293.026305
  6600 295.585731
  6605 298.303340
  6610 300.042479
  6615 295.741740
  6620 291.109537
  6625 300.311133
  6630 305.246120
  6635 293.924952
  6640 299.042074
  6645 304.264167
  6650 297.928931
  6655 299.569402
  6660 294.046135
  6665 297.251898
  6670 295.825217
  6675 292.548923
  6680 291.265864
  6685 305.154483
  6690 304.309238
  6695 294.215215
  6700 291.900247
  6705 301.052481
  6710 290.909378
  6715 299.162868
  6720 298.272270
  6725 295.749631
  6730 302.520178
  6735 299.632361
  6740 299.861713
  6745 300.443826
  6750 299.281658
  6755 304.172633
  6760 298.730571
  6765 298.791948
  6770 300.726310
  6775 301.654528
  6780 303.338714
  6785 304.613336
  6790 293.630800
  6795 303.654300
  6800 302.279515
  6805 305.475695
  6810 291.384597
  6815 298.248149
  6820 301.115676
  6825 304.936501
  6830 305.643661
  6835 294.698630
  6840 299.087954
  6845 297.217367
  6850 294.571959
  6855 302.563447
  6860 301.114449
  6865 302.123703
  6870 299.897374
  6875 300.215124
  6880 299.119642
  6885 300.587943
  6890 290.881288
  6895 302.934384
  6900 300.075733
  6905 300.020982
  6910 298.641815
  6915 291.683218
  6920 291.790769
  6925 298.995916
  6930 298.711463
  6935 302.513828
  6940 294.128103
  6945 303.855619
  6950 299.325177
  6955 304.160708
  6960 302.294660
  6965 304.091897
  6970 299.198598
  6975 291.789800
  6980 299.295075
  6985 290.714719
  6990 304.050517
  6995 305.631366
  7000 303.466517
  7005 304.355004
  7010 300.715940
  7015 290.996380
  7020 297.069992
  7025 294.688662
  7030 300.521941
  7035 303.265319
  7040 294.803229
  7045 292.148998
  7050 302.161132
  7055 304.270772
  7060 300.566517
  7065 299.698079
  7070 297.877332
  7075 302.374471
  7080 290.650487
  7085 301.113181
  7090 302.538339
  7095 298.507294
  7100 290.767538
  7105 305.070606
  7110 291.539865
  7115 297.989340
  7120 302.520202
  7125 295.620678
  7130 291.020332
  7135 294.858085
  7140 304.423143
  7145 291.782177
  7150 303.578796
  7155 292.998947
  7160 300.699733
  7165 300.487995
  7170 293.966506
  7175 301.604326
  7180 305.037695
  7185 304.100079
  7190 300.331037
  7195 291.592128
  7200 297.194418
  7205 295.047763
  7210 299.846886
  7215 294.547592
  7220 302.718914
  7225 303.416224
  7230 300.210756
  7235 300.763328
  7240 294.351125
  7245 295.165483
  7250 300.942021
  7255 291.075046
  7260 296.431096
  7265 291.510644
  7270 292.435199
  7275 291.699238
  7280 295.055620
  7285 299.525408
  7290 304.440834
  7295 300.885433
  7300 294.058641
  7305 299.325673
  7310 299.299260
  7315 293.534274
  7320 301.603813
  7325 291.645893
  7330 303.609569
  7335 291.930515
  7340 292.876147
  7345 303.128527
  7350 300.172494
  7355 292.729764
  7360 293.079216
  7365 292.538571
  7370 300.876919
  7375 302.135553
  7380 296.440386
  7385 291.437964
  7390 305.052892
  7395 300.238089
  7400 297.789291
  7405 293.743829
  7410 291.555079
  7415 298.561256
  7420 294.264276
  7425 299.986168
  7430 301.495089
  7435 294.566455
  7440 298.592376
  7445 303.436839
  7450 293.372238
  7455 298.354244
  7460 290.679257
  7465 302.634579
  7470 303.742538
  7475 297.305708
  7480 304.417925
  7485 300.605846
  7490 303.534094
  7495 292.545110
  7500 298.794412
  7505 304.803231
  7510 305.580688
  7515 296.128442
  7520 291.872251
  7525 303.816950
  7530 300.584845
  7535 294.267671
  7540 296.015821
  7545 302.905057
  7550 296.820816
  7555 300.183304
  7560 295.989576
  7565 291.488885
  7570 304.744455
  7575 301.139239
  7580 291.302065
  7585 293.294827
  7590 295.576515
  7595 295.084115
  7600 294.127709
  7605 300.420668
  7610 302.670057
  7615 304.483128
  7620 295.506176
  7625 299.285970
  7630 301.183204
  7635 302.380448
  7640 304.054585
  7645 296.667690
  7650 300.019234
  7655 294.064977
  7660 296.818577
  7665 293.183403
  7670 293.807653
  7675 301.666379
  7680 302.369358
  7685 295.976972
  7690 304.175904
  7695 291.414218
  7700 298.419200
  7705 300.402920
  7710 303.888770
  7715 303.449634
  7720 296.596125
  7725 299.565347
  7730 296.411677
  7735 303.606063
  7740 294.147369
  7745 292.117143
  7750 292.152313
  7755 302.866237
  7760 300.278652
  7765 298.084663
  7770 296.438978
  7775 292.684121
  7780 305.224337
  7785 297.727179
  7790 296.341366
  7795 294.078668
  7800 300.707889
  7805 301.819374
  7810 290.752321
  7815 298.775560
  7820 297.512889
  7825 301.840820
  7830 304.730652
  7835 300.475173
  7840 301.880690
  7845 301.471115
  7850 303.756613
  7855 293.521949
  7860 296.285155
  7865 303.518412
  7870 293.507426
  7875 291.052249
  7880 291.257388
  7885 301.424331
  7890 293.454835
  7895 297.167254
  7900 296.819338
  7905 293.520284
  7910 303.482565
  7915 300.304563
  7920 302.184283
  7925 301.277948
  7930 291.881538
  7935 302.877884
  7940 293.860333
  7945 295.281551
  7950 300.769667
  7955 296.039766
  7960 296.886735
  7965 295.803534
  7970 300.368447
  7975 294.322632
  7980 305.414059
  7985 302.666640
  7990 294.831128
  7995 295.897074
  8000 300.038992
  8005 300.632394
  8010 293.911231
  8015 290.951216
  8020 302.880713
  8025 291.983865
  8030 302.542537
  8035 292.539540
  8040 300.338652
  8045 291.878950
  8050 294.509570
  8055 298.911545
  8060 291.154086
  8065 298.356352
  8070 292.025835
  8075 302.152363
  8080 294.360163
  8085 291.691951
  8090 297.060546
  8095 301.744140
  8100 297.749719
  8105 290.653608
  8110 296.824156
  8115 292.631256
  8120 301.660259
  8125 294.600930
  8130 292.849742
  8135 302.690814
  8140 304.762016
  8145 293.404428
  8150 300.892612
  8155 295.716433
  8160 296.128717
  8165 301.902241
  8170 303.348836
  8175 305.170147
  8180 305.569260
  8185 305.194402
  8190 291.102494
  8195 303.008724
  8200 303.731201
  8205 305.105201
  8210 292.903201
  8215 296.088652
  8220 294.699042
  8225 302.014118
  8230 294.674667
  8235 295.573345
  8240 301.557058
  8245 300.353755
  8250 300.400646
  8255 291.983724
  8260 301.260870
  8265 292.966340
  8270 297.661170
  8275 300.430517
  8280 302.092448
  8285 296.098373
  8290 298.142972
  8295 294.496697
  8300 297.626875
  8305 301.172174
  8310 301.513075
  8315 298.349508
  8320 302.211464
  8325 290.764649
  8330 295.422259
  8335 291.870508
  8340 304.562163
  8345 300.920592
  8350 292.418552
  8355 300.473408
  8360 291.084221
  8365 295.705799
  8370 296.879844
  8375 291.040435
  8380 293.798692
  8385 303.973649
  8390 292.993256
  8395 300.312133
  8400 300.546280
  8405 298.422129
  8410 302.505264
  8415 291.505370
  8420 301.381017
  8425 291.150982
  8430 292.489036
  8435 304.361027
  8440 298.770621
  8445 301.758128
  8450 295.150136
  8455 293.006768
  8460 301.095258
  8465 299.832975
  8470 298.837165
  8475 302.342088
  8480 301.323042
  8485 293.817913
  8490 297.776035
  8495 291.790838
  8500 296.139556
  8505 291.801868
  8510 300.266631
  8515 293.288546
  8520 293.647116
  8525 295.266736
  8530 297.641458
  8535 290.812387
  8540 300.505721
  8545 304.795264
  8550 295.073886
  8555 291.711480
  8560 299.592367
  8565 301.530961
  8570 301.672218
  8575 293.718823
  8580 302.313623
  8585 301.290833
  8590 301.969799
  8595 300.172992
  8600 295.631338
  8605 297.154308
  8610 303.904908
  8615 290.708844
  8620 297.477203
  8625 299.927802
  8630 299.262833
  8635 298.318837
  8640 299.330721
  8645 295.341888
  8650 295.685505
  8655 303.200049
  8660 301.916596
  8665 291.151827
  8670 301.956348
  8675 293.400625
  8680 304.001520
  8685 294.281210
  8690 299.388012
  8695 303.024868
  8700 296.712951
  8705 296.417713
  8710 293.861829
  8715 303.080739
  8720 294.869348
  8725 296.618771
  8730 290.954539
  8735 299.478985
  8740 291.927899
  8745 295.197952
  8750 294.473290
  8755 296.941336
  8760 305.151659
  8765 304.720318
  8770 302.272957
  8775 297.703195
  8780 300.741304
  8785 303.813714
  8790 305.391306
  8795 295.455321
  8800 299.768572
  8805 294.776016
  8810 300.497907
  8815 291.478588
  8820 300.740262
  8825 304.539385
  8830 302.932874
  8835 302.837692
  8840 298.266707
  8845 301.057339
  8850 299.889272
  8855 305.496973
  8860 291.491441
  8865 291.323926
  8870 297.910537
  8875 304.847095
  8880 303.314093
  8885 293.749433
  8890 303.595863
  8895 299.735726
  8900 302.034521
  8905 301.172972
  8910 301.375405
  8915 290.682483
  8920 303.152954
  8925 302.498339
  8930 303.021785
  8935 291.348031
  8940 291.951901
  8945 297.151981
  8950 297.315958
  8955 293.168130
  8960 304.035396
  8965 298.390353
  8970 294.055200
  8975 297.007669
  8980 292.807768
  8985 292.721202
  8990 304.827617
  8995 293.130272
  9000 303.559996
  9005 294.393781
  9010 295.193209
  9015 292.134149
  9020 303.107798
  9025 293.202753
  9030 303.615525
  9035 290.755259
  9040 303.273028
  9045 300.267176
  9050 292.715460
  9055 294.126458
  9060 295.339046
  9065 299.312876
  9070 303.793900
  9075 296.217378
  9080 297.905692
  9085 293.727580
  9090 302.026815
  9095 297.212802
  9100 305.069383
  9105 295.290094
  9110 293.091385
  9115 302.877160
  9120 291.569216
  9125 292.702639
  9130 299.006224
  9135 294.458893
  9140 296.064477
  9145 293.043030
  9150 303.196078
  9155 295.463727
  9160 304.177523
  9165 302.537609
  9170 300.414873
  9175 304.694950
  9180 291.788434
  9185 294.463174
  9190 303.580040
  9195 293.320225
  9200 302.661466
  9205 299.133103
  9210 300.968145
  9215 294.465636
  9220 296.258533
  9225 302.546513
  9230 302.777389
  9235 302.550889
  9240 292.323167
  9245 299.118370
  9250 299.729295
  9255 304.594894
  9260 303.946032
  9265 299.763570
  9270 302.360799
  9275 296.369628
  9280 303.819928
  9285 301.093085
  9290 292.662134
  9295 291.989368
  9300 294.226200
  9305 302.628282
  9310 299.534954
  9315 300.664031
  9320 292.312843
  9325 303.617881
  9330 298.255168
  9335 303.215154
  9340 298.179645
  9345 301.158607
  9350 301.663946
  9355 292.808245
  9360 298.533492
  9365 302.105085
  9370 294.973969
  9375 299.957842
  9380 297.017987
  9385 298.052807
  9390 293.536259
  9395 293.203065
  9400 295.825321
  9405 303.266332
  9410 291.391641
  9415 294.434975
  9420 291.911695
  9425 298.737855
  9430 296.910380
  9435 299.838935
  9440 300.690318
  9445 296.338919
  9450 302.922228
  9455 293.183730
  9460 293.491603
  9465 294.934724
  9470 293.819859
  9475 290.737827
  9480 303.348808
  9485 300.202908
  9490 295.204885
  9495 300.113574
  9500 301.472070
  9505 296.602340
  9510 295.828081
  9515 291.764301
  9520 303.270784
  9525 305.195969
  9530 297.265893
  9535 291.142235
  9540 302.066251
  9545 300.189685
  9550 290.811689
  9555 295.275445
  9560 292.985613
  9565 295.050729
  9570 293.396050
  9575 302.385555
  9580 292.404563
  9585 299.928419
  9590 302.704735
  9595 297.833088
  9600 300.328068
  9605 294.361208
  9610 297.333499
  9615 292.923415
  9620 300.358381
  9625 292.198380
  9630 302.440432
  9635 299.031830
  9640 291.037769
  9645 302.222605
  9650 293.006762
  9655 304.478761
  9660 302.053178
  9665 294.996105
  9670 300.930238
  9675 298.464536
  9680 291.135135
  9685 297.323788
  9690 295.962099
  9695 305.239497
  9700 302.945828
  9705 292.816017
  9710 300.752067
  9715 302.511188
  9720 298.311044
  9725 298.344293
  9730 293.986037
  9735 292.401917
  9740 292.793850
  9745 291.214807
  9750 304.479276
  9755 294.971138
  9760 302.541608
  9765 293.491221
  9770 292.333441
  9775 301.872384
  9780 302.951439
  9785 299.346502
  9790 297.650814
  9795 300.500533
  9800 298.680837
  9805 292.881427
  9810 303.091987
  9815 295.262420
  9820 303.908375
  9825 297.644252
  9830 303.761645
  9835 304.433010
  9840 302.221440
  9845 292.315092
  9850 302.191558
  9855 303.493956
  9860 294.004646
  9865 295.918763
  9870 293.007419
  9875 299.083319
  9880 304.206498
  9885 295.013770
  9890 298.406597
  9895 300.255326
  9900 298.762283
  9905 303.871246
  9910 298.744340
  9915 293.344216
  9920 301.276476
  9925 291.090065
  9930 299.146727
  9935 293.316636
  9940 293.412676
  9945 303.559090
  9950 300.640301
  9955 305.204504
  9960 299.047890
  9965 293.851094
  9970 299.354103
  9975 304.829324
  9980 293.367333
  9985 301.561480
  9990 300.438182
  9995 298.611382
 10000 293.991475
 10005 296.180484
 10010 303.475443
 10015 291.029821
 10020 305.009543
 10025 298.424653
 10030 301.584585
 10035 290.950018
 10040 291.591087
 10045 293.497059
 10050 304.325116
 10055 297.463953
 10060 303.142221
 10065 296.964782
 10070 299.836994
 10075 305.627855
 10080 302.919380
 10085 304.501642
 10090 305.141080
 10095 295.270329
 10100 295.390431
 10105 293.623760
 10110 301.596813
 10115 298.717879
 10120 292.803736
 10125 301.808305
 10130 305.523385
 10135 299.094296
 10140 298.316052
 10145 301.921809
 10150 295.397872
 10155 295.169832
 10160 304.442690
 10165 300.617105
 10170 298.892216
 10175 295.693833
 10180 301.638705
 10185 293.361293
 10190 301.266074
 10195 298.399307
 10200 295.821121
 10205 300.275903
 10210 291.124126
 10215 303.553642
 10220 294.119391
 10225 301.603819
 10230 296.193172
 10235 296.988177
 10240 300.679036
 10245 295.057892
 10250 302.512899
 10255 292.066848
 10260 296.904430
 10265 292.594183
 10270 296.341884
 10275 292.779031
 10280 301.309386
 10285 292.279846
 10290 295.937954
 10295 300.094377
 10300 291.427517
 10305 301.242379
 10310 297.099140
 10315 304.150092
 10320 304.255613
 10325 303.052395
 10330 299.364604
 10335 303.849242
 10340 301.324039
 10345 292.724284
 10350 293.087569
 10355 296.670163
 10360 295.209581
 10365 296.794271
 10370 295.736764
 10375 299.294747
 10380 301.465847
 10385 303.815860
 10390 304.159554
 10395 297.584107
 10400 304.892538
 10405 294.190192
 10410 294.554461
 10415 292.181507
 10420 302.803734
 10425 293.090011
 10430 293.065701
 10435 294.341177
 10440 305.581045
 10445 300.290883
 10450 303.963735
 10455 292.302139
 10460 295.286073
 10465 294.484134
 10470 300.557513
 10475 299.324689
 10480 302.663001
 10485 304.186493
 10490 297.614546
 10495 298.736637
 10500 292.533313
 10505 292.722380
 10510 292.852672
 10515 294.739241
 10520 301.565024
 10525 291.931253
 10530 300.038618
 10535 298.603714
 10540 297.157425
 10545 305.019865
 10550 303.311544
 10555 302.631176
 10560 291.755735
 10565 298.058694
 10570 301.252138
 10575 293.826348
 10580 303.346280
 10585 291.015426
 10590 293.250831
 10595 296.231447
 10600 299.715662
 10605 295.560820
 10610 292.849566
 10615 295.056005
 10620 290.662294
 10625 303.201484
 10630 299.909071
 10635 302.832184
 10640 300.801448
 10645 298.857460
 10650 295.316202
 10655 296.317487
 10660 296.234138
 10665 297.192216
 10670 300.822339
 10675 295.664800
 10680 294.241520
 10685 302.392855
 10690 299.224490
 10695 296.775109
 10700 304.415738
 10705 304.527468
 10710 295.764636
 10715 302.189167
 10720 303.126774
 10725 300.496633
 10730 304.485042
 10735 291.175939
 10740 300.169241
 10745 295.350491
 10750 291.097649
 10755 296.604286
 10760 298.654609
 10765 291.384770
 10770 303.926170
 10775 299.455570
 10780 299.990424
 10785 296.654891
 10790 303.204372
 10795 299.038993
 10800 291.676943
