     5 304.496321
    10 291.537843
    15 300.490538
    20 297.574323
    25 303.563581
    30 302.303941
    35 303.145234
    40 298.971099
    45 297.621801
    50 296.197594
    55 291.230344
    60 296.719384
    65 292.612863
    70 293.719544
    75 298.427482
    80 295.032246
    85 304.562975
    90 303.890955
    95 291.373635
   100 296.601042
   105 292.497970
   110 302.554186
   115 301.151288
   120 292.028311
   125 293.142644
   130 301.351983
   135 299.759689
   140 298.235009
   145 292.146966
   150 302.239969
   155 301.555143
   160 291.983409
   165 296.844849
   170 290.931783
   175 295.916180
   180 298.246438
   185 296.160651
   190 303.659094
   195 304.473062
   200 293.245953
   205 291.468229
   210 294.078245
   215 302.046363
   220 297.855672
   225 301.039634
   230 297.414016
   235 297.311235
   240 302.038567
   245 302.493487
   250 292.384098
   255 291.139567
   260 301.610225
   265 302.017183
   270 302.699116
   275 291.346374
   280 303.929071
   285 305.198673
   290 291.202362
   295 293.388158
   300 298.404701
   305 292.079238
   310 296.590381
   315 305.622738
   320 294.535419
   325 295.940207
   330 291.428120
   335 293.642304
   340 296.508804
   345 291.402191
   350 295.406536
   355 299.920850
   360 292.637902
   365 295.489269
   370 294.927089
   375 300.978808
   380 303.905572
   385 300.391126
   390 291.815952
   395 298.076446
   400 291.745738
   405 297.602299
   410 292.762735
   415 304.362051
   420 296.956997
   425 304.176990
   430 296.091869
   435 302.810513
   440 293.229979
   445 301.203284
   450 301.199932
   455 292.103401
   460 292.143948
   465 303.108094
   470 301.234877
   475 299.413680
   480 297.442323
   485 304.978637
   490 297.919384
   495 294.474805
   500 297.477965
   505 296.272193
   510 291.959657
   515 299.956441
   520 303.943633
   525 304.913837
   530 293.222760
   535 298.228587
   540 292.942991
   545 305.223425
   550 303.353204
   555 302.577704
   560 291.298437
   565 296.096022
   570 293.880196
   575 298.514781
   580 292.326499
   585 302.123568
   590 299.754002
   595 291.422731
   600 304.503847
   605 300.308546
   610 294.009323
   615 304.710505
   620 295.692045
   625 299.039221
   630 303.701728
   635 303.116778
   640 302.877080
   645 300.996544
   650 301.298091
   655 291.407743
   660 295.401044
   665 295.245952
   670 293.934654
   675 303.242231
   680 294.332070
   685 301.474931
   690 304.593529
   695 301.181025
   700 301.368658
   705 296.873006
   710 291.201742
   715 295.258366
   720 297.958865
   725 304.257459
   730 291.075320
   735 305.439420
   740 296.397084
   745 293.865035
   750 304.361233
   755 298.619228
   760 295.599989
   765 305.245224
   770 299.803918
   775 303.798174
   780 293.852312
   785 295.732733
   790 296.363083
   795 296.947532
   800 302.276724
   805 301.214116
   810 296.178111
   815 299.475374
   820 296.123168
   825 291.925711
   830 303.850081
   835 304.838888
   840 293.195396
   845 295.623310
   850 291.128604
   855 300.716186
   860 299.225762
   865 299.538732
   870 297.643508
   875 302.209828
   880 304.577786
   885 300.111506
   890 298.331624
   895 294.358494
   900 302.074385
   905 294.160883
   910 298.325707
   915 303.637591
   920 299.588443
   925 304.313966
   930 299.765253
   935 291.034338
   940 304.426346
   945 294.044536
   950 300.209576
   955 291.228648
   960 296.150021
   965 296.323730
   970 292.073756
   975 298.823030
   980 303.261081
   985 292.245761
   990 303.085792
   995 302.353817
  1000 291.395239
  1005 291.764015
  1010 298.510891
  1015 291.894860
  1020 305.266841
  1025 299.037389
  1030 297.872253
  1035 291.736301
  1040 291.276585
  1045 305.456619
  1050 297.303035
  1055 299.782454
  1060 296.781233
  1065 294.458558
  1070 300.423822
  1075 305.605812
  1080 294.366296
  1085 299.757619
  1090 293.017060
  1095 303.087591
  1100 305.162567
  1105 292.872894
  1110 304.240171
  1115 304.382298
  1120 304.559470
  1125 295.821774
  1130 297.325485
  1135 294.957904
  1140 300.081348
  1145 301.210869
  1150 298.381092
  1155 292.917728
  1160 292.449073
  1165 298.125494
  1170 298.082215
  1175 302.213818
  1180 304.637370
  1185 305.451763
  1190 297.371694
  1195 294.583678
  1200 292.401949
  1205 302.855086
  1210 299.062323
  1215 294.169470
  1220 291.981263
  1225 293.664996
  1230 297.556166
  1235 297.201122
  1240 298.897976
  1245 301.510515
  1250 297.029452
  1255 304.765493
  1260 295.156715
  1265 299.915852
  1270 291.286309
  1275 294.500120
  1280 296.743911
  1285 295.849069
  1290 300.781993
  1295 304.905419
  1300 292.742761
  1305 296.980529
  1310 299.430787
  1315 301.161379
  1320 296.589203
  1325 300.451086
  1330 295.809359
  1335 305.358862
  1340 304.195144
  1345 298.173965
  1350 292.175492
  1355 293.355201
  1360 293.013895
  1365 305.486619
  1370 297.058100
  1375 295.184532
  1380 304.955111
  1385 298.371754
  1390 298.643427
  1395 299.753384
  1400 293.664723
  1405 298.124685
  1410 300.349349
  1415 295.020437
  1420 295.900964
  1425 305.370715
  1430 302.676860
  1435 297.079588
  1440 297.358770
  1445 295.939559
  1450 300.302506
  1455 304.779611
  1460 297.647186
  1465 294.206689
  1470 300.885183
  1475 290.791009
  1480 297.924686
  1485 303.336632
  1490 291.447143
  1495 297.446360
  1500 297.264069
  1505 294.945104
  1510 300.765201
  1515 298.327815
  1520 298.406973
  1525 303.676322
  1530 293.120852
  1535 304.051734
  1540 298.453026
  1545 305.513085
  1550 292.965517
  1555 291.261407
  1560 291.911767
  1565 295.079362
  1570 302.649406
  1575 290.929799
  1580 294.823485
  1585 295.652829
  1590 291.424273
  1595 294.914529
  1600 296.166295
  1605 290.739330
  1610 298.013469
  1615 304.997826
  1620 299.619723
  1625 297.272833
  1630 294.876946
  1635 295.709153
  1640 293.319932
  1645 304.399368
  1650 302.767317
  1655 304.588621
  1660 303.400815
  1665 300.674787
  1670 303.260311
  1675 304.573208
  1680 302.969816
  1685 305.289754
  1690 294.075315
  1695 299.626478
  1700 304.306318
  1705 295.960365
  1710 294.284560
  1715 292.637833
  1720 296.793370
  1725 301.989202
  1730 290.785616
  1735 296.704158
  1740 295.573035
  1745 291.187769
  1750 299.436412
  1755 303.649775
  1760 294.136972
  1765 300.245568
  1770 292.331210
  1775 294.518163
  1780 302.523307
  1785 299.674658
  1790 293.858163
  1795 291.891436
  1800 291.904578
  1805 295.419710
  1810 304.026595
  1815 305.448778
  1820 293.290525
  1825 292.876244
  1830 296.814978
  1835 298.257639
  1840 304.315932
  1845 300.592730
  1850 302.233378
  1855 302.824490
  1860 295.467051
  1865 293.425476
  1870 294.633690
  1875 304.665747
  1880 298.441721
  1885 294.419795
  1890 301.175639
  1895 299.662214
  1900 304.323049
  1905 299.517203
  1910 301.288606
  1915 300.852174
  1920 297.732509
  1925 295.285151
  1930 302.408015
  1935 300.201413
  1940 294.090176
  1945 294.212454
  1950 291.602896
  1955 290.834560
  1960 291.807703
  1965 291.782767
  1970 303.601091
  1975 305.008163
  1980 305.282863
  1985 293.040638
  1990 291.448713
  1995 302.303911
  2000 294.664810
  2005 295.635011
  2010 295.694698
  2015 305.570240
  2020 293.773194
  2025 303.278295
  2030 294.026573
  2035 294.128046
  2040 302.577105
  2045 294.736647
  2050 293.620765
  2055 292.025245
  2060 304.358533
  2065 302.976386
  2070 298.561578
  2075 295.802450
  2080 301.950266
  2085 295.781365
  2090 305.299049
  2095 296.495423
  2100 302.616613
  2105 304.188053
  2110 299.276274
  2115 299.662000
  2120 296.659373
  2125 292.577146
  2130 305.110692
  2135 305.164375
  2140 300.587087
  2145 305.029180
  2150 304.352397
  2155 291.317021
  2160 301.074579
  2165 295.408168
  2170 294.581848
  2175 296.730139
  2180 300.566619
  2185 302.217220
  2190 294.841863
  2195 293.656304
  2200 303.676400
  2205 299.860836
  2210 305.063482
  2215 291.333671
  2220 294.978709
  2225 299.715504
  2230 302.549124
  2235 302.514278
  2240 298.786978
  2245 304.176877
  2250 291.233813
  2255 295.075523
  2260 295.853138
  2265 305.576942
  2270 299.552471
  2275 291.863449
  2280 302.705683
  2285 295.131569
  2290 303.906745
  2295 295.213452
  2300 303.539082
  2305 292.797156
  2310 292.004808
  2315 302.794333
  2320 292.530545
  2325 302.705655
  2330 291.201832
  2335 299.312295
  2340 303.890431
  2345 301.020843
  2350 294.934335
  2355 290.909001
  2360 296.398578
  2365 302.025229
  2370 292.663187
  2375 291.584362
  2380 300.492867
  2385 294.739572
  2390 299.326211
  2395 292.283851
  2400 293.030641
  2405 296.348808
  2410 292.451200
  2415 302.574173
  2420 294.282041
  2425 299.169113
  2430 291.477554
  2435 302.377969
  2440 297.609127
  2445 291.592051
  2450 294.451346
  2455 302.595883
  2460 302.040417
  2465 304.241095
  2470 303.378720
  2475 292.972786
  2480 293.114113
  2485 297.273501
  2490 305.260331
  2495 296.008407
  2500 294.241581
  2505 294.995691
  2510 295.299582
  2515 297.492817
  2520 290.940886
  2525 292.733917
  2530 294.849620
  2535 299.773772
  2540 296.095354
  2545 303.314772
  2550 297.383201
  2555 295.154510
  2560 294.006789
  2565 299.236205
  2570 293.579494
  2575 295.366589
  2580 300.275933
  2585 304.323456
  2590 291.617675
  2595 298.722506
  2600 296.023221
  2605 301.607778
  2610 300.780484
  2615 293.229588
  2620 297.909392
  2625 300.222573
  2630 293.238564
  2635 303.653418
  2640 295.735497
  2645 294.137192
  2650 303.404807
  2655 303.133200
  2660 298.443712
  2665 293.874303
  2670 294.075733
  2675 304.250460
  2680 297.423166
  2685 290.935878
  2690 304.503500
  2695 305.432291
  2700 294.709637
  2705 302.088499
  2710 292.225920
  2715 300.561675
  2720 292.698951
  2725 298.812289
  2730 294.605682
  2735 303.091783
  2740 298.280029
  2745 298.793044
  2750 295.930795
  2755 293.578649
  2760 298.879918
  2765 302.110866
  2770 300.659419
  2775 294.077763
  2780 295.584539
  2785 298.840687
  2790 294.090094
  2795 303.294953
  2800 292.570065
  2805 299.395619
  2810 302.265085
  2815 294.603065
  2820 304.735812
  2825 290.741251
  2830 293.687880
  2835 292.226782
  2840 293.183604
  2845 292.102486
  2850 292.310182
  2855 293.734848
  2860 295.940847
  2865 296.984067
  2870 304.982871
  2875 305.334710
  2880 301.726629
  2885 302.362153
  2890 297.816369
  2895 298.221668
  2900 299.104789
  2905 304.845628
  2910 294.996376
  2915 300.021378
  2920 303.264593
  2925 291.926263
  2930 298.269495
  2935 304.327463
  2940 298.774953
  2945 297.717330
  2950 291.730985
  2955 303.182636
  2960 297.334006
  2965 300.214025
  2970 304.991588
  2975 303.748674
  2980 291.567803
  2985 295.418091
  2990 293.417034
  2995 296.774503
  3000 303.832539
  3005 300.864257
  3010 296.765209
  3015 296.518042
  3020 293.511692
  3025 299.301586
  3030 304.105721
  3035 300.293993
  3040 299.757653
  3045 300.813975
  3050 304.792962
  3055 304.746098
  3060 290.882312
  3065 297.855819
  3070 303.676492
  3075 304.583418
  3080 300.200295
  3085 300.189169
  3090 299.757355
  3095 300.281406
  3100 295.720850
  3105 300.990840
  3110 300.666042
  3115 291.396184
  3120 305.344869
  3125 293.111739
  3130 292.531914
  3135 302.787919
  3140 291.677366
  3145 292.403237
  3150 296.461695
  3155 304.829638
  3160 300.190308
  3165 295.676828
  3170 293.252436
  3175 291.312510
  3180 302.443759
  3185 298.383530
  3190 293.547626
  3195 290.828526
  3200 296.822115
  3205 297.800913
  3210 293.969071
  3215 302.048102
  3220 297.877654
  3225 302.794437
  3230 295.296462
  3235 291.091734
  3240 301.675713
  3245 301.214809
  3250 291.924609
  3255 297.708404
  3260 293.035355
  3265 305.167105
  3270 301.913608
  3275 299.601826
  3280 294.509809
  3285 301.931892
  3290 295.105219
  3295 294.616495
  3300 298.096834
  3305 292.930622
  3310 291.006548
  3315 295.112852
  3320 298.336795
  3325 303.985561
  3330 294.306953
  3335 304.219001
  3340 291.408447
  3345 292.289527
  3350 292.983189
  3355 300.493677
  3360 290.960755
  3365 300.167690
  3370 295.464522
  3375 301.986896
  3380 291.851110
  3385 297.226594
  3390 292.952950
  3395 292.724476
  3400 305.490202
  3405 295.170227
  3410 298.280160
  3415 303.326100
  3420 302.305497
  3425 297.529742
  3430 305.452559
  3435 305.411190
  3440 303.470752
  3445 297.734456
  3450 299.232048
  3455 291.908753
  3460 301.918109
  3465 292.125110
  3470 295.067786
  3475 298.797469
  3480 295.121976
  3485 303.088012
  3490 298.663685
  3495 292.436753
  3500 293.246085
  3505 302.241479
  3510 299.270651
  3515 290.863721
  3520 301.697269
  3525 302.529491
  3530 291.198336
  3535 293.424018
  3540 294.381458
  3545 304.915762
  3550 295.117417
  3555 304.235735
  3560 295.893802
  3565 296.250282
  3570 297.893608
  3575 305.234697
  3580 299.396126
  3585 293.175906
  3590 294.515293
  3595 303.663139
  3600 300.401752
  3605 293.219705
  3610 300.670509
  3615 293.163355
  3620 304.184941
  3625 304.980532
  3630 303.039705
  3635 292.123220
  3640 297.121521
  3645 296.171343
  3650 299.907931
  3655 297.959341
  3660 293.595758
  3665 294.713004
  3670 296.444741
  3675 294.309173
  3680 292.691993
  3685 299.125877
  3690 302.263801
  3695 298.733976
  3700 294.720426
  3705 298.616823
  3710 297.186979
  3715 297.258887
  3720 299.607502
  3725 292.311962
  3730 293.891147
  3735 298.144902
  3740 294.638008
  3745 297.735558
  3750 304.426317
  3755 292.040163
  3760 302.514135
  3765 295.285159
  3770 294.733736
  3775 291.398823
  3780 297.357812
  3785 294.101756
  3790 296.221483
  3795 300.037104
  3800 296.244565
  3805 296.310962
  3810 290.866135
  3815 301.649830
  3820 300.891146
  3825 302.154659
  3830 299.159409
  3835 300.210103
  3840 293.892472
  3845 294.776204
  3850 293.083999
  3855 295.672194
  3860 298.119958
  3865 303.616742
  3870 301.336340
  3875 290.863375
  3880 292.536251
  3885 290.903713
  3890 290.941680
  3895 300.909634
  3900 297.622176
  3905 303.913063
  3910 298.966078
  3915 298.858618
  3920 301.986194
  3925 303.486624
  3930 302.658192
  3935 299.903962
  3940 295.437147
  3945 301.744874
  3950 291.490966
  3955 293.500536
  3960 293.271162
  3965 304.001263
  3970 298.099774
  3975 301.099831
  3980 299.935979
  3985 303.629769
  3990 298.027594
  3995 303.257793
  4000 293.105195
  4005 296.159179
  4010 304.019561
  4015 293.443341
  4020 298.610855
  4025 293.396009
  4030 297.371105
  4035 301.815785
  4040 296.329830
  4045 293.726704
  4050 301.334416
  4055 294.727928
  4060 302.529819
  4065 291.143896
  4070 295.549496
  4075 303.109582
  4080 302.503553
  4085 295.915102
  4090 304.550648
  4095 305.387318
  4100 296.357054
  4105 301.645754
  4110 299.073586
  4115 294.633058
  4120 296.868099
  4125 293.402599
  4130 292.023559
  4135 293.827358
  4140 295.590259
  4145 296.718004
  4150 295.875077
  4155 298.551637
  4160 291.293481
  4165 298.842723
  4170 293.578593
  4175 295.376926
  4180 303.801825
  4185 300.905354
  4190 305.005939
  4195 302.126530
  4200 291.438340
  4205 303.458815
  4210 298.038453
  4215 303.656965
  4220 295.104455
  4225 297.222359
  4230 297.828447
  4235 294.406536
  4240 295.625508
  4245 291.944036
  4250 300.591597
  4255 304.597726
  4260 292.674955
  4265 303.768604
  4270 294.977975
  4275 298.985969
  4280 296.502471
  4285 302.212112
  4290 305.377335
  4295 299.494221
  4300 296.190099
  4305 292.950124
  4310 291.381435
  4315 302.308344
  4320 301.801084
  4325 303.220845
  4330 298.952715
  4335 293.166957
  4340 301.477164
  4345 296.170085
  4350 294.157537
  4355 303.198913
  4360 296.002263
  4365 300.169735
  4370 298.163185
  4375 291.117965
  4380 296.367387
  4385 303.373546
  4390 294.756416
  4395 303.555864
  4400 302.529557
  4405 292.953471
  4410 293.903178
  4415 303.859293
  4420 305.209972
  4425 291.403621
  4430 294.344888
  4435 292.417362
  4440 299.394238
  4445 294.515844
  4450 292.404660
  4455 302.353778
  4460 303.471875
  4465 290.925478
  4470 301.871066
  4475 304.915823
  4480 300.277035
  4485 294.561480
  4490 296.357487
  4495 302.891196
  4500 291.458919
  4505 304.276217
  4510 303.680691
  4515 298.995985
  4520 292.902033
  4525 294.945367
  4530 303.671570
  4535 302.353551
  4540 293.165071
  4545 295.236667
  4550 301.084853
  4555 305.049881
  4560 303.928335
  4565 292.952868
  4570 300.633495
  4575 296.185826
  4580 294.590878
  4585 300.898161
  4590 296.802530
  4595 299.917288
  4600 293.357573
  4605 292.664412
  4610 299.752400
  4615 291.764946
  4620 304.357320
  4625 296.027563
  4630 297.812066
  4635 295.401840
  4640 293.831912
  4645 303.812164
  4650 304.205170
  4655 293.660344
  4660 296.514421
  4665 292.455482
  4670 304.109024
  4675 294.049935
  4680 294.058298
  4685 304.098043
  4690 297.619526
  4695 297.435486
  4700 298.318176
  4705 295.738473
  4710 296.854044
  4715 291.347719
  4720 294.215550
  4725 292.253870
  4730 297.608912
  4735 291.486967
  4740 303.586616
  4745 292.546467
  4750 302.658508
  4755 300.850230
  4760 303.437155
  4765 302.520663
  4770 302.043031
  4775 298.402358
  4780 291.544943
  4785 298.970794
  4790 297.573158
  4795 290.963970
  4800 293.610812
  4805 294.755121
  4810 302.008759
  4815 295.875080
  4820 301.777913
  4825 305.104970
  4830 303.655201
  4835 292.043952
  4840 296.126836
  4845 303.722768
  4850 301.694787
  4855 292.600313
  4860 297.730412
  4865 293.700186
  4870 294.915447
  4875 293.601456
  4880 301.298168
  4885 295.528840
  4890 298.120431
  4895 296.832607
  4900 300.338095
  4905 296.680833
  4910 293.761661
  4915 302.037767
  4920 302.164052
  4925 292.167597
  4930 299.080287
  4935 300.630787
  4940 296.999247
  4945 305.077629
  4950 303.132642
  4955 293.941242
  4960 298.902329
  4965 302.789299
  4970 296.819156
  4975 293.776554
  4980 301.554422
  4985 301.731598
  4990 301.130360
  4995 297.663511
  5000 302.920293
  5005 301.044628
  5010 303.343587
  5015 305.578734
  5020 295.212065
  5025 295.931279
  5030 303.078706
  5035 290.698011
  5040 292.196724
  5045 302.327988
  5050 304.550805
  5055 297.208758
  5060 304.804892
  5065 291.456709
  5070 296.995663
  5075 298.713602
  5080 294.615427
  5085 292.328710
  5090 291.214302
  5095 291.104442
  5100 303.323955
  5105 293.706304
  5110 301.390103
  5115 297.867985
  5120 298.757175
  5125 305.524255
  5130 297.668181
  5135 296.431763
  5140 297.285995
  5145 297.069059
  5150 300.828361
  5155 304.975815
  5160 297.029182
  5165 294.832520
  5170 302.116640
  5175 292.622449
  5180 291.588306
  5185 296.804687
  5190 294.023610
  5195 296.487192
  5200 298.180410
  5205 293.675177
  5210 304.626466
  5215 295.450001
  5220 298.961159
  5225 294.009677
  5230 298.508578
  5235 302.130074
  5240 303.413539
  5245 297.555542
  5250 294.678009
  5255 300.761905
  5260 298.115715
  5265 294.690807
  5270 298.391614
  5275 301.687572
  5280 302.922830
  5285 291.428983
  5290 303.714240
  5295 294.755551
  5300 305.119854
  5305 291.049856
  5310 303.655710
  5315 305.243351
  5320 305.149224
  5325 302.754582
  5330 294.892420
  5335 292.518730
  5340 297.187313
  5345 292.173712
  5350 303.894804
  5355 295.291397
  5360 298.299993
  5365 293.205505
  5370 293.334418
  5375 292.985484
  5380 301.927891
  5385 302.755658
  5390 300.436425
  5395 292.123138
  5400 291.666562
  5405 292.386155
  5410 290.822346
  5415 303.236454
  5420 293.576543
  5425 303.515448
  5430 292.329736
  5435 302.460291
  5440 294.258867
  5445 302.362851
  5450 298.139678
  5455 293.626018
  5460 293.103555
  5465 302.277384
  5470 297.312959
  5475 302.160052
  5480 300.977922
  5485 299.551168
  5490 300.159946
  5495 299.187797
  5500 292.045126
  5505 291.420602
  5510 302.682832
  5515 296.068944
  5520 299.157404
  5525 290.689663
  5530 290.851022
  5535 301.791132
  5540 295.226911
  5545 296.054555
  5550 294.049133
  5555 300.927079
  5560 292.209421
  5565 299.064214
  5570 291.205091
  5575 297.319156
  5580 293.867820
  5585 299.665823
  5590 293.833269
  5595 303.581863
  5600 302.923871
  5605 297.225139
  5610 292.310821
  5615 291.775202
  5620 298.884134
  5625 304.403747
  5630 298.837718
  5635 297.364282
  5640 304.408282
  5645 293.100643
  5650 299.555616
  5655 304.266616
  5660 296.292299
  5665 304.931799
  5670 302.904933
  5675 293.149557
  5680 297.931855
  5685 291.332821
  5690 291.527714
  5695 292.342958
  5700 294.694387
  5705 290.912840
  5710 300.202734
  5715 293.345976
  5720 297.118365
  5725 292.108216
  5730 297.391434
  5735 293.050552
  5740 297.652579
  5745 291.205329
  5750 293.258903
  5755 291.355988
  5760 304.976117
  5765 298.811350
  5770 302.327631
  5775 302.022017
  5780 301.051437
  5785 293.086379
  5790 303.655099
  5795 304.608797
  5800 290.909423
  5805 299.112101
  5810 302.903876
  5815 292.914136
  5820 298.921123
  5825 298.754527
  5830 300.920092
  5835 303.244811
  5840 299.146928
  5845 303.625713
  5850 291.015426
  5855 292.458746
  5860 301.730089
  5865 295.607201
  5870 298.551369
  5875 300.831991
  5880 295.478014
  5885 296.323461
  5890 300.583277
  5895 304.827216
  5900 299.029783
  5905 290.703003
  5910 303.355154
  5915 297.066829
  5920 291.987476
  5925 300.401559
  5930 302.855852
  5935 304.787249
  5940 300.362911
  5945 300.036825
  5950 296.340964
  5955 294.284709
  5960 304.292090
  5965 298.518545
  5970 293.311853
  5975 298.620549
  5980 298.891868
  5985 294.454542
  5990 302.729248
  5995 303.796459
  6000 297.177223
  6005 295.980687
  6010 292.825906
  6015 300.173584
  6020 303.636667
  6025 303.944536
  6030 296.586950
  6035 295.252353
  6040 295.932036
  6045 293.153646
  6050 301.158914
  6055 298.468101
  6060 302.511395
  6065 304.886295
  6070 303.224655
  6075 296.568061
  6080 291.826460
  6085 299.090944
  6090 300.495049
  6095 304.855137
  6100 298.219264
  6105 292.710799
  6110 298.436806
  6115 295.261477
  6120 291.329818
  6125 302.253830
  6130 293.408741
  6135 296.946371
  6140 298.475860
  6145 294.951308
  6150 291.555268
  6155 299.435449
  6160 295.656781
  6165 291.783039
  6170 290.870638
  6175 291.784793
  6180 295.567995
  6185 294.014060
  6190 301.056575
  6195 299.404795
  6200 296.747462
  6205 293.895002
  6210 299.599641
  6215 295.623632
  6220 295.517063
  6225 291.326899
  6230 301.922539
  6235 293.579359
  6240 292.733962
  6245 302.299680
  6250 292.956282
  6255 303.998104
  6260 291.293489
  6265 297.001381
  6270 294.727454
  6275 301.403533
  6280 296.470108
  6285 293.889808
  6290 305.195753
  6295 303.678319
  6300 303.128690
  6305 293.701685
  6310 292.728244
  6315 291.766119
  6320 295.928497
  6325 293.132518
  6330 296.659554
  6335 303.453870
  6340 304.173294
  6345 301.111715
  6350 295.740090
  6355 293.440434
  6360 297.188767
  6365 301.176625
  6370 299.100821
  6375 290.851040
  6380 296.482330
  6385 298.410540
  6390 298.642513
  6395 294.762817
  6400 302.026987
  6405 300.278240
  6410 302.371676
  6415 294.058146
  6420 303.334541
  6425 303.257385
  6430 291.027214
  6435 302.106989
  6440 303.625004
  6445 291.680565
  6450 303.732999
  6455 295.795870
  6460 302.437663
  6465 301.467559
  6470 303.546536
  6475 296.207177
  6480 298.713304
  6485 300.216623
  6490 299.826041
  6495 297.169168
  6500 305.348416
  6505 292.705718
  6510 298.112995
  6515 292.154515
  6520 303.532925
  6525 303.640978
  6530 302.317217
  6535 301.641539
  6540 294.139479
  6545 292.528724
  6550 292.685791
  6555 301.542779
  6560 292.003401
  6565 294.844762
  6570 295.463344
  6575 290.924641
  6580 298.536701
  6585 294.539629
  6590 297.248817
  6595 303.195762
  6600 292.552333
  6605 299.003122
  6610 297.954139
  6615 296.504611
  6620 296.719513
  6625 298.305181
  6630 304.791218
  6635 297.727105
  6640 304.244389
  6645 298.449872
  6650 302.717724
  6655 303.253347
  6660 305.508629
  6665 304.265871
  6670 301.108862
  6675 300.959307
  6680 295.824677
  6685 294.131164
  6690 298.798570
  6695 295.207873
  6700 297.258396
  6705 292.065961
  6710 294.797515
  6715 303.791954
  6720 304.626255
  6725 297.422263
  6730 294.266952
  6735 300.695383
  6740 295.740910
  6745 304.822312
  6750 293.627047
  6755 298.400950
  6760 302.430225
  6765 303.991204
  6770 304.056145
  6775 305.413821
  6780 294.309543
  6785 305.097733
  6790 303.180153
  6795 290.887283
  6800 291.934920
  6805 302.290899
  6810 304.327046
  6815 297.815699
  6820 298.709617
  6825 299.531652
  6830 294.246102
  6835 293.826917
  6840 291.047682
  6845 304.295759
  6850 295.567877
  6855 305.058101
  6860 299.503745
  6865 304.131431
  6870 301.270090
  6875 294.303510
  6880 302.737506
  6885 298.833699
  6890 301.113790
  6895 293.694144
  6900 296.928387
  6905 297.417980
  6910 294.799423
  6915 300.907911
  6920 303.342030
  6925 298.455018
  6930 299.508096
  6935 304.068178
  6940 291.719091
  6945 299.805721
  6950 303.639501
  6955 303.397086
  6960 291.259912
  6965 299.457259
  6970 302.558494
  6975 294.906854
  6980 293.098415
  6985 297.349388
  6990 293.023374
  6995 297.773145
  7000 297.167057
  7005 298.110795
  7010 292.473163
  7015 303.228193
  7020 298.850329
  7025 297.255146
  7030 303.596330
  7035 296.221409
  7040 291.099297
  7045 300.203255
  7050 296.731640
  7055 300.987839
  7060 292.380950
  7065 303.636882
  7070 294.210593
  7075 295.846983
  7080 300.515213
  7085 303.974739
  7090 305.134994
  7095 294.629666
  7100 300.219575
  7105 303.534629
  7110 291.750659
  7115 292.219986
  7120 304.103029
  7125 301.891166
  7130 293.453372
  7135 303.587219
  7140 299.869933
  7145 293.560146
  7150 292.712737
  7155 301.264317
  7160 303.380062
  7165 298.043580
  7170 293.375731
  7175 305.235941
  7180 298.688142
  7185 302.290680
  7190 291.981692
  7195 297.619721
  7200 294.734689
  7205 303.772823
  7210 297.477260
  7215 299.441208
  7220 302.803194
  7225 299.070985
  7230 302.341511
  7235 298.608754
  7240 291.677210
  7245 293.979940
  7250 296.624395
  7255 296.701617
  7260 304.710573
  7265 291.574947
  7270 301.584909
  7275 299.602373
  7280 291.207477
  7285 303.594583
  7290 302.191674
  7295 292.387867
  7300 292.759814
  7305 296.244481
  7310 304.288764
  7315 301.281715
  7320 298.230306
  7325 291.951789
  7330 297.213375
  7335 293.386557
  7340 294.009117
  7345 301.008854
  7350 295.570645
  7355 292.148666
  7360 298.117643
  7365 300.191651
  7370 296.507305
  7375 300.173524
  7380 294.471688
  7385 296.351000
  7390 299.346493
  7395 294.929007
  7400 292.586130
  7405 299.644980
  7410 292.168946
  7415 304.749953
  7420 296.351321
  7425 302.705888
  7430 296.334416
  7435 295.792210
  7440 293.743762
  7445 292.237031
  7450 294.284483
  7455 293.671591
  7460 304.148495
  7465 292.347208
  7470 304.993332
  7475 303.534358
  7480 295.677548
  7485 302.719060
  7490 299.452451
  7495 302.716856
  7500 302.322344
  7505 300.468133
  7510 293.418511
  7515 292.435329
  7520 297.660514
  7525 296.850450
  7530 304.719966
  7535 294.593728
  7540 294.814034
  7545 294.902875
  7550 305.381893
  7555 305.003912
  7560 292.879778
  7565 292.655743
  7570 303.469114
  7575 299.348889
  7580 301.665234
  7585 293.581803
  7590 304.232853
  7595 294.821464
  7600 304.112452
  7605 303.823398
  7610 291.686359
  7615 304.742312
  7620 295.274027
  7625 298.626161
  7630 302.033915
  7635 304.247298
  7640 295.970515
  7645 303.808655
  7650 301.048269
  7655 291.577242
  7660 291.061308
  7665 305.492667
  7670 304.622482
  7675 295.066768
  7680 305.610512
  7685 291.926773
  7690 302.007475
  7695 295.578271
  7700 303.877150
  7705 300.180451
  7710 293.625305
  7715 295.539193
  7720 301.305593
  7725 300.104108
  7730 296.469225
  7735 301.140212
  7740 293.063216
  7745 299.930524
  7750 300.157064
  7755 303.682085
  7760 299.321517
  7765 305.270541
  7770 304.576213
  7775 293.165646
  7780 292.679211
  7785 294.401120
  7790 291.078885
  7795 298.236751
  7800 303.968560
  7805 302.880118
  7810 295.988402
  7815 305.642562
  7820 293.252653
  7825 292.809214
  7830 301.550829
  7835 302.414767
  7840 295.119849
  7845 291.538066
  7850 303.006471
  7855 300.951141
  7860 305.410536
  7865 291.995863
  7870 297.210514
  7875 294.074539
  7880 300.445351
  7885 301.778674
  7890 296.618977
  7895 302.406273
  7900 296.222279
  7905 301.579535
  7910 298.648041
  7915 300.387967
  7920 299.697009
  7925 300.930193
  7930 303.630699
  7935 303.742824
  7940 295.484651
  7945 291.371889
  7950 293.804199
  7955 305.596603
  7960 294.005445
  7965 297.920450
  7970 290.692708
  7975 296.902479
  7980 302.439206
  7985 296.976246
  7990 302.649098
  7995 291.357717
  8000 293.106885
  8005 293.461919
  8010 294.639187
  8015 291.136952
  8020 293.721755
  8025 305.638019
  8030 294.599208
  8035 298.750938
  8040 303.259115
  8045 304.091996
  8050 300.055139
  8055 305.451401
  8060 292.859994
  8065 290.934999
  8070 297.819535
  8075 300.600753
  8080 292.469428
  8085 293.237454
  8090 300.951088
  8095 296.385174
  8100 300.090186
  8105 302.190896
  8110 303.340005
  8115 292.011484
  8120 293.075068
  8125 303.061387
  8130 294.894311
  8135 301.678145
  8140 292.937397
  8145 297.776333
  8150 297.159104
  8155 303.394044
  8160 296.237401
  8165 301.600273
  8170 302.466802
  8175 291.750123
  8180 297.496496
  8185 298.810892
  8190 304.479233
  8195 301.368531
  8200 300.258517
  8205 294.683904
  8210 304.254636
  8215 301.582500
  8220 294.968274
  8225 302.513707
  8230 297.056029
  8235 297.651605
  8240 294.480708
  8245 301.035063
  8250 299.457427
  8255 296.998222
  8260 295.327023
  8265 304.694829
  8270 302.718865
  8275 290.949850
  8280 298.493690
  8285 303.621358
  8290 304.112724
  8295 298.361690
  8300 297.400307
  8305 299.760835
  8310 296.043412
  8315 292.928807
  8320 294.761579
  8325 296.767460
  8330 303.166135
  8335 294.615069
  8340 297.804757
  8345 292.499588
  8350 294.470421
  8355 304.459766
  8360 298.916156
  8365 303.146532
  8370 297.641775
  8375 291.631365
  8380 296.105017
  8385 299.613756
  8390 304.426161
  8395 291.895679
  8400 294.037083
  8405 291.604188
  8410 301.744015
  8415 301.526982
  8420 295.700160
  8425 295.547319
  8430 296.029647
  8435 295.229293
  8440 297.473666
  8445 291.223985
  8450 302.253801
  8455 293.908699
  8460 304.556174
  8465 296.556023
  8470 295.172523
  8475 293.282676
  8480 301.632681
  8485 303.810794
  8490 291.807422
  8495 291.285949
  8500 300.643355
  8505 303.209688
  8510 296.488963
  8515 301.440509
  8520 294.954919
  8525 304.885691
  8530 304.713170
  8535 293.204794
  8540 293.101911
  8545 305.140269
  8550 302.950641
  8555 300.527184
  8560 292.886937
  8565 294.755956
  8570 292.906044
  8575 293.045448
  8580 301.772076
  8585 296.860413
  8590 301.449570
  8595 294.042885
  8600 305.549711
  8605 297.798736
  8610 302.126802
  8615 292.960043
  8620 302.951956
  8625 298.845601
  8630 300.977301
  8635 305.344152
  8640 292.306450
  8645 302.493210
  8650 296.344770
  8655 299.142666
  8660 304.227453
  8665 294.002722
  8670 294.350085
  8675 291.697080
  8680 300.868742
  8685 300.241398
  8690 296.422008
  8695 302.922435
  8700 294.307941
  8705 301.494094
  8710 292.864674
  8715 298.052164
  8720 301.706870
  8725 295.414213
  8730 292.853621
  8735 292.152818
  8740 303.068061
  8745 292.841024
  8750 302.668113
  8755 297.410617
  8760 291.217151
  8765 297.009442
  8770 305.277124
  8775 297.594276
  8780 290.918137
  8785 295.625793
  8790 294.255919
  8795 301.363927
  8800 302.306280
  8805 303.478344
  8810 302.557392
  8815 292.447528
  8820 293.203321
  8825 296.008236
  8830 294.697996
  8835 298.369385
  8840 290.930405
  8845 295.266841
  8850 295.159337
  8855 295.837064
  8860 296.954562
  8865 302.672478
  8870 301.213689
  8875 304.843229
  8880 302.464989
  8885 299.163078
  8890 304.678470
  8895 296.270197
  8900 300.268408
  8905 291.329385
  8910 299.542179
  8915 303.298177
  8920 294.538282
  8925 303.412425
  8930 298.688085
  8935 299.914106
  8940 292.704507
  8945 305.431619
  8950 299.969938
  8955 297.541409
  8960 292.163911
  8965 301.183805
  8970 292.816906
  8975 297.614169
  8980 300.078620
  8985 297.285031
  8990 294.203045
  8995 298.370904
  9000 297.551034
  9005 290.758595
  9010 298.301416
  9015 304.539118
  9020 302.575665
  9025 290.749355
  9030 291.078966
  9035 298.227478
  9040 291.535270
  9045 305.062326
  9050 298.797330
  9055 303.933816
  9060 300.933796
  9065 295.143640
  9070 296.893240
  9075 291.258056
  9080 298.229963
  9085 304.636343
  9090 293.245502
  9095 293.384415
  9100 295.721538
  9105 296.182685
  9110 297.007116
  9115 299.635279
  9120 298.250497
  9125 298.814632
  9130 293.985135
  9135 304.602326
  9140 301.849181
  9145 291.622422
  9150 295.081286
  9155 304.015239
  9160 303.890822
  9165 294.664545
  9170 293.571946
  9175 295.127233
  9180 296.414600
  9185 301.819284
  9190 292.096705
  9195 294.513857
  9200 301.490908
  9205 295.209166
  9210 298.439216
  9215 296.657611
  9220 294.031131
  9225 297.582701
  9230 302.826416
  9235 291.680980
  9240 303.696864
  9245 293.760715
  9250 293.695891
  9255 303.877402
  9260 304.320525
  9265 299.677675
  9270 298.109160
  9275 299.818363
  9280 301.601548
  9285 303.955893
  9290 290.741586
  9295 296.500654
  9300 300.231399
  9305 292.700032
  9310 302.380019
  9315 296.569504
  9320 292.500825
  9325 301.236698
  9330 292.759682
  9335 297.303823
  9340 300.603838
  9345 298.568386
  9350 304.608170
  9355 298.955755
  9360 302.974764
  9365 301.275588
  9370 293.435377
  9375 299.726144
  9380 301.927815
  9385 302.179302
  9390 297.871331
  9395 304.462725
  9400 298.180981
  9405 303.264119
  9410 291.882871
  9415 298.073368
  9420 298.824950
  9425 301.507807
  9430 293.432040
  9435 291.337559
  9440 300.689728
  9445 291.753035
  9450 303.088428
  9455 302.187309
  9460 294.713263
  9465 305.593326
  9470 302.422292
  9475 302.967874
  9480 292.269192
  9485 299.438760
  9490 301.769867
  9495 303.256456
  9500 292.794356
  9505 294.319224
  9510 304.163876
  9515 293.828111
  9520 301.329733
  9525 303.802287
  9530 299.531832
  9535 301.306716
  9540 295.410251
  9545 295.558133
  9550 296.450669
  9555 300.285384
  9560 295.539503
  9565 291.248163
  9570 298.891707
  9575 294.010215
  9580 305.479227
  9585 292.551400
  9590 300.955600
  9595 302.389141
  9600 298.654839
  9605 301.225957
  9610 296.699571
  9615 294.332699
  9620 299.821476
  9625 292.260681
  9630 299.512860
  9635 295.121034
  9640 299.605706
  9645 291.323565
  9650 293.041175
  9655 291.412261
  9660 293.290868
  9665 294.042403
  9670 298.906550
  9675 305.247974
  9680 299.495059
  9685 292.490354
  9690 301.533886
  9695 298.316595
  9700 299.342675
  9705 295.400810
  9710 303.689305
  9715 297.658666
  9720 296.001077
  9725 305.010710
  9730 300.821783
  9735 291.599311
  9740 293.665292
  9745 296.049096
  9750 297.544424
  9755 297.168825
  9760 300.449725
  9765 293.187603
  9770 296.407051
  9775 298.728666
  9780 293.103100
  9785 291.517620
  9790 304.866504
  9795 294.295139
  9800 305.525189
  9805 300.966567
  9810 292.141239
  9815 300.546378
  9820 301.350010
  9825 301.372254
  9830 293.024370
  9835 291.356026
  9840 292.673842
  9845 298.513126
  9850 299.983444
  9855 295.939365
  9860 296.106451
  9865 301.155698
  9870 298.446758
  9875 299.937253
  9880 296.070278
  9885 301.635623
  9890 295.318059
  9895 297.124700
  9900 302.555394
  9905 296.531488
  9910 303.161945
  9915 304.336699
  9920 301.768234
  9925 301.289868
  9930 305.071055
  9935 295.701116
  9940 295.728160
  9945 291.848577
  9950 303.149926
  9955 300.454240
  9960 304.822969
  9965 292.459668
  9970 292.439206
  9975 297.747393
  9980 291.940091
  9985 294.511951
  9990 304.568233
  9995 296.637278
 10000 302.655533
 10005 298.286258
 10010 296.800268
 10015 303.173603
 10020 295.769021
 10025 300.126802
 10030 298.376907
 10035 292.230456
 10040 294.365461
 10045 293.779593
 10050 291.121700
 10055 301.154350
 10060 303.411124
 10065 292.834497
 10070 299.603448
 10075 296.752098
 10080 300.533477
 10085 291.625867
 10090 301.133020
 10095 293.495972
 10100 298.055099
 10105 304.298687
 10110 296.133768
 10115 300.039313
 10120 296.730637
 10125 298.239673
 10130 300.855900
 10135 298.551198
 10140 299.304269
 10145 297.891529
 10150 297.749584
 10155 296.006897
 10160 305.495169
 10165 298.516840
 10170 292.984255
 10175 299.530818
 10180 296.662821
 10185 293.143864
 10190 293.457747
 10195 297.362589
 10200 296.950441
 10205 297.890097
 10210 301.734065
 10215 299.955403
 10220 297.906004
 10225 303.742905
 10230 295.692574
 10235 299.279701
 10240 292.104533
 10245 294.931954
 10250 292.970681
 10255 303.748601
 10260 296.659420
 10265 299.418671
 10270 305.067083
 10275 291.874061
 10280 296.987959
 10285 298.719002
 10290 297.253325
 10295 293.481390
 10300 298.447652
 10305 295.767935
 10310 301.289085
 10315 294.526969
 10320 298.247029
 10325 298.874260
 10330 304.189841
 10335 295.306434
 10340 294.300858
 10345 293.466890
 10350 294.789643
 10355 294.024916
 10360 299.137499
 10365 305.304843
 10370 291.730877
 10375 300.300700
 10380 294.997856
 10385 303.128803
 10390 304.702611
 10395 295.937651
 10400 301.486291
 10405 301.929525
 10410 295.014378
 10415 291.168698
 10420 297.845977
 10425 293.616187
 10430 294.978656
 10435 304.068029
 10440 294.445218
 10445 300.851953
 10450 296.620156
 10455 299.301919
 10460 297.900076
 10465 293.700443
 10470 292.907346
 10475 291.492420
 10480 299.726566
 10485 291.058862
 10490 299.323360
 10495 299.510771
 10500 300.795282
 10505 304.109512
 10510 291.324624
 10515 301.096490
 10520 305.582046
 10525 292.520123
 10530 302.270367
 10535 299.228290
 10540 294.322183
 10545 294.331536
 10550 303.279704
 10555 299.349773
 10560 302.956741
 10565 303.137490
 10570 303.160694
 10575 300.841727
 10580 303.967326
 10585 301.179807
 10590 290.743208
 10595 292.943885
 10600 293.532229
 10605 295.519586
 10610 293.827958
 10615 305.206820
 10620 304.661243
 10625 293.200310
 10630 290.860844
 10635 293.128475
 10640 295.269039
 10645 305.311525
 10650 304.902663
 10655 293.631342
 10660 303.772762
 10665 292.744656
 10670 296.787506
 10675 299.387791
 10680 300.302155
 10685 305.309505
 10690 293.914215
 10695 295.438531
 10700 293.880330
 10705 293.290904
 10710 294.900089
 10715 293.672480
 10720 292.249927
 10725 299.034152
 10730 299.210620
 10735 296.906932
 10740 297.674136
 10745 291.871582
 10750 297.528124
 10755 304.450431
 10760 291.435013
 10765 293.998124
 10770 294.907089
 10775 293.316651
 10780 304.319159
 10785 295.097619
 10790 292.932909
 10795 292.824387
 10800 302.042985
