     5 293.876872
    10 304.981214
    15 303.357965
    20 302.378529
    25 305.559993
    30 296.443356
    35 290.836584
    40 302.514371
    45 293.769245
    50 295.008171
    55 297.254010
    60 299.723251
    65 291.286071
    70 299.977242
    75 299.966175
    80 290.859350
    85 296.266463
    90 301.137027
    95 297.588883
   100 293.785379
   105 300.350815
   110 292.857027
   115 305.627089
   120 293.200264
   125 302.469315
   130 304.332465
   135 300.084644
   140 298.735007
   145 300.715181
   150 302.871921
   155 290.984816
   160 305.151379
   165 297.290638
   170 300.807430
   175 294.002471
   180 292.671066
   185 295.018142
   190 296.669496
   195 299.682376
   200 304.960236
   205 298.605595
   210 301.210037
   215 300.068095
   220 298.592747
   225 291.862778
   230 304.889332
   235 297.674830
   240 300.437456
   245 292.045000
   250 295.822512
   255 304.789493
   260 291.830811
   265 292.630233
   270 295.679920
   275 293.185856
   280 293.322871
   285 291.116340
   290 297.615114
   295 298.161496
   300 296.832672
   305 298.130719
   310 297.391578
   315 298.305867
   320 292.077795
   325 297.742433
   330 294.270601
   335 297.931604
   340 304.621647
   345 305.503687
   350 303.690206
   355 300.000624
   360 298.590618
   365 296.070888
   370 303.778035
   375 301.646886
   380 303.781427
   385 299.473885
   390 297.418053
   395 292.795709
   400 299.700120
   405 295.515476
   410 298.656148
   415 291.175591
   420 295.122906
   425 292.050935
   430 294.633543
   435 304.840380
   440 302.934240
   445 301.050050
   450 291.180655
   455 292.200210
   460 302.823854
   465 292.537593
   470 294.084843
   475 303.236696
   480 298.383691
   485 292.850982
   490 300.789288
   495 302.474653
   500 305.151317
   505 295.940895
   510 291.599683
   515 295.024440
   520 302.413815
   525 297.664266
   530 293.049690
   535 304.772831
   540 295.546037
   545 299.104334
   550 297.483136
   555 292.176240
   560 304.646146
   565 298.831220
   570 300.115376
   575 297.145264
   580 301.429715
   585 299.383172
   590 297.763019
   595 304.957819
   600 300.858148
   605 301.542051
   610 293.641099
   615 305.594732
   620 295.143448
   625 299.228329
   630 294.338206
   635 295.943373
   640 294.548750
   645 290.738293
   650 296.979510
   655 296.880729
   660 298.047440
   665 292.836118
   670 299.950314
   675 298.856080
   680 293.997791
   685 304.412168
   690 303.459837
   695 296.712281
   700 303.225515
   705 304.329515
   710 303.762562
   715 301.784239
   720 298.147341
   725 291.176098
   730 299.246869
   735 301.378062
   740 294.527340
   745 298.804291
   750 296.525665
   755 299.508673
   760 304.250506
   765 303.856742
   770 302.092241
   775 301.544846
   780 297.867201
   785 303.476965
   790 302.565187
   795 295.227624
   800 301.599916
   805 292.465664
   810 292.506503
   815 300.936460
   820 302.556552
   825 293.613375
   830 291.541186
   835 294.206380
   840 300.538653
   845 296.824980
   850 301.746386
   855 299.511931
   860 297.721766
   865 300.456568
   870 301.228616
   875 302.695650
   880 291.418947
   885 293.950110
   890 299.601934
   895 296.005742
   900 291.484934
   905 294.074834
   910 302.999432
   915 303.011073
   920 299.123898
   925 302.275749
   930 295.851453
   935 298.894575
   940 300.030299
   945 296.158486
   950 296.908589
   955 301.872810
   960 292.254351
   965 294.346631
   970 302.978333
   975 299.198664
   980 296.920518
   985 300.315190
   990 300.792064
   995 300.921693
  1000 299.310912
  1005 302.865714
  1010 294.138911
  1015 304.557742
  1020 297.665307
  1025 293.228758
  1030 295.519111
  1035 303.810269
  1040 302.084889
  1045 295.857041
  1050 296.150624
  1055 296.463613
  1060 303.440658
  1065 294.910275
  1070 291.522060
  1075 292.836641
  1080 300.941589
  1085 304.721328
  1090 303.700597
  1095 293.197163
  1100 297.488072
  1105 291.256694
  1110 291.860532
  1115 293.077095
  1120 302.739119
  1125 291.477036
  1130 301.623601
  1135 296.474709
  1140 296.216391
  1145 300.948909
  1150 295.647527
  1155 297.868313
  1160 294.201626
  1165 303.320715
  1170 291.354426
  1175 295.007101
  1180 292.639713
  1185 292.969356
  1190 298.994115
  1195 297.739882
  1200 290.987223
  1205 292.960285
  1210 298.775583
  1215 292.743755
  1220 297.836423
  1225 297.889964
  1230 293.497953
  1235 297.059257
  1240 304.497351
  1245 296.210441
  1250 297.840618
  1255 293.975137
  1260 300.103788
  1265 298.932670
  1270 296.188715
  1275 292.327451
  1280 303.826124
  1285 292.408236
  1290 296.193528
  1295 293.642221
  1300 291.364811
  1305 300.168383
  1310 294.512657
  1315 295.249660
  1320 295.695470
  1325 300.583708
  1330 298.402103
  1335 294.549892
  1340 305.074349
  1345 305.367080
  1350 300.942484
  1355 298.812085
  1360 297.599092
  1365 293.859928
  1370 296.855665
  1375 300.195096
  1380 300.761766
  1385 301.895440
  1390 301.780734
  1395 303.170845
  1400 291.256603
  1405 293.101163
  1410 294.095841
  1415 295.805431
  1420 297.684726
  1425 293.604618
  1430 295.419543
  1435 305.284361
  1440 293.843698
  1445 301.640922
  1450 292.921779
  1455 305.338111
  1460 294.903138
  1465 298.294205
  1470 294.124267
  1475 293.626843
  1480 294.516627
  1485 302.707144
  1490 292.912102
  1495 301.038372
  1500 303.922459
  1505 295.959851
  1510 301.422284
  1515 298.604734
  1520 300.333655
  1525 299.605734
  1530 293.124836
  1535 302.969863
  1540 296.507244
  1545 296.915750
  1550 294.852138
  1555 291.119093
  1560 293.327224
  1565 295.300167
  1570 292.203156
  1575 298.618728
  1580 294.640946
  1585 291.547173
  1590 298.998766
  1595 292.035053
  1600 299.500625
  1605 292.557430
  1610 294.972726
  1615 294.036949
  1620 291.691199
  1625 298.432533
  1630 303.436927
  1635 298.507180
  1640 293.778278
  1645 301.796322
  1650 297.728479
  1655 298.770737
  1660 293.723547
  1665 303.302394
  1670 303.490234
  1675 304.486029
  1680 294.652305
  1685 304.565495
  1690 293.453556
  1695 301.715528
  1700 295.718847
  1705 302.108228
  1710 292.980079
  1715 293.384832
  1720 291.654288
  1725 303.352027
  1730 305.111870
  1735 300.458475
  1740 301.895041
  1745 291.677601
  1750 292.741411
  1755 293.341025
  1760 302.764637
  1765 294.702794
  1770 296.854952
  1775 304.404598
  1780 304.084361
  1785 297.564926
  1790 299.582224
  1795 304.156421
  1800 298.882225
  1805 299.627519
  1810 293.344200
  1815 298.771470
  1820 292.200517
  1825 293.455669
  1830 301.289811
  1835 302.527572
  1840 299.661897
  1845 304.374322
  1850 291.815413
  1855 300.047354
  1860 296.930032
  1865 301.172005
  1870 294.205803
  1875 294.772143
  1880 296.317638
  1885 301.181716
  1890 293.243421
  1895 295.878291
  1900 303.941571
  1905 298.108381
  1910 297.533127
  1915 305.261061
  1920 301.498984
  1925 304.005844
  1930 304.801878
  1935 299.069674
  1940 305.484367
  1945 301.442246
  1950 292.395057
  1955 298.302996
  1960 305.505605
  1965 297.524534
  1970 298.590985
  1975 298.146334
  1980 302.762269
  1985 292.872841
  1990 296.087246
  1995 298.740046
  2000 293.390745
  2005 303.911649
  2010 299.384613
  2015 301.142377
  2020 304.872506
  2025 300.356004
  2030 304.993622
  2035 302.232830
  2040 301.430000
  2045 299.036947
  2050 291.312513
  2055 297.555043
  2060 298.002761
  2065 295.910230
  2070 298.165823
  2075 297.414364
  2080 300.775953
  2085 292.357606
  2090 305.022061
  2095 304.471639
  2100 300.037193
  2105 292.430823
  2110 293.646863
  2115 304.935798
  2120 302.740819
  2125 302.171855
  2130 298.887673
  2135 303.281148
  2140 292.168336
  2145 295.794072
  2150 291.101211
  2155 300.614830
  2160 298.879948
  2165 304.681382
  2170 294.062817
  2175 292.798965
  2180 294.121364
  2185 297.756126
  2190 300.072068
  2195 292.617123
  2200 297.871086
  2205 298.577952
  2210 290.801697
  2215 298.986523
  2220 300.508651
  2225 294.432103
  2230 295.508458
  2235 299.775721
  2240 304.740087
  2245 304.391645
  2250 300.162591
  2255 290.960613
  2260 302.002721
  2265 302.466730
  2270 301.990309
  2275 297.356524
  2280 301.748456
  2285 292.429421
  2290 296.199382
  2295 300.574373
  2300 300.225890
  2305 297.142159
  2310 299.826478
  2315 295.550583
  2320 302.687180
  2325 292.584764
  2330 305.041667
  2335 300.371490
  2340 291.309970
  2345 304.021303
  2350 301.806047
  2355 301.046858
  2360 304.276601
  2365 291.273102
  2370 294.852754
  2375 301.664249
  2380 298.818681
  2385 291.364345
  2390 291.766196
  2395 293.970408
  2400 301.961275
  2405 298.416495
  2410 291.065003
  2415 301.022557
  2420 304.132420
  2425 303.923696
  2430 291.201815
  2435 294.167932
  2440 296.414829
  2445 301.990610
  2450 292.545837
  2455 292.690129
  2460 304.834381
  2465 297.874197
  2470 290.695453
  2475 291.928427
  2480 293.364440
  2485 294.504869
  2490 296.782655
  2495 303.723660
  2500 294.852670
  2505 305.545183
  2510 292.794659
  2515 292.136820
  2520 303.455927
  2525 297.110804
  2530 303.824876
  2535 304.988351
  2540 299.954595
  2545 300.730640
  2550 294.956340
  2555 304.939917
  2560 291.052855
  2565 303.304838
  2570 290.715150
  2575 297.842899
  2580 298.944022
  2585 297.216663
  2590 295.429985
  2595 291.265827
  2600 297.001362
  2605 293.111757
  2610 299.454804
  2615 302.047614
  2620 303.989335
  2625 305.186414
  2630 293.604537
  2635 301.566114
  2640 300.253588
  2645 305.012630
  2650 297.891978
  2655 290.872189
  2660 302.087943
  2665 293.761990
  2670 295.374110
  2675 300.340137
  2680 302.921816
  2685 299.900318
  2690 296.250475
  2695 295.290880
  2700 298.930865
  2705 291.618296
  2710 304.564819
  2715 295.360242
  2720 298.073625
  2725 294.281039
  2730 296.658904
  2735 305.409983
  2740 294.793042
  2745 301.982086
  2750 301.546838
  2755 302.235836
  2760 301.376686
  2765 304.641946
  2770 301.948030
  2775 297.982698
  2780 296.384210
  2785 292.680105
  2790 299.714391
  2795 303.188229
  2800 301.194650
  2805 294.527795
  2810 300.518051
  2815 295.521047
  2820 301.539961
  2825 302.853023
  2830 302.052752
  2835 302.180685
  2840 305.567902
  2845 303.374975
  2850 303.820204
  2855 296.077078
  2860 292.438359
  2865 294.340514
  2870 304.406681
  2875 301.077575
  2880 298.347324
  2885 293.209341
  2890 298.326986
  2895 304.322054
  2900 300.877018
  2905 296.463055
  2910 292.908524
  2915 301.267943
  2920 301.085337
  2925 299.388167
  2930 293.067167
  2935 304.570755
  2940 304.736365
  2945 304.442308
  2950 302.190394
  2955 298.706003
  2960 300.154199
  2965 298.647911
  2970 304.892923
  2975 301.017182
  2980 299.305335
  2985 290.958102
  2990 292.727668
  2995 301.298345
  3000 294.270503
  3005 291.560956
  3010 294.299995
  3015 298.513470
  3020 300.937813
  3025 300.315580
  3030 296.603904
  3035 299.388792
  3040 298.873479
  3045 299.345320
  3050 295.656035
  3055 301.125426
  3060 293.467700
  3065 291.684498
  3070 301.304894
  3075 296.093915
  3080 296.088487
  3085 292.878476
  3090 298.880897
  3095 298.753512
  3100 303.660948
  3105 296.273785
  3110 295.016855
  3115 294.058475
  3120 298.639744
  3125 304.936276
  3130 300.490384
  3135 297.254965
  3140 293.207172
  3145 296.192640
  3150 304.715391
  3155 303.317202
  3160 304.657536
  3165 298.410785
  3170 305.098713
  3175 298.177546
  3180 298.051068
  3185 290.744594
  3190 299.798429
  3195 301.728624
  3200 293.117190
  3205 305.571141
  3210 297.614488
  3215 300.086829
  3220 301.356346
  3225 297.542942
  3230 301.367289
  3235 291.851630
  3240 295.905982
  3245 300.639523
  3250 293.725864
  3255 304.951494
  3260 291.112757
  3265 291.467071
  3270 292.869095
  3275 294.025827
  3280 294.276788
  3285 305.099003
  3290 303.681744
  3295 290.659928
  3300 298.638735
  3305 303.234584
  3310 294.638141
  3315 301.640732
  3320 304.600255
  3325 305.524953
  3330 291.607528
  3335 291.628710
  3340 293.991949
  3345 303.789305
  3350 301.256216
  3355 293.634237
  3360 292.085272
  3365 303.288798
  3370 303.212387
  3375 291.400684
  3380 294.072501
  3385 299.502649
  3390 301.323034
  3395 296.374723
  3400 298.029402
  3405 300.007863
  3410 292.739056
  3415 293.080320
  3420 296.282785
  3425 292.487027
  3430 298.635672
  3435 293.880045
  3440 302.157686
  3445 295.242901
  3450 292.297279
  3455 292.313711
  3460 297.009231
  3465 294.238303
  3470 293.490060
  3475 291.342492
  3480 295.606157
  3485 300.899475
  3490 301.316755
  3495 292.318743
  3500 300.491864
  3505 296.786875
  3510 303.977908
  3515 297.436913
  3520 301.078471
  3525 290.680299
  3530 299.852640
  3535 299.510849
  3540 300.460943
  3545 305.115138
  3550 305.316389
  3555 300.784437
  3560 305.305478
  3565 296.992969
  3570 292.945290
  3575 297.484625
  3580 293.414480
  3585 304.226708
  3590 301.456784
  3595 296.658839
  3600 291.971970
  3605 291.686470
  3610 301.081382
  3615 303.199707
  3620 292.735274
  3625 293.823072
  3630 291.224258
  3635 298.567522
  3640 300.825832
  3645 297.821315
  3650 296.124310
  3655 298.100194
  3660 300.466139
  3665 301.912817
  3670 297.756432
  3675 301.968806
  3680 292.154057
  3685 303.574192
  3690 301.643147
  3695 299.297927
  3700 299.948789
  3705 301.594480
  3710 299.360945
  3715 296.216208
  3720 290.849810
  3725 301.293415
  3730 305.140232
  3735 293.374499
  3740 305.487948
  3745 291.045893
  3750 301.691370
  3755 299.528764
  3760 298.663654
  3765 300.051102
  3770 302.810364
  3775 300.289471
  3780 302.715703
  3785 297.377158
  3790 294.004716
  3795 295.646947
  3800 298.480124
  3805 300.262203
  3810 290.837701
  3815 303.202166
  3820 293.555003
  3825 293.100093
  3830 293.518268
  3835 297.305033
  3840 292.366616
  3845 300.541349
  3850 303.040146
  3855 304.859906
  3860 305.629844
  3865 297.594090
  3870 299.180736
  3875 298.094614
  3880 300.686443
  3885 292.644191
  3890 291.383941
  3895 300.512039
  3900 304.260173
  3905 292.308047
  3910 291.712508
  3915 292.630065
  3920 292.770797
  3925 304.558278
  3930 303.531351
  3935 293.715732
  3940 297.615091
  3945 291.742598
  3950 295.613824
  3955 304.311907
  3960 297.875844
  3965 300.728309
  3970 305.073856
  3975 291.197038
  3980 299.773473
  3985 304.077070
  3990 302.876478
  3995 290.677301
  4000 292.396882
  4005 302.397312
  4010 296.748672
  4015 303.102355
  4020 300.702074
  4025 292.823710
  4030 302.983734
  4035 300.782958
  4040 301.828262
  4045 301.043513
  4050 292.091343
  4055 290.736146
  4060 295.156435
  4065 296.566843
  4070 293.259528
  4075 299.621315
  4080 305.106161
  4085 293.012354
  4090 292.952830
  4095 300.117850
  4100 305.232669
  4105 303.516982
  4110 304.779915
  4115 292.921306
  4120 302.296238
  4125 296.752467
  4130 292.837678
  4135 305.112096
  4140 300.370067
  4145 297.710496
  4150 297.937380
  4155 294.739380
  4160 299.554376
  4165 291.602809
  4170 297.794134
  4175 305.578836
  4180 300.423788
  4185 298.119812
  4190 293.255720
  4195 298.152828
  4200 300.133794
  4205 299.965798
  4210 291.507712
  4215 294.801257
  4220 291.348642
  4225 301.777278
  4230 297.979480
  4235 305.259548
  4240 305.585271
  4245 292.846669
  4250 299.414080
  4255 302.409939
  4260 297.350779
  4265 301.012751
  4270 292.997924
  4275 303.626722
  4280 297.847151
  4285 292.034038
  4290 301.804965
  4295 292.554213
  4300 303.950488
  4305 297.832460
  4310 293.072694
  4315 301.702823
  4320 293.484755
  4325 297.993251
  4330 292.740155
  4335 301.969251
  4340 297.632989
  4345 299.517028
  4350 292.583666
  4355 293.363541
  4360 304.100838
  4365 305.393066
  4370 293.400049
  4375 292.423681
  4380 293.055195
  4385 305.346565
  4390 302.936880
  4395 291.289225
  4400 299.287823
  4405 292.973790
  4410 300.301792
  4415 305.003813
  4420 294.659715
  4425 300.868230
  4430 293.712700
  4435 305.374532
  4440 303.031198
  4445 300.120565
  4450 303.797735
  4455 301.151147
  4460 304.779893
  4465 299.100357
  4470 297.903980
  4475 297.193373
  4480 295.939485
  4485 299.422016
  4490 290.770779
  4495 303.673161
  4500 293.276620
  4505 300.336935
  4510 300.232506
  4515 304.623150
  4520 298.918709
  4525 293.176749
  4530 301.297940
  4535 301.627596
  4540 292.782006
  4545 293.106352
  4550 294.842150
  4555 300.831092
  4560 291.213832
  4565 293.644084
  4570 295.671993
  4575 295.010483
  4580 303.123630
  4585 302.900739
  4590 302.822646
  4595 304.986576
  4600 300.233847
  4605 303.568369
  4610 301.458003
  4615 295.468600
  4620 298.733394
  4625 304.217562
  4630 296.970738
  4635 295.678657
  4640 294.860276
  4645 303.068596
  4650 296.546390
  4655 300.873934
  4660 292.650246
  4665 302.853014
  4670 291.067269
  4675 300.172999
  4680 304.750196
  4685 296.621830
  4690 296.968352
  4695 301.202388
  4700 298.862417
  4705 299.545687
  4710 304.645578
  4715 299.539425
  4720 291.184667
  4725 302.044865
  4730 294.077200
  4735 303.486831
  4740 303.206139
  4745 304.156246
  4750 299.589060
  4755 299.927490
  4760 299.023096
  4765 302.165914
  4770 298.803787
  4775 303.976442
  4780 301.723097
  4785 300.935769
  4790 302.306372
  4795 297.640735
  4800 303.514280
  4805 293.558617
  4810 293.753691
  4815 292.495564
  4820 291.536302
  4825 302.792391
  4830 293.478550
  4835 292.659160
  4840 303.358640
  4845 304.647504
  4850 293.509671
  4855 300.250772
  4860 291.912756
  4865 293.966168
  4870 299.585519
  4875 294.623932
  4880 300.472754
  4885 301.511661
  4890 305.506136
  4895 302.424881
  4900 297.488711
  4905 291.765118
  4910 303.951746
  4915 304.108951
  4920 305.173204
  4925 294.887466
  4930 292.145813
  4935 300.463825
  4940 302.368538
  4945 292.727048
  4950 302.821176
  4955 294.342652
  4960 304.532244
  4965 305.343095
  4970 291.890415
  4975 302.937440
  4980 293.369212
  4985 291.770844
  4990 303.471310
  4995 293.067917
  5000 299.637576
  5005 305.497180
  5010 291.561523
  5015 293.323770
  5020 305.224262
  5025 301.908273
  5030 301.441960
  5035 302.746140
  5040 296.538156
  5045 296.679559
  5050 299.316733
  5055 305.436603
  5060 301.587910
  5065 302.016761
  5070 291.131023
  5075 303.188644
  5080 291.041732
  5085 299.006330
  5090 301.141937
  5095 292.549950
  5100 299.175006
  5105 300.477566
  5110 300.151580
  5115 297.311610
  5120 298.484924
  5125 296.553948
  5130 295.421001
  5135 301.091252
  5140 304.328905
  5145 302.086600
  5150 293.328125
  5155 292.857758
  5160 298.109966
  5165 302.867428
  5170 294.439584
  5175 295.631359
  5180 290.705912
  5185 301.739734
  5190 298.709597
  5195 303.728244
  5200 295.025161
  5205 304.196183
  5210 292.101075
  5215 302.107188
  5220 301.875337
  5225 302.067787
  5230 291.334611
  5235 291.693468
  5240 298.606737
  5245 293.956421
  5250 302.726095
  5255 293.688983
  5260 299.556720
  5265 299.546548
  5270 290.724417
  5275 295.092939
  5280 299.014152
  5285 303.200141
  5290 300.772972
  5295 304.003283
  5300 301.201484
  5305 294.128992
  5310 301.366185
  5315 300.517102
  5320 299.055061
  5325 297.698783
  5330 303.412223
  5335 299.168272
  5340 292.082122
  5345 291.343379
  5350 299.319175
  5355 296.458234
  5360 300.845835
  5365 297.841919
  5370 298.539635
  5375 304.594834
  5380 293.895004
  5385 301.601938
  5390 293.413136
  5395 303.270759
  5400 304.233405
  5405 298.751411
  5410 295.052400
  5415 290.927468
  5420 299.627351
  5425 291.302677
  5430 301.679183
  5435 305.161622
  5440 301.321815
  5445 297.727489
  5450 296.829992
  5455 292.379161
  5460 301.584506
  5465 299.293146
  5470 300.940419
  5475 297.481836
  5480 290.820737
  5485 300.650409
  5490 298.972622
  5495 292.854620
  5500 302.353099
  5505 299.453996
  5510 295.391625
  5515 297.084292
  5520 305.389792
  5525 297.567127
  5530 294.398369
  5535 291.750172
  5540 299.407533
  5545 301.980280
  5550 298.604657
  5555 305.328006
  5560 304.434443
  5565 293.809043
  5570 298.509331
  5575 293.018365
  5580 296.390076
  5585 292.700234
  5590 291.137070
  5595 292.242177
  5600 300.279889
  5605 292.770033
  5610 301.439208
  5615 300.091321
  5620 293.027315
  5625 295.342701
  5630 300.055330
  5635 291.110954
  5640 295.557143
  5645 293.004603
  5650 294.906889
  5655 291.887405
  5660 299.171106
  5665 301.403715
  5670 300.875956
  5675 294.817123
  5680 294.446329
  5685 297.868155
  5690 301.111599
  5695 291.806032
  5700 300.691902
  5705 295.786020
  5710 300.067295
  5715 301.338422
  5720 292.808768
  5725 302.616846
  5730 295.840826
  5735 300.001755
  5740 305.613188
  5745 290.921127
  5750 297.381636
  5755 297.049135
  5760 296.679327
  5765 292.864815
  5770 300.910928
  5775 304.023275
  5780 302.764369
  5785 297.903691
  5790 305.629482
  5795 298.867364
  5800 302.155849
  5805 290.724776
  5810 304.011477
  5815 297.089918
  5820 301.486011
  5825 292.529964
  5830 297.287782
  5835 303.613029
  5840 294.114060
  5845 295.775736
  5850 305.225931
  5855 303.938323
  5860 291.820693
  5865 305.511633
  5870 297.571547
  5875 305.116143
  5880 294.662342
  5885 292.886351
  5890 291.504334
  5895 299.487324
  5900 295.488025
  5905 298.004958
  5910 305.097371
  5915 305.507467
  5920 301.007015
  5925 296.709144
  5930 304.046299
  5935 301.075499
  5940 292.890535
  5945 293.467824
  5950 295.294915
  5955 296.126582
  5960 303.415615
  5965 300.588754
  5970 295.430886
  5975 301.502779
  5980 302.227350
  5985 296.407700
  5990 305.378896
  5995 304.563838
  6000 292.971403
  6005 297.261096
  6010 297.491850
  6015 293.042323
  6020 300.970935
  6025 298.452791
  6030 304.241449
  6035 293.011440
  6040 293.146339
  6045 298.801011
  6050 300.639566
  6055 304.029788
  6060 302.548097
  6065 297.685034
  6070 294.927740
  6075 293.540902
  6080 301.211237
  6085 304.072921
  6090 299.278086
  6095 291.308844
  6100 292.819765
  6105 302.376128
  6110 305.429232
  6115 302.640088
  6120 297.672911
  6125 292.061979
  6130 291.305883
  6135 291.195748
  6140 304.948119
  6145 293.681809
  6150 301.088963
  6155 298.388629
  6160 303.804681
  6165 295.533248
  6170 294.441273
  6175 301.176932
  6180 305.250974
  6185 290.920660
  6190 305.553675
  6195 299.392790
  6200 292.452051
  6205 292.108212
  6210 294.480879
  6215 298.515080
  6220 300.362225
  6225 293.206960
  6230 303.474672
  6235 292.205215
  6240 299.751888
  6245 293.837128
  6250 291.087845
  6255 297.819369
  6260 301.896677
  6265 291.463452
  6270 291.906902
  6275 300.423920
  6280 292.999260
  6285 294.340822
  6290 304.429847
  6295 295.850847
  6300 297.358984
  6305 303.599956
  6310 291.417050
  6315 303.440853
  6320 292.234374
  6325 291.369713
  6330 295.186484
  6335 295.434781
  6340 304.427002
  6345 298.996578
  6350 300.012628
  6355 294.219540
  6360 302.183440
  6365 291.470625
  6370 298.561115
  6375 298.702962
  6380 294.714546
  6385 296.726602
  6390 302.032884
  6395 298.253215
  6400 304.870218
  6405 291.625516
  6410 297.814316
  6415 296.934343
  6420 295.739774
  6425 299.040155
  6430 303.767258
  6435 290.692585
  6440 296.144162
  6445 291.715176
  6450 304.077392
  6455 299.398690
  6460 296.135640
  6465 295.103446
  6470 294.858440
  6475 303.088192
  6480 298.961357
  6485 303.745868
  6490 291.259078
  6495 292.261475
  6500 299.813521
  6505 299.872920
  6510 300.012709
  6515 304.641852
  6520 298.852375
  6525 294.173517
  6530 297.264531
  6535 297.281099
  6540 302.141310
  6545 301.199678
  6550 301.984169
  6555 296.896102
  6560 303.501302
  6565 305.611264
  6570 298.089511
  6575 305.158504
  6580 299.100010
  6585 298.119276
  6590 297.280810
  6595 304.769618
  6600 304.196500
  6605 293.035564
  6610 303.040395
  6615 294.985459
  6620 296.925645
  6625 294.200539
  6630 296.732247
  6635 290.861296
  6640 303.636764
  6645 296.178113
  6650 295.048943
  6655 300.893613
  6660 301.735275
  6665 295.367677
  6670 302.822447
  6675 304.884737
  6680 304.112416
  6685 295.487825
  6690 293.912635
  6695 298.129898
  6700 304.351499
  6705 305.170295
  6710 299.573767
  6715 292.672442
  6720 300.141405
  6725 291.865514
  6730 297.264463
  6735 302.673694
  6740 302.474756
  6745 299.193788
  6750 304.949505
  6755 293.692214
  6760 296.987994
  6765 299.014133
  6770 304.921984
  6775 304.881036
  6780 302.427578
  6785 301.255595
  6790 296.554264
  6795 292.805868
  6800 291.941928
  6805 297.035165
  6810 294.476524
  6815 291.487288
  6820 303.421575
  6825 303.114800
  6830 303.570051
  6835 297.101572
  6840 305.203486
  6845 299.789911
  6850 294.992963
  6855 304.799512
  6860 295.749943
  6865 294.654321
  6870 300.118212
  6875 305.506085
  6880 300.600047
  6885 304.426020
  6890 298.573771
  6895 298.796854
  6900 304.868614
  6905 304.577378
  6910 303.420823
  6915 299.778580
  6920 292.005177
  6925 296.555243
  6930 297.530723
  6935 302.552877
  6940 300.841377
  6945 299.962959
  6950 291.348095
  6955 297.390833
  6960 298.182906
  6965 303.455742
  6970 297.163473
  6975 296.826958
  6980 300.791449
  6985 303.782705
  6990 302.822316
  6995 303.243902
  7000 301.581553
  7005 302.925992
  7010 290.860224
  7015 305.262304
  7020 296.254523
  7025 301.646192
  7030 299.535216
  7035 301.985507
  7040 296.067108
  7045 299.672510
  7050 297.887748
  7055 304.134684
  7060 298.248829
  7065 303.657917
  7070 295.095886
  7075 296.077432
  7080 305.285429
  7085 297.407091
  7090 292.349838
  7095 295.506564
  7100 298.384841
  7105 296.220674
  7110 299.087973
  7115 296.378129
  7120 296.212170
  7125 295.379408
  7130 297.464137
  7135 303.031452
  7140 297.386805
  7145 302.213912
  7150 291.134540
  7155 298.990240
  7160 301.558128
  7165 297.149673
  7170 301.843789
  7175 303.828074
  7180 293.244119
  7185 295.919026
  7190 296.307270
  7195 296.871476
  7200 292.134724
  7205 297.387900
  7210 300.769759
  7215 296.580975
  7220 293.447139
  7225 302.749666
  7230 296.171654
  7235 305.083129
  7240 300.418745
  7245 299.543844
  7250 304.723141
  7255 296.575018
  7260 299.623562
  7265 304.715580
  7270 303.946993
  7275 298.818519
  7280 294.028097
  7285 291.543713
  7290 301.815851
  7295 296.942968
  7300 296.843745
  7305 294.743489
  7310 304.961425
  7315 301.277276
  7320 301.802911
  7325 304.410038
  7330 303.653827
  7335 304.384777
  7340 290.703576
  7345 296.032285
  7350 292.800959
  7355 291.033625
  7360 300.792820
  7365 298.687630
  7370 297.858927
  7375 291.018374
  7380 292.972990
  7385 292.527707
  7390 296.293047
  7395 305.201139
  7400 290.845011
  7405 298.906217
  7410 303.269468
  7415 292.353115
  7420 302.717639
  7425 293.496883
  7430 297.065161
  7435 299.509733
  7440 299.046097
  7445 305.189751
  7450 291.564670
  7455 291.176850
  7460 292.388868
  7465 300.183523
  7470 297.954298
  7475 294.039055
  7480 296.405483
  7485 305.313812
  7490 302.587628
  7495 299.473894
  7500 295.667654
  7505 294.166267
  7510 296.471772
  7515 296.678720
  7520 296.067333
  7525 297.580218
  7530 292.795533
  7535 298.936909
  7540 294.171168
  7545 301.059233
  7550 296.517884
  7555 291.341340
  7560 292.634400
  7565 299.419938
  7570 303.537503
  7575 294.172117
  7580 294.011374
  7585 300.087585
  7590 301.468285
  7595 295.527605
  7600 293.804885
  7605 291.844764
  7610 295.710615
  7615 305.335628
  7620 291.066115
  7625 300.601014
  7630 297.006691
  7635 292.814530
  7640 299.942924
  7645 304.769917
  7650 305.135517
  7655 303.634378
  7660 293.718619
  7665 304.897047
  7670 296.520185
  7675 301.589334
  7680 302.676463
  7685 295.960055
  7690 300.635545
  7695 298.837120
  7700 291.177120
  7705 290.789847
  7710 296.932404
  7715 303.557147
  7720 295.393724
  7725 299.092645
  7730 300.053728
  7735 299.585545
  7740 290.941136
  7745 295.550457
  7750 301.014523
  7755 301.426951
  7760 299.604800
  7765 296.107393
  7770 300.599967
  7775 295.680046
  7780 292.365442
  7785 302.653655
  7790 296.984355
  7795 293.012311
  7800 293.261028
  7805 298.244020
  7810 293.715527
  7815 295.006523
  7820 292.443683
  7825 296.293273
  7830 304.896690
  7835 291.059891
  7840 290.895202
  7845 299.001096
  7850 303.038083
  7855 301.352359
  7860 301.821003
  7865 295.553602
  7870 296.986998
  7875 290.734962
  7880 299.507454
  7885 295.428148
  7890 296.645489
  7895 295.392169
  7900 301.389849
  7905 296.675085
  7910 297.201230
  7915 303.082678
  7920 303.081855
  7925 302.354284
  7930 296.924554
  7935 295.179075
  7940 294.531105
  7945 297.361156
  7950 299.573761
  7955 297.690161
  7960 302.580669
  7965 301.043521
  7970 295.252703
  7975 303.444917
  7980 298.831401
  7985 296.826912
  7990 292.051409
  7995 291.064949
  8000 298.065030
  8005 297.145255
  8010 295.979776
  8015 301.444960
  8020 296.009563
  8025 298.239093
  8030 293.251606
  8035 294.592725
  8040 295.237867
  8045 296.098465
  8050 299.418505
  8055 296.668412
  8060 291.124850
  8065 301.127491
  8070 294.615712
  8075 291.558143
  8080 293.546574
  8085 294.879120
  8090 298.756658
  8095 303.861587
  8100 303.471027
  8105 292.061687
  8110 302.896072
  8115 305.169591
  8120 302.558482
  8125 300.708968
  8130 305.049730
  8135 304.967441
  8140 292.600935
  8145 297.465393
  8150 305.204263
  8155 304.372308
  8160 305.206272
  8165 291.075148
  8170 296.063775
  8175 300.102283
  8180 294.602194
  8185 293.848387
  8190 291.416251
  8195 291.302429
  8200 302.397106
  8205 304.797188
  8210 303.473846
  8215 304.987754
  8220 303.623933
  8225 293.442480
  8230 297.034678
  8235 299.789162
  8240 291.534454
  8245 302.819060
  8250 300.333558
  8255 304.951263
  8260 292.210269
  8265 303.093664
  8270 294.896265
  8275 291.235148
  8280 296.500388
  8285 300.643762
  8290 290.865981
  8295 295.560246
  8300 292.654062
  8305 302.790315
  8310 295.891466
  8315 298.502314
  8320 293.645026
  8325 293.550101
  8330 292.533170
  8335 297.010959
  8340 299.222415
  8345 294.588466
  8350 299.874412
  8355 301.572807
  8360 300.101703
  8365 292.950887
  8370 295.423570
  8375 299.927253
  8380 302.852221
  8385 292.402129
  8390 296.962927
  8395 301.109267
  8400 296.933193
  8405 295.287783
  8410 301.858251
  8415 294.709979
  8420 299.986137
  8425 305.041786
  8430 294.500324
  8435 301.614023
  8440 305.090560
  8445 302.670772
  8450 297.669562
  8455 299.298235
  8460 293.675710
  8465 298.297039
  8470 292.044673
  8475 296.612572
  8480 301.915880
  8485 297.364618
  8490 301.000657
  8495 300.368476
  8500 292.057675
  8505 291.572342
  8510 293.039935
  8515 297.322609
  8520 304.614677
  8525 293.867755
  8530 292.731572
  8535 294.029257
  8540 293.145906
  8545 305.582074
  8550 293.962861
  8555 295.087925
  8560 297.277792
  8565 303.579904
  8570 294.909045
  8575 304.827224
  8580 297.007158
  8585 292.184800
  8590 293.581682
  8595 295.536131
  8600 294.534175
  8605 303.792348
  8610 302.795650
  8615 298.884828
  8620 304.860567
  8625 303.465962
  8630 303.352461
  8635 296.332978
  8640 297.578042
  8645 290.733563
  8650 293.742165
  8655 291.991207
  8660 295.798945
  8665 296.600251
  8670 294.734289
  8675 303.566830
  8680 304.001298
  8685 291.520505
  8690 292.800564
  8695 295.003357
  8700 294.176936
  8705 302.581939
  8710 299.366535
  8715 298.807745
  8720 294.924479
  8725 302.294456
  8730 296.235820
  8735 297.756559
  8740 299.000053
  8745 300.962305
  8750 304.387094
  8755 294.753727
  8760 303.157749
  8765 301.264256
  8770 299.224244
  8775 292.921446
  8780 297.891693
  8785 301.945738
  8790 291.438431
  8795 295.448863
  8800 295.420650
  8805 294.486365
  8810 296.845416
  8815 297.915300
  8820 297.515209
  8825 304.624370
  8830 297.584511
  8835 305.576772
  8840 303.594467
  8845 294.097783
  8850 291.186340
  8855 290.875618
  8860 299.146949
  8865 298.930913
  8870 295.937131
  8875 294.373199
  8880 293.187662
  8885 304.315450
  8890 290.730068
  8895 298.066598
  8900 303.423779
  8905 296.062591
  8910 295.579568
  8915 302.246552
  8920 305.387160
  8925 300.772934
  8930 299.965443
  8935 291.479057
  8940 298.246170
  8945 293.064733
  8950 297.185223
  8955 304.676686
  8960 304.642326
  8965 293.139585
  8970 296.444858
  8975 292.064673
  8980 292.223842
  8985 295.600138
  8990 292.111486
  8995 291.120194
  9000 304.556752
  9005 294.227526
  9010 293.429559
  9015 297.649533
  9020 304.403112
  9025 302.793988
  9030 304.686828
  9035 300.311267
  9040 293.262966
  9045 297.072649
  9050 294.483537
  9055 292.147589
  9060 296.727279
  9065 293.139442
  9070 296.168286
  9075 304.863997
  9080 301.781291
  9085 292.701125
  9090 299.858291
  9095 294.441639
  9100 297.178817
  9105 305.407261
  9110 290.678836
  9115 293.346485
  9120 291.028175
  9125 305.637633
  9130 302.667947
  9135 300.595590
  9140 292.150688
  9145 303.368644
  9150 291.138051
  9155 304.953276
  9160 293.307131
  9165 293.084193
  9170 304.522806
  9175 298.369423
  9180 293.221363
  9185 290.940864
  9190 300.176803
  9195 298.785105
  9200 296.736010
  9205 296.306205
  9210 295.281918
  9215 295.502689
  9220 291.184401
  9225 302.374474
  9230 302.762600
  9235 301.164881
  9240 297.196233
  9245 305.634660
  9250 295.176457
  9255 296.925895
  9260 298.516930
  9265 302.088746
  9270 301.206461
  9275 302.743458
  9280 297.521281
  9285 291.075024
  9290 301.994720
  9295 301.658870
  9300 299.342392
  9305 302.499244
  9310 303.540400
  9315 296.105403
  9320 293.393286
  9325 302.229168
  9330 301.610174
  9335 304.689591
  9340 305.314150
  9345 301.849864
  9350 293.707190
  9355 300.887063
  9360 301.449276
  9365 298.229997
  9370 292.585597
  9375 298.810647
  9380 303.994213
  9385 295.917269
  9390 295.802583
  9395 302.617665
  9400 302.968403
  9405 290.771018
  9410 304.998827
  9415 293.362690
  9420 295.133080
  9425 297.214326
  9430 292.984888
  9435 305.409429
  9440 298.307794
  9445 293.252531
  9450 290.842295
  9455 298.362818
  9460 305.151034
  9465 297.522346
  9470 297.712061
  9475 295.356422
  9480 300.014091
  9485 294.240293
  9490 297.040588
  9495 291.037201
  9500 290.926586
  9505 303.813303
  9510 291.841286
  9515 291.107417
  9520 301.742684
  9525 296.387255
  9530 295.646055
  9535 293.162954
  9540 291.757723
  9545 296.629365
  9550 303.117578
  9555 304.527043
  9560 301.792644
  9565 296.723073
  9570 293.613193
  9575 303.453065
  9580 301.869582
  9585 305.217133
  9590 297.754511
  9595 292.204382
  9600 304.626727
  9605 295.508623
  9610 304.382586
  9615 299.643221
  9620 298.506937
  9625 293.878524
  9630 298.960284
  9635 302.722896
  9640 301.736855
  9645 299.558578
  9650 294.124520
  9655 294.885055
  9660 295.822844
  9665 293.302972
  9670 295.907558
  9675 294.780737
  9680 297.385747
  9685 303.799841
  9690 291.550529
  9695 303.759732
  9700 299.390861
  9705 302.501219
  9710 302.351452
  9715 299.496901
  9720 303.298111
  9725 298.329456
  9730 291.074718
  9735 294.005823
  9740 299.954186
  9745 302.499130
  9750 295.904352
  9755 291.138177
  9760 301.104622
  9765 294.335233
  9770 292.046194
  9775 296.369432
  9780 295.956067
  9785 300.357486
  9790 304.140671
  9795 303.745935
  9800 303.157193
  9805 300.043480
  9810 302.003433
  9815 291.894185
  9820 294.832756
  9825 302.791597
  9830 305.101001
  9835 296.023177
  9840 291.517789
  9845 292.262517
  9850 299.871290
  9855 305.335375
  9860 294.979392
  9865 294.290276
  9870 297.613017
  9875 299.232963
  9880 299.578284
  9885 299.768159
  9890 292.942656
  9895 294.058273
  9900 292.541744
  9905 292.328491
  9910 296.413836
  9915 299.813379
  9920 297.651649
  9925 303.716428
  9930 295.974852
  9935 303.292619
  9940 298.016839
  9945 293.956163
  9950 293.910880
  9955 296.407092
  9960 301.447727
  9965 298.659924
  9970 295.399279
  9975 303.118010
  9980 291.841279
  9985 291.336324
  9990 302.039904
  9995 291.827490
 10000 299.507611
 10005 304.074384
 10010 298.917369
 10015 290.874946
 10020 295.516456
 10025 295.484862
 10030 296.460985
 10035 297.315254
 10040 297.285379
 10045 291.547023
 10050 298.309044
 10055 294.214324
 10060 297.818161
 10065 297.534127
 10070 291.052481
 10075 297.081960
 10080 303.955978
 10085 296.623890
 10090 299.789723
 10095 294.217586
 10100 292.702540
 10105 296.309829
 10110 292.057500
 10115 298.780522
 10120 291.236060
 10125 294.718846
 10130 300.611283
 10135 291.936380
 10140 304.414063
 10145 292.982849
 10150 294.975124
 10155 297.974164
 10160 290.955133
 10165 299.780887
 10170 293.312107
 10175 298.137067
 10180 292.042510
 10185 295.552115
 10190 299.475147
 10195 303.159483
 10200 301.343459
 10205 296.322323
 10210 292.627997
 10215 301.728656
 10220 300.112338
 10225 298.578259
 10230 291.981706
 10235 297.978004
 10240 291.367969
 10245 302.556998
 10250 291.066976
 10255 303.698580
 10260 292.020768
 10265 302.079001
 10270 296.702984
 10275 303.636444
 10280 303.352970
 10285 298.269460
 10290 303.299492
 10295 299.255526
 10300 290.666521
 10305 297.299319
 10310 299.830257
 10315 298.236698
 10320 303.483369
 10325 291.702076
 10330 300.941032
 10335 301.567106
 10340 303.214877
 10345 301.419902
 10350 304.415930
 10355 302.802927
 10360 299.378134
 10365 292.308624
 10370 291.724548
 10375 297.907844
 10380 301.758405
 10385 294.115112
 10390 301.394599
 10395 305.521757
 10400 303.419357
 10405 295.766144
 10410 295.576503
 10415 305.223861
 10420 296.545562
 10425 301.406084
 10430 299.337144
 10435 293.994252
 10440 302.734525
 10445 305.462405
 10450 301.334270
 10455 293.273300
 10460 301.177451
 10465 304.057926
 10470 297.014880
 10475 294.895985
 10480 294.220222
 10485 292.967047
 10490 291.856890
 10495 304.238329
 10500 299.131901
 10505 302.329199
 10510 303.752885
 10515 300.438608
 10520 291.538345
 10525 300.738993
 10530 300.858101
 10535 294.084567
 10540 302.543218
 10545 297.649186
 10550 294.273684
 10555 296.051838
 10560 301.520538
 10565 298.324938
 10570 299.240174
 10575 305.645732
 10580 304.823164
 10585 301.459099
 10590 298.718634
 10595 291.336349
 10600 292.256776
 10605 303.844485
 10610 296.597683
 10615 296.982602
 10620 295.874037
 10625 293.622714
 10630 295.786400
 10635 293.652045
 10640 299.514620
 10645 298.578261
 10650 295.804605
 10655 301.367565
 10660 299.482908
 10665 303.340788
 10670 301.658882
 10675 295.741039
 10680 293.281131
 10685 295.045928
 10690 304.724448
 10695 296.890965
 10700 296.031348
 10705 300.456145
 10710 301.055742
 10715 295.303660
 10720 295.278413
 10725 298.263913
 10730 294.675242
 10735 295.898650
 10740 298.012524
 10745 295.073882
 10750 294.316529
 10755 299.273429
 10760 305.015199
 10765 297.715407
 10770 297.044098
 10775 291.565065
 10780 290.941826
 10785 305.596984
 10790 303.616836
 10795 290.733046
 10800 300.700755
