     5 290.957812
    10 293.021812
    15 303.003317
    20 291.680993
    25 305.643091
    30 295.388007
    35 302.834914
    40 303.605187
    45 302.219447
    50 298.479711
    55 305.272161
    60 298.268298
    65 301.544110
    70 295.675452
    75 293.316861
    80 297.273575
    85 302.206851
    90 291.780925
    95 304.924959
   100 293.620564
   105 296.482438
   110 298.339555
   115 294.212765
   120 294.987317
   125 303.305116
   130 303.394189
   135 299.805557
   140 300.746303
   145 305.308147
   150 291.414299
   155 304.056129
   160 292.716606
   165 299.956988
   170 291.015022
   175 301.537566
   180 300.251150
   185 300.273882
   190 297.739869
   195 296.400332
   200 301.009955
   205 291.556246
   210 297.966512
   215 295.423466
   220 302.689656
   225 302.785583
   230 290.752495
   235 298.728480
   240 299.095144
   245 296.102851
   250 305.106680
   255 305.252605
   260 295.471180
   265 301.616647
   270 297.397429
   275 294.906812
   280 293.633010
   285 293.789839
   290 303.512673
   295 295.381270
   300 292.940181
   305 302.257892
   310 297.743967
   315 293.310339
   320 303.440582
   325 298.767291
   330 305.549642
   335 297.055557
   340 300.160310
   345 300.945382
   350 290.991478
   355 292.791789
   360 299.693052
   365 292.264612
   370 295.997245
   375 299.223748
   380 299.034727
   385 302.612723
   390 299.292405
   395 303.939382
   400 299.111268
   405 292.932035
   410 294.806625
   415 299.332650
   420 291.185573
   425 301.501471
   430 305.437636
   435 296.607778
   440 296.511030
   445 293.045531
   450 300.814742
   455 293.499352
   460 292.248455
   465 294.512625
   470 294.842040
   475 302.955188
   480 292.349961
   485 297.971953
   490 304.979484
   495 300.318378
   500 298.920373
   505 301.469011
   510 303.680250
   515 294.339882
   520 297.114136
   525 303.018901
   530 304.671900
   535 291.368438
   540 297.948714
   545 301.954793
   550 290.889253
   555 299.616556
   560 292.410662
   565 297.437871
   570 297.782393
   575 304.458017
   580 291.566467
   585 296.310671
   590 293.716061
   595 299.000912
   600 291.245626
   605 304.174487
   610 301.062488
   615 297.657734
   620 298.776811
   625 297.833132
   630 304.335489
   635 299.599825
   640 296.761066
   645 292.266989
   650 304.970783
   655 295.237772
   660 304.281774
   665 299.971199
   670 304.001222
   675 299.434075
   680 293.418370
   685 298.469953
   690 305.258127
   695 291.152688
   700 293.500557
   705 292.262126
   710 298.738577
   715 295.070039
   720 297.801231
   725 292.259356
   730 290.810772
   735 302.860844
   740 291.239428
   745 299.974656
   750 302.821756
   755 295.702998
   760 301.203895
   765 296.603980
   770 304.718862
   775 301.446811
   780 295.781671
   785 294.717265
   790 295.527230
   795 297.382952
   800 291.810793
   805 297.449166
   810 295.527206
   815 299.679164
   820 305.577942
   825 305.636027
   830 295.264699
   835 305.570396
   840 300.450342
   845 297.747851
   850 298.614903
   855 301.881780
   860 297.402469
   865 294.321745
   870 293.195675
   875 303.313213
   880 293.682954
   885 293.211403
   890 303.487229
   895 297.060169
   900 294.821911
   905 293.064612
   910 296.515307
   915 298.996751
   920 290.822295
   925 292.749247
   930 292.774068
   935 291.694755
   940 303.173626
   945 292.611576
   950 299.789236
   955 291.514335
   960 296.323991
   965 297.451053
   970 301.753027
   975 301.360271
   980 303.750750
   985 297.937730
   990 299.620309
   995 298.611455
  1000 293.956197
  1005 301.710916
  1010 294.544796
  1015 296.271472
  1020 292.061308
  1025 296.109272
  1030 296.884666
  1035 291.195561
  1040 291.263283
  1045 301.106528
  1050 299.304864
  1055 297.779953
  1060 298.793000
  1065 302.869875
  1070 292.933191
  1075 304.263047
  1080 293.512870
  1085 296.061143
  1090 295.527997
  1095 302.826233
  1100 296.557580
  1105 305.194461
  1110 298.384206
  1115 303.206296
  1120 302.347637
  1125 291.770374
  1130 301.109678
  1135 294.780908
  1140 290.839234
  1145 301.300911
  1150 302.499985
  1155 298.678953
  1160 300.195445
  1165 303.747464
  1170 294.244740
  1175 302.203275
  1180 301.198587
  1185 294.749652
  1190 295.328019
  1195 297.070535
  1200 303.615509
  1205 293.779108
  1210 303.102755
  1215 304.133653
  1220 302.476993
  1225 294.231603
  1230 296.890464
  1235 291.110807
  1240 297.827626
  1245 301.634497
  1250 305.279014
  1255 300.739514
  1260 301.902417
  1265 294.409105
  1270 297.268664
  1275 294.435158
  1280 299.421222
  1285 304.786419
  1290 305.508284
  1295 295.560432
  1300 291.024461
  1305 305.482398
  1310 300.159641
  1315 303.846021
  1320 292.454390
  1325 304.733027
  1330 304.163000
  1335 295.714613
  1340 291.265710
  1345 291.763368
  1350 302.197961
  1355 299.974756
  1360 293.522422
  1365 296.290645
  1370 301.046345
  1375 301.421474
  1380 304.981206
  1385 292.831505
  1390 299.467047
  1395 297.660830
  1400 302.978210
  1405 302.070893
  1410 299.049407
  1415 305.380853
  1420 302.488841
  1425 295.672927
  1430 304.680815
  1435 299.834237
  1440 291.968547
  1445 301.640269
  1450 303.094727
  1455 303.057482
  1460 292.439160
  1465 295.902426
  1470 292.754349
  1475 294.695265
  1480 294.595913
  1485 302.335052
  1490 304.197904
  1495 293.685001
  1500 293.400261
  1505 301.302990
  1510 295.237379
  1515 296.084715
  1520 293.370606
  1525 290.838750
  1530 301.683883
  1535 301.319332
  1540 300.680528
  1545 300.875265
  1550 305.092707
  1555 303.187330
  1560 300.708295
  1565 300.383019
  1570 294.713390
  1575 298.820170
  1580 301.921695
  1585 298.912272
  1590 301.779104
  1595 296.387469
  1600 305.542362
  1605 304.032469
  1610 294.575005
  1615 301.899413
  1620 304.066243
  1625 297.272640
  1630 295.961429
  1635 302.755065
  1640 299.133078
  1645 299.972571
  1650 303.901254
  1655 300.192906
  1660 302.940089
  1665 300.892963
  1670 303.104530
  1675 301.136982
  1680 299.234305
  1685 303.539504
  1690 297.649716
  1695 293.683609
  1700 300.353383
  1705 303.559475
  1710 291.673763
  1715 298.480839
  1720 297.123648
  1725 295.872538
  1730 304.971519
  1735 299.865526
  1740 291.229018
  1745 291.843542
  1750 296.028943
  1755 301.510223
  1760 296.548589
  1765 294.078495
  1770 301.848008
  1775 298.158663
  1780 296.270201
  1785 303.117046
  1790 295.132174
  1795 297.676597
  1800 294.690824
  1805 299.619419
  1810 294.317384
  1815 292.844721
  1820 304.959320
  1825 297.856317
  1830 297.911907
  1835 295.663895
  1840 292.241172
  1845 304.440244
  1850 300.154025
  1855 292.865901
  1860 303.136855
  1865 304.671243
  1870 305.223160
  1875 292.470660
  1880 299.824273
  1885 304.965131
  1890 305.622521
  1895 305.027358
  1900 301.229790
  1905 301.917779
  1910 297.583039
  1915 304.578268
  1920 301.340797
  1925 300.767898
  1930 303.869538
  1935 299.166796
  1940 303.880267
  1945 304.226403
  1950 297.261398
  1955 301.546793
  1960 299.616259
  1965 304.682770
  1970 292.527731
  1975 291.856101
  1980 292.526071
  1985 293.241501
  1990 300.618287
  1995 298.713595
  2000 304.208272
  2005 298.371556
  2010 304.840380
  2015 304.756640
  2020 300.882422
  2025 293.452729
  2030 299.372217
  2035 300.580214
  2040 295.386806
  2045 301.088124
  2050 298.661766
  2055 295.723251
  2060 300.193104
  2065 304.819598
  2070 292.761015
  2075 304.487674
  2080 292.962664
  2085 300.519293
  2090 305.466268
  2095 297.794217
  2100 302.093257
  2105 304.087886
  2110 305.613561
  2115 297.494897
  2120 297.756998
  2125 298.907112
  2130 304.519680
  2135 300.001394
  2140 292.327060
  2145 300.132150
  2150 304.666705
  2155 292.742521
  2160 299.568476
  2165 300.088226
  2170 297.181713
  2175 296.264062
  2180 294.370797
  2185 298.979025
  2190 304.662359
  2195 295.101406
  2200 302.842324
  2205 304.589045
  2210 304.825319
  2215 300.729421
  2220 294.309420
  2225 299.411560
  2230 292.800162
  2235 304.852821
  2240 293.360942
  2245 303.397899
  2250 291.956883
  2255 299.157363
  2260 293.375618
  2265 304.983518
  2270 301.505042
  2275 302.018246
  2280 293.416955
  2285 292.343245
  2290 293.609569
  2295 293.623583
  2300 298.105493
  2305 303.282252
  2310 297.321099
  2315 299.288879
  2320 302.918846
  2325 291.496534
  2330 291.682020
  2335 290.777907
  2340 305.507670
  2345 298.458001
  2350 302.738868
  2355 291.294930
  2360 298.889673
  2365 300.095439
  2370 292.870461
  2375 299.691359
  2380 290.846767
  2385 297.802546
  2390 291.162540
  2395 303.613787
  2400 294.916893
  2405 297.417362
  2410 292.713357
  2415 293.587093
  2420 304.004413
  2425 291.293003
  2430 300.381157
  2435 296.660863
  2440 295.635300
  2445 303.332779
  2450 303.498453
  2455 294.041767
  2460 295.749281
  2465 298.280392
  2470 293.459418
  2475 292.646060
  2480 291.461379
  2485 290.864550
  2490 298.550923
  2495 298.984014
  2500 304.359207
  2505 292.070108
  2510 302.251882
  2515 291.214466
  2520 301.173421
  2525 304.280464
  2530 295.372040
  2535 298.922100
  2540 302.927773
  2545 300.978643
  2550 293.401173
  2555 292.443333
  2560 296.350848
  2565 302.447253
  2570 292.221263
  2575 295.534500
  2580 292.113013
  2585 294.966206
  2590 291.300933
  2595 301.893053
  2600 291.658133
  2605 303.992852
  2610 293.523049
  2615 292.673508
  2620 298.232077
  2625 290.856945
  2630 305.414897
  2635 298.887808
  2640 299.560958
  2645 303.628328
  2650 290.694863
  2655 293.299121
  2660 291.440995
  2665 301.260460
  2670 299.183554
  2675 299.514309
  2680 301.784531
  2685 303.843481
  2690 294.140028
  2695 305.145946
  2700 298.661369
  2705 304.204992
  2710 300.168436
  2715 297.343577
  2720 301.339197
  2725 290.909776
  2730 292.173273
  2735 298.246877
  2740 304.131349
  2745 294.658753
  2750 304.372323
  2755 293.916834
  2760 295.265788
  2765 291.826830
  2770 299.058256
  2775 298.976026
  2780 300.333537
  2785 298.135915
  2790 295.569198
  2795 300.845621
  2800 299.342704
  2805 295.819671
  2810 301.288250
  2815 292.123628
  2820 296.862595
  2825 297.362201
  2830 296.992801
  2835 300.254922
  2840 290.920831
  2845 292.243810
  2850 291.015682
  2855 303.742822
  2860 298.968650
  2865 302.002446
  2870 301.284525
  2875 298.863528
  2880 294.873886
  2885 293.992165
  2890 299.728350
  2895 300.813584
  2900 296.555926
  2905 295.255083
  2910 304.220180
  2915 301.792550
  2920 297.133509
  2925 293.709317
  2930 301.385179
  2935 300.530633
  2940 296.242917
  2945 297.977172
  2950 295.606374
  2955 304.336577
  2960 296.474747
  2965 300.288407
  2970 291.200863
  2975 302.454769
  2980 297.426704
  2985 301.559599
  2990 302.792647
  2995 293.589421
  3000 294.174845
  3005 303.159111
  3010 298.962505
  3015 303.839297
  3020 291.409419
  3025 291.719288
  3030 291.785988
  3035 296.619471
  3040 296.494737
  3045 294.933819
  3050 299.446676
  3055 298.772161
  3060 300.541293
  3065 298.370334
  3070 297.956832
  3075 300.148746
  3080 294.429790
  3085 292.446847
  3090 300.320980
  3095 296.632327
  3100 299.244016
  3105 300.992271
  3110 304.459911
  3115 304.233508
  3120 304.105037
  3125 292.856463
  3130 294.440644
  3135 292.332057
  3140 293.094211
  3145 290.994255
  3150 295.918077
  3155 305.569652
  3160 298.320937
  3165 300.214737
  3170 294.332616
  3175 302.985301
  3180 294.529901
  3185 291.828108
  3190 295.863500
  3195 295.222860
  3200 295.213453
  3205 301.746254
  3210 304.188909
  3215 297.580172
  3220 303.230396
  3225 299.977870
  3230 303.306654
  3235 304.217496
  3240 295.867340
  3245 305.248915
  3250 302.461928
  3255 292.005928
  3260 300.373832
  3265 298.092742
  3270 294.640055
  3275 297.315979
  3280 300.247097
  3285 301.086075
  3290 303.746835
  3295 297.008937
  3300 294.244156
  3305 305.166704
  3310 302.904281
  3315 296.137531
  3320 291.907412
  3325 293.368159
  3330 300.864514
  3335 297.706052
  3340 297.907620
  3345 290.814409
  3350 291.176270
  3355 301.258413
  3360 294.156601
  3365 299.327037
  3370 293.586394
  3375 296.017584
  3380 296.746995
  3385 295.367906
  3390 294.833444
  3395 300.493330
  3400 291.897777
  3405 300.376490
  3410 297.308712
  3415 294.138027
  3420 305.646876
  3425 304.571523
  3430 295.630242
  3435 291.179663
  3440 303.011936
  3445 304.872015
  3450 298.279016
  3455 302.175911
  3460 305.072438
  3465 292.171711
  3470 303.459590
  3475 293.777851
  3480 303.420969
  3485 303.551391
  3490 291.958701
  3495 305.133971
  3500 292.933438
  3505 299.389441
  3510 291.165267
  3515 296.843424
  3520 294.476196
  3525 295.764947
  3530 301.331556
  3535 293.488510
  3540 292.463336
  3545 298.459696
  3550 300.208291
  3555 297.382265
  3560 290.686842
  3565 305.039893
  3570 292.805214
  3575 298.392232
  3580 301.351438
  3585 302.354007
  3590 302.803215
  3595 294.156773
  3600 300.163715
  3605 302.806039
  3610 304.369305
  3615 294.511209
  3620 299.666640
  3625 302.728058
  3630 296.010619
  3635 296.397900
  3640 298.938812
  3645 301.522109
  3650 291.621598
  3655 302.513484
  3660 294.441604
  3665 291.428366
  3670 293.273900
  3675 303.019621
  3680 303.175845
  3685 303.822692
  3690 300.818651
  3695 297.957450
  3700 290.806278
  3705 304.527378
  3710 299.432868
  3715 294.595642
  3720 302.497005
  3725 294.512089
  3730 295.215262
  3735 296.962325
  3740 302.822520
  3745 294.428292
  3750 296.221946
  3755 301.576448
  3760 293.006614
  3765 303.889312
  3770 299.794766
  3775 300.923019
  3780 290.733699
  3785 301.827559
  3790 292.554976
  3795 291.585887
  3800 300.323756
  3805 294.959879
  3810 298.358862
  3815 296.246311
  3820 302.881336
  3825 303.224444
  3830 301.941678
  3835 295.326947
  3840 299.067846
  3845 292.050040
  3850 292.495698
  3855 303.703127
  3860 297.080229
  3865 293.121700
  3870 293.432195
  3875 300.425756
  3880 297.473643
  3885 296.963567
  3890 304.286926
  3895 301.489681
  3900 291.135552
  3905 290.659364
  3910 294.832314
  3915 298.609077
  3920 304.636131
  3925 297.495329
  3930 302.902763
  3935 301.258198
  3940 301.525408
  3945 303.428875
  3950 298.848133
  3955 291.762764
  3960 294.986562
  3965 297.817276
  3970 293.015924
  3975 301.146667
  3980 303.472561
  3985 293.224371
  3990 301.003318
  3995 292.223797
  4000 300.614859
  4005 295.466162
  4010 295.034205
  4015 291.754305
  4020 294.213487
  4025 294.703720
  4030 304.146743
  4035 303.310017
  4040 298.404663
  4045 302.198116
  4050 303.577573
  4055 296.858709
  4060 298.046547
  4065 290.729847
  4070 303.302421
  4075 300.578250
  4080 291.001561
  4085 298.881345
  4090 297.225977
  4095 290.977479
  4100 293.411530
  4105 292.015250
  4110 292.191279
  4115 305.054850
  4120 303.745051
  4125 301.553747
  4130 304.374784
  4135 303.403898
  4140 295.644608
  4145 299.149847
  4150 302.393172
  4155 300.150209
  4160 300.735326
  4165 303.633695
  4170 292.668247
  4175 297.810629
  4180 297.629500
  4185 303.134961
  4190 301.014674
  4195 297.090331
  4200 290.953809
  4205 305.388936
  4210 304.690989
  4215 291.828707
  4220 294.548892
  4225 294.827181
  4230 304.194411
  4235 291.549044
  4240 300.274264
  4245 296.158826
  4250 299.124674
  4255 301.829217
  4260 291.206137
  4265 296.616306
  4270 296.031574
  4275 303.427294
  4280 297.861685
  4285 303.643638
  4290 296.865617
  4295 300.332234
  4300 296.626483
  4305 304.814045
  4310 294.466420
  4315 292.125159
  4320 304.979592
  4325 305.468871
  4330 305.213647
  4335 298.540910
  4340 302.528783
  4345 291.668921
  4350 292.563320
  4355 300.195627
  4360 294.984783
  4365 303.502815
  4370 304.524469
  4375 292.317470
  4380 299.924377
  4385 290.725791
  4390 300.081035
  4395 296.031780
  4400 298.689712
  4405 295.265748
  4410 290.937812
  4415 298.450589
  4420 303.945934
  4425 295.954617
  4430 300.791733
  4435 302.169276
  4440 295.508404
  4445 304.070168
  4450 294.685399
  4455 302.121788
  4460 304.632780
  4465 301.776308
  4470 304.788353
  4475 303.067497
  4480 302.980246
  4485 297.732746
  4490 301.607035
  4495 305.111346
  4500 296.935634
  4505 304.879459
  4510 292.841103
  4515 297.131062
  4520 294.331981
  4525 297.274926
  4530 303.976008
  4535 303.009535
  4540 301.662379
  4545 292.818243
  4550 299.143643
  4555 293.267893
  4560 292.610808
  4565 293.524378
  4570 300.890005
  4575 304.677856
  4580 295.518967
  4585 301.405916
  4590 292.233836
  4595 302.343625
  4600 297.487041
  4605 296.014804
  4610 293.188435
  4615 295.445763
  4620 300.906396
  4625 300.796789
  4630 293.209255
  4635 300.864061
  4640 301.693097
  4645 298.177276
  4650 297.124021
  4655 304.086561
  4660 291.565832
  4665 292.831002
  4670 292.125933
  4675 303.422142
  4680 303.262610
  4685 305.067287
  4690 294.775333
  4695 302.810255
  4700 295.375477
  4705 295.604810
  4710 293.708024
  4715 298.401525
  4720 297.212168
  4725 294.895425
  4730 304.435049
  4735 295.593282
  4740 300.093703
  4745 293.896165
  4750 297.525070
  4755 292.275392
  4760 302.841679
  4765 300.052095
  4770 304.990462
  4775 297.814151
  4780 299.054702
  4785 300.042917
  4790 300.015718
  4795 302.553358
  4800 293.850678
  4805 301.403373
  4810 302.874012
  4815 301.248856
  4820 305.212983
  4825 303.655017
  4830 296.812949
  4835 304.140473
  4840 296.757304
  4845 292.491194
  4850 302.999514
  4855 295.692621
  4860 298.818364
  4865 302.984217
  4870 291.880536
  4875 303.537588
  4880 302.238191
  4885 304.481468
  4890 299.481867
  4895 302.899203
  4900 292.029813
  4905 294.709438
  4910 296.178326
  4915 300.761525
  4920 294.950338
  4925 297.340120
  4930 292.206471
  4935 293.759393
  4940 291.207356
  4945 301.323976
  4950 301.234498
  4955 295.820983
  4960 294.543479
  4965 292.240259
  4970 293.548502
  4975 302.763441
  4980 302.098696
  4985 303.334874
  4990 294.582944
  4995 300.705222
  5000 299.496547
  5005 293.180206
  5010 302.648634
  5015 294.626505
  5020 292.994137
  5025 294.902459
  5030 305.474032
  5035 293.467737
  5040 294.987971
  5045 298.499948
  5050 303.712626
  5055 294.422616
  5060 302.512184
  5065 292.073418
  5070 304.418490
  5075 296.499169
  5080 301.301976
  5085 295.348430
  5090 298.984361
  5095 299.160004
  5100 304.725117
  5105 302.211490
  5110 301.181129
  5115 298.132167
  5120 290.832313
  5125 297.015109
  5130 295.270013
  5135 295.668859
  5140 301.399117
  5145 292.065642
  5150 302.666281
  5155 291.210663
  5160 292.788083
  5165 305.263411
  5170 296.462444
  5175 295.382376
  5180 304.808808
  5185 296.390452
  5190 304.233996
  5195 303.516878
  5200 292.948566
  5205 302.659585
  5210 294.952620
  5215 293.323473
  5220 293.156439
  5225 294.038032
  5230 290.658842
  5235 295.639750
  5240 300.148244
  5245 302.474844
  5250 304.812925
  5255 292.050682
  5260 304.612880
  5265 297.013015
  5270 297.531257
  5275 302.824942
  5280 293.005312
  5285 304.223577
  5290 295.551601
  5295 297.974071
  5300 294.987990
  5305 298.650683
  5310 293.088307
  5315 293.340835
  5320 299.928174
  5325 291.851042
  5330 300.199022
  5335 304.980861
  5340 303.962129
  5345 297.032570
  5350 291.868858
  5355 302.175708
  5360 304.963272
  5365 302.417803
  5370 291.743011
  5375 291.441820
  5380 305.588640
  5385 303.379768
  5390 305.306524
  5395 292.389035
  5400 291.657992
  5405 299.151790
  5410 297.276540
  5415 294.120093
  5420 304.681028
  5425 303.984736
  5430 301.842363
  5435 296.321366
  5440 294.854715
  5445 301.057447
  5450 294.805943
  5455 292.615076
  5460 301.623377
  5465 295.899635
  5470 297.870148
  5475 291.134875
  5480 305.592214
  5485 305.239955
  5490 302.811346
  5495 294.057866
  5500 300.112882
  5505 302.448238
  5510 295.961459
  5515 301.619585
  5520 300.700082
  5525 293.440543
  5530 303.234777
  5535 297.333539
  5540 303.633071
  5545 301.116545
  5550 302.676371
  5555 300.620594
  5560 294.904538
  5565 291.508114
  5570 294.210267
  5575 298.070183
  5580 304.536701
  5585 290.916473
  5590 303.216867
  5595 293.229526
  5600 294.596698
  5605 294.762396
  5610 299.675318
  5615 292.916081
  5620 292.452937
  5625 299.031936
  5630 291.559279
  5635 294.118696
  5640 297.577909
  5645 305.418526
  5650 297.996669
  5655 291.935652
  5660 291.196365
  5665 301.536900
  5670 303.145054
  5675 304.723376
  5680 303.107990
  5685 302.814770
  5690 304.847310
  5695 292.020667
  5700 296.297750
  5705 301.741212
  5710 294.250548
  5715 296.991084
  5720 292.500333
  5725 293.753439
  5730 292.708228
  5735 296.564553
  5740 302.207303
  5745 295.393906
  5750 295.456864
  5755 304.393874
  5760 302.447001
  5765 297.671388
  5770 303.808768
  5775 305.408605
  5780 304.551893
  5785 298.254721
  5790 302.543177
  5795 293.639369
  5800 294.610188
  5805 294.236977
  5810 300.493612
  5815 291.110689
  5820 300.200177
  5825 300.160907
  5830 291.025405
  5835 299.428459
  5840 290.705164
  5845 296.843583
  5850 302.111456
  5855 302.454312
  5860 300.866758
  5865 294.644312
  5870 298.954098
  5875 295.756367
  5880 294.299152
  5885 291.327302
  5890 294.085967
  5895 292.538232
  5900 298.873863
  5905 293.208588
  5910 299.148714
  5915 290.696091
  5920 294.894353
  5925 304.076237
  5930 301.762940
  5935 296.434647
  5940 295.560663
  5945 291.433977
  5950 297.494587
  5955 305.397214
  5960 304.379164
  5965 295.716203
  5970 299.951740
  5975 302.184550
  5980 292.441232
  5985 303.616824
  5990 301.416548
  5995 305.226815
  6000 295.262676
  6005 302.732685
  6010 290.673915
  6015 298.431381
  6020 293.649307
  6025 292.848958
  6030 291.433479
  6035 304.938328
  6040 298.765147
  6045 292.663645
  6050 293.960976
  6055 300.157161
  6060 302.067737
  6065 301.838509
  6070 294.207768
  6075 299.758832
  6080 294.707491
  6085 305.299757
  6090 301.681541
  6095 303.394904
  6100 291.363770
  6105 299.343456
  6110 292.889507
  6115 301.252485
  6120 295.926165
  6125 299.338862
  6130 304.446623
  6135 295.412071
  6140 294.495609
  6145 291.133570
  6150 298.095955
  6155 296.793220
  6160 301.204123
  6165 298.035431
  6170 292.142892
  6175 296.691898
  6180 294.995646
  6185 301.605748
  6190 305.544766
  6195 291.148761
  6200 298.973541
  6205 295.259074
  6210 305.207982
  6215 303.803519
  6220 301.469442
  6225 300.448267
  6230 300.100109
  6235 303.836186
  6240 302.923546
  6245 290.810084
  6250 304.381466
  6255 298.859154
  6260 302.854996
  6265 299.827766
  6270 301.708228
  6275 291.951279
  6280 297.092574
  6285 300.341294
  6290 301.600325
  6295 292.480425
  6300 297.484366
  6305 296.750283
  6310 304.659245
  6315 301.600302
  6320 298.899278
  6325 304.872232
  6330 294.169768
  6335 291.988798
  6340 298.077114
  6345 299.302320
  6350 298.237745
  6355 292.894665
  6360 299.565410
  6365 299.273831
  6370 302.213571
  6375 303.181328
  6380 292.073210
  6385 304.616729
  6390 301.885977
  6395 299.373183
  6400 291.441248
  6405 294.962797
  6410 300.391220
  6415 302.348355
  6420 301.377871
  6425 300.652018
  6430 300.047394
  6435 295.193583
  6440 296.354397
  6445 301.892858
  6450 305.444076
  6455 304.998275
  6460 292.935317
  6465 305.061552
  6470 293.127963
  6475 293.954528
  6480 302.502735
  6485 301.316932
  6490 293.858710
  6495 293.491570
  6500 292.224247
  6505 299.710425
  6510 293.790329
  6515 295.503556
  6520 291.840700
  6525 303.138202
  6530 298.471412
  6535 300.430453
  6540 298.610828
  6545 305.117478
  6550 292.816324
  6555 292.891086
  6560 304.935944
  6565 303.317555
  6570 297.728089
  6575 297.286386
  6580 296.196611
  6585 290.710939
  6590 303.970373
  6595 291.740398
  6600 303.498337
  6605 291.307597
  6610 301.744403
  6615 304.782805
  6620 300.475965
  6625 302.578313
  6630 299.997712
  6635 302.579108
  6640 302.227138
  6645 291.927717
  6650 300.583527
  6655 297.234759
  6660 303.688188
  6665 294.098437
  6670 304.359565
  6675 292.804386
  6680 291.745673
  6685 291.916301
  6690 304.434526
  6695 291.312712
  6700 298.351885
  6705 295.480050
  6710 301.955568
  6715 300.673249
  6720 296.772695
  6725 294.318596
  6730 300.420484
  6735 296.298545
  6740 292.962629
  6745 292.908912
  6750 294.889193
  6755 297.666507
  6760 292.903294
  6765 298.908575
  6770 303.140195
  6775 299.857587
  6780 297.835996
  6785 296.241860
  6790 294.454694
  6795 292.373576
  6800 293.297637
  6805 298.150531
  6810 296.372182
  6815 294.239581
  6820 301.949622
  6825 302.336060
  6830 299.859139
  6835 298.459870
  6840 296.711849
  6845 305.245841
  6850 298.491420
  6855 294.611112
  6860 290.741996
  6865 292.305906
  6870 294.821806
  6875 294.110376
  6880 292.238338
  6885 294.320533
  6890 301.667213
  6895 300.134195
  6900 298.951376
  6905 298.687725
  6910 293.011373
  6915 295.451801
  6920 294.425384
  6925 298.084592
  6930 303.299433
  6935 293.548491
  6940 300.742659
  6945 305.086325
  6950 297.455755
  6955 292.971737
  6960 305.638117
  6965 304.819600
  6970 305.279452
  6975 305.429979
  6980 296.030022
  6985 292.038115
  6990 297.679711
  6995 302.974038
  7000 291.683614
  7005 305.180134
  7010 303.200116
  7015 300.854639
  7020 293.687776
  7025 295.672677
  7030 295.633035
  7035 302.211281
  7040 292.153555
  7045 305.324337
  7050 295.855871
  7055 298.957173
  7060 297.248552
  7065 302.824880
  7070 304.036468
  7075 303.235065
  7080 290.926440
  7085 305.406755
  7090 303.212901
  7095 292.780046
  7100 292.581794
  7105 297.513872
  7110 294.302936
  7115 300.479947
  7120 290.885263
  7125 302.873132
  7130 300.886655
  7135 291.196961
  7140 298.322355
  7145 291.069337
  7150 302.280710
  7155 293.598923
  7160 300.229208
  7165 298.384583
  7170 297.240085
  7175 299.046072
  7180 304.976723
  7185 302.473246
  7190 301.708740
  7195 299.886355
  7200 301.204033
  7205 291.404798
  7210 300.629436
  7215 304.792560
  7220 299.476101
  7225 301.447556
  7230 299.646161
  7235 304.253443
  7240 291.722580
  7245 297.106135
  7250 297.120417
  7255 293.375904
  7260 294.181309
  7265 291.057737
  7270 294.405919
  7275 291.554316
  7280 296.744747
  7285 294.732729
  7290 302.633595
  7295 300.558359
  7300 300.694653
  7305 305.522280
  7310 303.070525
  7315 298.275113
  7320 298.098571
  7325 291.314956
  7330 297.896926
  7335 302.538708
  7340 292.747209
  7345 294.733164
  7350 293.589488
  7355 295.102338
  7360 303.690377
  7365 302.159857
  7370 301.671906
  7375 294.436222
  7380 296.954523
  7385 290.926006
  7390 302.285489
  7395 291.967288
  7400 301.985668
  7405 302.962961
  7410 304.902346
  7415 294.149342
  7420 302.504112
  7425 301.797235
  7430 302.388293
  7435 304.689189
  7440 300.344112
  7445 304.146690
  7450 299.117276
  7455 299.445744
  7460 296.614626
  7465 293.627560
  7470 301.051432
  7475 297.998705
  7480 299.618551
  7485 299.314936
  7490 291.176517
  7495 293.303094
  7500 293.071297
  7505 299.131260
  7510 305.132693
  7515 305.589663
  7520 293.166074
  7525 302.539105
  7530 291.357463
  7535 303.758047
  7540 303.960555
  7545 299.707688
  7550 290.800415
  7555 302.768998
  7560 297.883465
  7565 302.751462
  7570 291.111282
  7575 298.878845
  7580 299.477941
  7585 297.295846
  7590 302.234306
  7595 300.315324
  7600 299.675645
  7605 297.862631
  7610 295.470611
  7615 303.780744
  7620 296.041447
  7625 295.147706
  7630 293.595567
  7635 299.530603
  7640 294.405800
  7645 292.229571
  7650 297.522740
  7655 302.134537
  7660 297.000605
  7665 294.520247
  7670 299.302772
  7675 303.862039
  7680 292.537553
  7685 297.298559
  7690 295.322088
  7695 301.140974
  7700 305.410142
  7705 296.876342
  7710 298.207997
  7715 298.583280
  7720 292.668995
  7725 291.926771
  7730 302.499703
  7735 302.147799
  7740 301.659973
  7745 303.074201
  7750 299.522020
  7755 302.026700
  7760 295.525958
  7765 293.274853
  7770 298.719683
  7775 290.878456
  7780 301.228175
  7785 295.306776
  7790 292.020339
  7795 292.103870
  7800 298.026613
  7805 303.712617
  7810 295.172077
  7815 292.415257
  7820 300.701562
  7825 297.883015
  7830 296.893834
  7835 298.088470
  7840 299.308523
  7845 291.991744
  7850 293.318772
  7855 294.505592
  7860 301.885753
  7865 303.434828
  7870 293.653762
  7875 302.215734
  7880 302.381269
  7885 293.925611
  7890 292.308987
  7895 296.156976
  7900 293.517060
  7905 291.277346
  7910 303.655869
  7915 304.310015
  7920 291.075669
  7925 295.624496
  7930 300.836316
  7935 291.759044
  7940 305.229667
  7945 305.407230
  7950 293.575631
  7955 299.432417
  7960 301.717462
  7965 299.796197
  7970 298.387046
  7975 298.001403
  7980 297.389727
  7985 291.227910
  7990 297.716737
  7995 302.541126
  8000 292.087573
  8005 291.567886
  8010 302.200678
  8015 300.731861
  8020 293.985653
  8025 304.017253
  8030 299.445980
  8035 302.710888
  8040 294.296195
  8045 291.414781
  8050 295.377001
  8055 293.131428
  8060 299.446890
  8065 293.785661
  8070 299.318402
  8075 291.066061
  8080 303.906199
  8085 302.905444
  8090 295.271299
  8095 305.154845
  8100 296.718388
  8105 297.509071
  8110 297.674300
  8115 301.094414
  8120 297.596216
  8125 296.916842
  8130 292.847600
  8135 304.992009
  8140 304.922433
  8145 298.686892
  8150 292.676988
  8155 297.343571
  8160 298.768933
  8165 296.104548
  8170 300.761489
  8175 303.522316
  8180 305.205157
  8185 295.543017
  8190 294.876104
  8195 301.239800
  8200 303.717499
  8205 305.236547
  8210 301.026122
  8215 291.190251
  8220 296.740104
  8225 304.751744
  8230 297.765578
  8235 291.365809
  8240 294.688044
  8245 300.001169
  8250 293.126493
  8255 293.680571
  8260 294.027318
  8265 297.387195
  8270 302.000210
  8275 295.206457
  8280 304.932113
  8285 301.685101
  8290 297.554203
  8295 301.243522
  8300 303.638438
  8305 295.264664
  8310 299.623266
  8315 301.652423
  8320 291.646582
  8325 295.055858
  8330 291.760935
  8335 298.275592
  8340 299.210356
  8345 304.873257
  8350 294.414628
  8355 304.048574
  8360 302.936090
  8365 303.070236
  8370 299.761343
  8375 293.588651
  8380 299.726033
  8385 303.028045
  8390 301.277950
  8395 291.519301
  8400 294.744644
  8405 295.325939
  8410 304.727967
  8415 298.512330
  8420 298.603845
  8425 302.664741
  8430 303.151207
  8435 296.991601
  8440 303.725488
  8445 299.247447
  8450 304.974677
  8455 296.619931
  8460 303.441357
  8465 300.566094
  8470 304.580454
  8475 292.040078
  8480 294.144738
  8485 291.875786
  8490 292.261789
  8495 293.032065
  8500 293.419814
  8505 299.545922
  8510 303.157298
  8515 293.202390
  8520 292.733082
  8525 296.277444
  8530 304.998990
  8535 304.631296
  8540 299.522268
  8545 301.602561
  8550 303.147285
  8555 304.484611
  8560 296.865455
  8565 302.752044
  8570 296.556489
  8575 293.240378
  8580 298.291184
  8585 291.965389
  8590 293.925863
  8595 304.512782
  8600 299.791408
  8605 298.185125
  8610 302.490533
  8615 293.177759
  8620 301.016462
  8625 296.216841
  8630 294.922670
  8635 297.741349
  8640 293.427579
  8645 296.617856
  8650 290.840127
  8655 302.689520
  8660 295.696592
  8665 299.681167
  8670 295.562477
  8675 304.899333
  8680 299.148234
  8685 299.463478
  8690 302.622845
  8695 291.926274
  8700 291.184859
  8705 296.779507
  8710 293.657944
  8715 305.250812
  8720 291.105921
  8725 296.182856
  8730 305.354756
  8735 295.413161
  8740 299.967675
  8745 295.455642
  8750 294.152471
  8755 301.995131
  8760 294.876060
  8765 303.800275
  8770 300.404923
  8775 305.563812
  8780 300.166123
  8785 296.749848
  8790 296.162573
  8795 291.824618
  8800 302.571614
  8805 303.071774
  8810 300.315589
  8815 290.790202
  8820 300.046175
  8825 300.152139
  8830 296.346057
  8835 292.112921
  8840 295.330928
  8845 302.145185
  8850 291.538509
  8855 298.191769
  8860 300.867599
  8865 300.661463
  8870 299.214241
  8875 299.551593
  8880 300.688066
  8885 300.313691
  8890 304.594101
  8895 292.010859
  8900 305.089811
  8905 304.754114
  8910 295.445500
  8915 300.335655
  8920 302.856866
  8925 295.890881
  8930 300.116932
  8935 301.417173
  8940 293.449335
  8945 292.927037
  8950 292.895860
  8955 297.781263
  8960 302.849711
  8965 299.680662
  8970 302.286425
  8975 294.265300
  8980 303.732783
  8985 302.203300
  8990 295.292646
  8995 292.478166
  9000 291.419931
  9005 295.737280
  9010 305.074999
  9015 299.011259
  9020 294.906223
  9025 302.904677
  9030 302.667125
  9035 303.581382
  9040 301.775341
  9045 297.871139
  9050 297.108439
  9055 301.610477
  9060 293.559829
  9065 291.602894
  9070 295.245949
  9075 304.455897
  9080 304.559811
  9085 298.400303
  9090 299.811911
  9095 294.258125
  9100 300.093457
  9105 298.192553
  9110 303.496742
  9115 301.493091
  9120 301.172345
  9125 296.382165
  9130 302.940902
  9135 290.758467
  9140 299.053400
  9145 302.784210
  9150 305.043927
  9155 305.217681
  9160 295.996283
  9165 296.090897
  9170 305.491031
  9175 292.605441
  9180 299.306880
  9185 292.499111
  9190 291.643907
  9195 299.712072
  9200 301.260324
  9205 304.347370
  9210 293.052032
  9215 301.682038
  9220 304.720199
  9225 301.629080
  9230 298.117551
  9235 291.853254
  9240 304.279489
  9245 290.990826
  9250 305.361969
  9255 292.528420
  9260 292.799331
  9265 301.724548
  9270 303.004555
  9275 295.831282
  9280 303.098627
  9285 304.454834
  9290 303.231385
  9295 296.496292
  9300 291.536202
  9305 297.897384
  9310 297.162140
  9315 304.282551
  9320 300.954551
  9325 293.095293
  9330 304.969696
  9335 303.434284
  9340 300.207027
  9345 298.823981
  9350 302.855649
  9355 297.803024
  9360 297.527361
  9365 296.594187
  9370 293.635964
  9375 301.433635
  9380 300.083221
  9385 300.463767
  9390 304.060831
  9395 295.523913
  9400 304.659955
  9405 298.499624
  9410 297.745083
  9415 297.386978
  9420 305.526566
  9425 296.891801
  9430 295.227578
  9435 295.024933
  9440 301.914318
  9445 295.001938
  9450 290.983851
  9455 298.037859
  9460 301.213537
  9465 293.831735
  9470 305.080877
  9475 294.038553
  9480 294.827570
  9485 293.696049
  9490 302.037201
  9495 294.040073
  9500 294.775300
  9505 291.024478
  9510 293.505214
  9515 295.381945
  9520 302.785769
  9525 298.453503
  9530 291.057198
  9535 301.863329
  9540 301.463077
  9545 291.958014
  9550 302.753160
  9555 298.013343
  9560 301.665292
  9565 291.033888
  9570 303.788682
  9575 296.497577
  9580 294.619913
  9585 304.086090
  9590 299.915975
  9595 296.797694
  9600 301.473512
  9605 292.498009
  9610 292.898908
  9615 300.633832
  9620 301.196742
  9625 302.275741
  9630 295.924348
  9635 305.026696
  9640 292.924426
  9645 299.074487
  9650 301.575566
  9655 297.847941
  9660 297.911055
  9665 299.593833
  9670 305.572284
  9675 291.180820
  9680 297.877829
  9685 290.719852
  9690 302.345308
  9695 296.158582
  9700 304.916294
  9705 296.813143
  9710 292.787842
  9715 295.153280
  9720 297.117135
  9725 292.311279
  9730 304.464206
  9735 304.623676
  9740 300.171810
  9745 298.832235
  9750 290.864971
  9755 291.239490
  9760 297.265878
  9765 300.014197
  9770 295.954294
  9775 294.118149
  9780 295.258485
  9785 296.372429
  9790 305.204061
  9795 299.007632
  9800 302.070627
  9805 299.852834
  9810 294.943089
  9815 293.270838
  9820 301.604203
  9825 301.096096
  9830 294.391693
  9835 303.224362
  9840 302.476101
  9845 299.055783
  9850 304.781654
  9855 294.985046
  9860 298.484003
  9865 291.434862
  9870 299.598953
  9875 299.002299
  9880 299.764054
  9885 303.843952
  9890 301.592386
  9895 294.763281
  9900 302.823510
  9905 300.768332
  9910 292.124922
  9915 294.354496
  9920 304.164405
  9925 304.049497
  9930 293.129225
  9935 302.937263
  9940 302.048511
  9945 293.452411
  9950 293.289096
  9955 302.552111
  9960 293.469077
  9965 301.033019
  9970 298.922398
  9975 297.856759
  9980 304.330898
  9985 294.671538
  9990 305.320073
  9995 298.119241
 10000 300.269057
 10005 303.769931
 10010 292.658697
 10015 291.886064
 10020 299.180572
 10025 296.590901
 10030 297.900917
 10035 302.804781
 10040 297.196706
 10045 300.062490
 10050 303.581178
 10055 293.312231
 10060 303.308354
 10065 294.289490
 10070 292.391901
 10075 304.361037
 10080 301.861290
 10085 301.768244
 10090 299.332650
 10095 296.826303
 10100 301.310236
 10105 297.310379
 10110 302.994660
 10115 305.158192
 10120 296.978277
 10125 292.143420
 10130 300.713245
 10135 298.902189
 10140 296.775022
 10145 295.928748
 10150 294.312806
 10155 294.309104
 10160 298.696224
 10165 298.459526
 10170 293.640306
 10175 302.886033
 10180 293.767178
 10185 299.220764
 10190 294.500073
 10195 292.615423
 10200 304.625328
 10205 291.718726
 10210 295.973098
 10215 298.283030
 10220 300.517236
 10225 294.858029
 10230 299.663608
 10235 301.428572
 10240 301.511982
 10245 302.808850
 10250 304.310147
 10255 305.391287
 10260 292.941404
 10265 303.947624
 10270 290.869434
 10275 290.967232
 10280 300.735589
 10285 302.312413
 10290 295.548731
 10295 292.288318
 10300 300.406696
 10305 301.594116
 10310 295.580899
 10315 299.365840
 10320 292.234799
 10325 301.880295
 10330 302.432353
 10335 294.925386
 10340 302.085513
 10345 292.629623
 10350 298.619192
 10355 305.315653
 10360 297.421698
 10365 303.206956
 10370 303.636093
 10375 300.780121
 10380 302.162551
 10385 291.497008
 10390 301.629054
 10395 302.191582
 10400 290.663945
 10405 300.860251
 10410 304.014682
 10415 294.801288
 10420 294.954681
 10425 304.654095
 10430 294.082088
 10435 295.254674
 10440 305.422095
 10445 300.390784
 10450 296.567162
 10455 292.719389
 10460 293.189254
 10465 303.484892
 10470 291.502085
 10475 302.093732
 10480 297.503437
 10485 304.632163
 10490 300.826839
 10495 295.203660
 10500 303.463743
 10505 294.361536
 10510 300.094334
 10515 304.813823
 10520 292.395780
 10525 292.599174
 10530 291.134639
 10535 292.227899
 10540 296.823433
 10545 301.776619
 10550 295.453233
 10555 292.506484
 10560 302.544125
 10565 297.364485
 10570 294.249050
 10575 303.141763
 10580 297.942893
 10585 305.567215
 10590 300.637020
 10595 304.877027
 10600 291.236137
 10605 296.439301
 10610 294.788610
 10615 303.997220
 10620 297.440661
 10625 291.959517
 10630 300.533976
 10635 296.328868
 10640 299.903152
 10645 292.562754
 10650 294.141372
 10655 294.091518
 10660 300.326583
 10665 299.128814
 10670 296.335093
 10675 300.763980
 10680 297.506844
 10685 302.181543
 10690 291.923289
 10695 293.460940
 10700 303.784337
 10705 300.713416
 10710 292.952955
 10715 305.425823
 10720 293.004143
 10725 302.885080
 10730 290.992058
 10735 304.386348
 10740 294.124423
 10745 291.303194
 10750 304.111916
 10755 304.617281
 10760 296.216378
 10765 301.262015
 10770 292.507114
 10775 301.775876
 10780 303.460063
 10785 292.419125
 10790 292.711562
 10795 296.571080
 10800 295.437177
