     5 304.232989
    10 293.867652
    15 296.883495
    20 299.421324
    25 293.868677
    30 296.637401
    35 295.145832
    40 300.007074
    45 294.487002
    50 302.130877
    55 303.767652
    60 295.107880
    65 293.092720
    70 300.744438
    75 297.958400
    80 296.559729
    85 298.055505
    90 304.492985
    95 302.365513
   100 291.405449
   105 298.147948
   110 298.650491
   115 303.911988
   120 295.716359
   125 304.453990
   130 305.120702
   135 299.190025
   140 304.175563
   145 299.741537
   150 297.731860
   155 304.493611
   160 292.630328
   165 291.742128
   170 301.165930
   175 298.966671
   180 296.449735
   185 294.885414
   190 299.234584
   195 302.030193
   200 298.473937
   205 290.935681
   210 298.766567
   215 290.814580
   220 304.965857
   225 291.253559
   230 294.489647
   235 302.031801
   240 301.558250
   245 304.562972
   250 300.939408
   255 301.171009
   260 292.711029
   265 299.869569
   270 294.624792
   275 299.744703
   280 301.539234
   285 301.491125
   290 299.925084
   295 298.675077
   300 303.234836
   305 303.480276
   310 292.534749
   315 296.481768
   320 297.551053
   325 301.214439
   330 302.942769
   335 293.180262
   340 304.282491
   345 291.245459
   350 304.951197
   355 300.040692
   360 303.507556
   365 295.574865
   370 300.474864
   375 291.786428
   380 292.215314
   385 291.101136
   390 300.469975
   395 292.181201
   400 303.990479
   405 297.982765
   410 296.435879
   415 304.239825
   420 294.740952
   425 291.951802
   430 296.626752
   435 295.867198
   440 304.498521
   445 301.515347
   450 296.693978
   455 295.156798
   460 297.249369
   465 305.215298
   470 298.848594
   475 291.831383
   480 302.495819
   485 296.842317
   490 304.561620
   495 303.390754
   500 302.135029
   505 301.944041
   510 300.737302
   515 294.176062
   520 302.343329
   525 303.653021
   530 302.980689
   535 303.354534
   540 294.149745
   545 298.512049
   550 305.566881
   555 294.365084
   560 296.756175
   565 303.331549
   570 305.323318
   575 291.484463
   580 296.976190
   585 299.094642
   590 304.807624
   595 305.314595
   600 303.340550
   605 294.463868
   610 292.806585
   615 295.503474
   620 300.647742
   625 304.495397
   630 300.021848
   635 301.303210
   640 293.177435
   645 294.193520
   650 291.258892
   655 303.186119
   660 303.781140
   665 300.395495
   670 304.869364
   675 299.407352
   680 303.961298
   685 295.936979
   690 299.856091
   695 297.921765
   700 293.363374
   705 296.581080
   710 303.206298
   715 291.918412
   720 294.135396
   725 301.914539
   730 295.621314
   735 305.350609
   740 299.726172
   745 296.881596
   750 301.016433
   755 293.688452
   760 304.866656
   765 293.749954
   770 296.732180
   775 303.944256
   780 300.886497
   785 295.024589
   790 296.725835
   795 304.940471
   800 295.121750
   805 305.543986
   810 298.108628
   815 298.994094
   820 301.983480
   825 303.333348
   830 294.755593
   835 292.824433
   840 295.059409
   845 304.331258
   850 293.239396
   855 303.328908
   860 292.181148
   865 299.788147
   870 305.241733
   875 304.560102
   880 301.515124
   885 304.237078
   890 294.152848
   895 305.027804
   900 295.694983
   905 294.580904
   910 299.483010
   915 299.546010
   920 294.186301
   925 297.302871
   930 299.949218
   935 295.159299
   940 304.861500
   945 299.015570
   950 305.612955
   955 294.736186
   960 292.348381
   965 303.111388
   970 302.433812
   975 299.842988
   980 304.063653
   985 294.930704
   990 297.854207
   995 295.432431
  1000 304.675200
  1005 292.211918
  1010 297.792722
  1015 297.140542
  1020 302.557755
  1025 300.691957
  1030 293.027861
  1035 297.189693
  1040 295.125351
  1045 293.232404
  1050 299.241830
  1055 296.043147
  1060 298.069488
  1065 304.416695
  1070 305.114795
  1075 295.029145
  1080 296.177694
  1085 300.879223
  1090 294.626398
  1095 294.192911
  1100 302.650192
  1105 299.134977
  1110 304.793343
  1115 293.897297
  1120 290.785144
  1125 305.194172
  1130 295.776254
  1135 301.416918
  1140 296.577309
  1145 295.914873
  1150 294.412219
  1155 294.427170
  1160 301.985432
  1165 304.722130
  1170 303.133992
  1175 302.277188
  1180 299.494876
  1185 297.349816
  1190 304.917371
  1195 305.257855
  1200 300.574218
  1205 297.814503
  1210 303.440883
  1215 293.191351
  1220 301.239516
  1225 304.976103
  1230 295.316697
  1235 298.142290
  1240 296.732766
  1245 305.541628
  1250 292.095816
  1255 299.844850
  1260 302.966217
  1265 301.031979
  1270 296.302988
  1275 305.332638
  1280 300.710587
  1285 305.042198
  1290 295.009743
  1295 302.217962
  1300 294.021069
  1305 296.419945
  1310 296.943830
  1315 293.349042
  1320 300.404086
  1325 292.626133
  1330 297.120745
  1335 296.085120
  1340 295.533455
  1345 291.310116
  1350 295.116336
  1355 302.223329
  1360 297.074247
  1365 304.394961
  1370 303.304516
  1375 295.191029
  1380 300.362247
  1385 291.808300
  1390 293.538810
  1395 291.718585
  1400 292.181833
  1405 305.530068
  1410 297.222308
  1415 302.089667
  1420 296.900300
  1425 297.152866
  1430 294.724169
  1435 299.591730
  1440 295.142371
  1445 304.275698
  1450 293.060980
  1455 295.963067
  1460 294.327565
  1465 302.772230
  1470 303.074427
  1475 296.162023
  1480 292.892094
  1485 302.782081
  1490 296.554775
  1495 305.217580
  1500 298.311722
  1505 305.241821
  1510 299.977214
  1515 301.907308
  1520 301.005781
  1525 293.506729
  1530 294.231674
  1535 299.837013
  1540 296.753716
  1545 300.518223
  1550 301.199171
  1555 301.188831
  1560 301.982785
  1565 301.952177
  1570 299.679738
  1575 301.299949
  1580 301.875842
  1585 297.466885
  1590 294.278725
  1595 292.056704
  1600 292.850510
  1605 305.046294
  1610 297.163304
  1615 293.801762
  1620 294.203901
  1625 305.335413
  1630 295.348541
  1635 301.030242
  1640 304.210079
  1645 290.705523
  1650 295.457438
  1655 298.518118
  1660 305.324177
  1665 304.072561
  1670 305.125652
  1675 297.347500
  1680 294.440143
  1685 297.447200
  1690 293.001799
  1695 301.756308
  1700 301.803194
  1705 292.757566
  1710 299.073942
  1715 296.267669
  1720 301.377056
  1725 299.922792
  1730 302.092014
  1735 292.037133
  1740 295.450775
  1745 293.284531
  1750 292.279092
  1755 290.708903
  1760 299.827288
  1765 303.829380
  1770 302.619879
  1775 299.880595
  1780 304.259289
  1785 295.066765
  1790 292.558501
  1795 293.957263
  1800 293.711259
  1805 302.010240
  1810 291.350862
  1815 299.234070
  1820 305.068859
  1825 304.581634
  1830 303.675508
  1835 293.447566
  1840 293.601818
  1845 291.632532
  1850 303.978378
  1855 290.875717
  1860 296.130231
  1865 297.015866
  1870 292.124504
  1875 298.142891
  1880 301.842755
  1885 300.926292
  1890 291.536234
  1895 303.180214
  1900 302.505150
  1905 302.389367
  1910 293.685649
  1915 295.518909
  1920 305.318939
  1925 291.290513
  1930 304.881816
  1935 294.598966
  1940 296.421151
  1945 295.994475
  1950 297.474146
  1955 293.435615
  1960 292.047190
  1965 295.626539
  1970 304.122036
  1975 297.611722
  1980 294.334118
  1985 299.448767
  1990 291.054928
  1995 292.319966
  2000 302.036900
  2005 298.592330
  2010 295.127730
  2015 292.301999
  2020 300.904267
  2025 293.939389
  2030 291.901710
  2035 304.311809
  2040 298.549927
  2045 297.318692
  2050 296.971208
  2055 293.196970
  2060 290.880835
  2065 292.327229
  2070 303.703572
  2075 300.380449
  2080 293.608710
  2085 292.282485
  2090 302.077360
  2095 297.857223
  2100 290.996307
  2105 291.329606
  2110 302.526000
  2115 299.763690
  2120 295.784327
  2125 304.295237
  2130 295.778368
  2135 302.725862
  2140 305.532143
  2145 293.867750
  2150 301.824292
  2155 298.625946
  2160 303.372873
  2165 292.037643
  2170 295.382551
  2175 292.447383
  2180 304.577118
  2185 294.140426
  2190 294.003488
  2195 298.017514
  2200 295.556263
  2205 291.888813
  2210 304.917843
  2215 299.332474
  2220 291.511965
  2225 300.324970
  2230 291.224309
  2235 297.287404
  2240 302.521406
  2245 295.982506
  2250 297.367002
  2255 301.401614
  2260 305.429583
  2265 298.186880
  2270 293.798208
  2275 292.017688
  2280 296.430253
  2285 297.958600
  2290 299.220260
  2295 294.675535
  2300 297.949470
  2305 294.840103
  2310 292.417975
  2315 297.390076
  2320 295.272719
  2325 291.251223
  2330 295.337695
  2335 301.900285
  2340 303.042704
  2345 305.341923
  2350 294.473290
  2355 299.404017
  2360 300.887842
  2365 292.012399
  2370 303.764820
  2375 300.722628
  2380 303.835990
  2385 291.641595
  2390 294.367843
  2395 293.842017
  2400 299.990313
  2405 293.662767
  2410 301.105937
  2415 291.138310
  2420 298.128143
  2425 292.108534
  2430 299.602935
  2435 302.613932
  2440 291.034158
  2445 294.491254
  2450 301.006578
  2455 298.845679
  2460 299.635597
  2465 292.498015
  2470 295.628488
  2475 290.677762
  2480 303.262323
  2485 305.569315
  2490 303.297340
  2495 300.756889
  2500 293.173891
  2505 297.559030
  2510 292.384756
  2515 296.911183
  2520 293.451901
  2525 292.726308
  2530 296.144155
  2535 301.078065
  2540 303.457733
  2545 295.028915
  2550 294.003655
  2555 301.582253
  2560 294.953188
  2565 305.573472
  2570 305.553163
  2575 304.078981
  2580 296.696608
  2585 303.340219
  2590 302.029018
  2595 301.800938
  2600 293.608050
  2605 301.940266
  2610 300.830831
  2615 298.116017
  2620 295.019538
  2625 304.329522
  2630 302.880925
  2635 298.261097
  2640 291.817457
  2645 298.194679
  2650 302.028595
  2655 302.122984
  2660 301.818040
  2665 297.488466
  2670 304.051631
  2675 295.948995
  2680 302.715820
  2685 293.325570
  2690 295.648222
  2695 295.439163
  2700 293.881868
  2705 294.975482
  2710 303.369191
  2715 304.044231
  2720 292.578147
  2725 291.329662
  2730 304.008294
  2735 295.760501
  2740 304.869953
  2745 296.183299
  2750 300.630583
  2755 302.466793
  2760 299.148055
  2765 301.647753
  2770 291.285321
  2775 305.201129
  2780 304.642625
  2785 293.713589
  2790 300.055689
  2795 299.917227
  2800 294.661202
  2805 291.245795
  2810 299.561462
  2815 302.566572
  2820 300.786664
  2825 298.363536
  2830 295.331496
  2835 297.430844
  2840 303.031447
  2845 292.901663
  2850 291.867520
  2855 295.016143
  2860 295.069825
  2865 302.432808
  2870 296.970065
  2875 297.393714
  2880 303.006559
  2885 295.446321
  2890 301.028586
  2895 297.984797
  2900 303.846806
  2905 298.369099
  2910 299.064451
  2915 292.215304
  2920 298.388025
  2925 292.486629
  2930 299.699772
  2935 300.315527
  2940 294.697799
  2945 299.504632
  2950 295.022402
  2955 294.429681
  2960 302.256602
  2965 299.532667
  2970 302.504971
  2975 301.045596
  2980 294.324538
  2985 302.645141
  2990 296.923400
  2995 295.352644
  3000 302.868407
  3005 302.431145
  3010 293.185893
  3015 291.441333
  3020 293.600547
  3025 300.512109
  3030 291.598478
  3035 296.883048
  3040 292.755953
  3045 292.572167
  3050 291.374112
  3055 296.556815
  3060 292.826572
  3065 296.108924
  3070 298.444770
  3075 296.558028
  3080 293.806353
  3085 301.733462
  3090 304.418005
  3095 294.848887
  3100 291.887241
  3105 300.106107
  3110 298.268313
  3115 298.024127
  3120 299.112939
  3125 295.628030
  3130 304.499443
  3135 304.938204
  3140 299.625021
  3145 301.046764
  3150 304.537109
  3155 291.903805
  3160 293.588445
  3165 292.598100
  3170 301.532869
  3175 297.991765
  3180 292.505200
  3185 291.786852
  3190 295.383153
  3195 298.600146
  3200 291.916839
  3205 298.468003
  3210 298.881007
  3215 294.613494
  3220 296.680916
  3225 295.025975
  3230 296.699860
  3235 292.066870
  3240 293.256860
  3245 300.390292
  3250 300.162133
  3255 294.406523
  3260 291.833544
  3265 292.249015
  3270 296.103586
  3275 301.181304
  3280 303.285664
  3285 290.693024
  3290 304.633735
  3295 296.544013
  3300 294.999541
  3305 292.640980
  3310 298.975744
  3315 296.793327
  3320 293.053975
  3325 304.765244
  3330 300.239019
  3335 294.592072
  3340 292.825465
  3345 290.804929
  3350 294.116221
  3355 292.738424
  3360 293.667487
  3365 298.317677
  3370 294.700901
  3375 302.307014
  3380 298.899115
  3385 291.459568
  3390 301.522664
  3395 298.871962
  3400 300.246477
  3405 297.973748
  3410 300.835781
  3415 304.294218
  3420 299.116993
  3425 296.614927
  3430 302.284677
  3435 298.694638
  3440 293.398165
  3445 300.490154
  3450 296.403361
  3455 299.321005
  3460 290.733384
  3465 294.268811
  3470 297.351999
  3475 291.765710
  3480 301.963741
  3485 291.146333
  3490 295.299997
  3495 301.197729
  3500 293.962772
  3505 293.934618
  3510 301.950519
  3515 298.576977
  3520 294.801285
  3525 300.557434
  3530 294.560889
  3535 293.664072
  3540 294.466436
  3545 296.511893
  3550 301.294047
  3555 291.229671
  3560 301.880927
  3565 297.026026
  3570 305.108397
  3575 305.452226
  3580 292.896245
  3585 305.450935
  3590 295.305472
  3595 305.154593
  3600 304.734144
  3605 298.560144
  3610 297.815358
  3615 299.015091
  3620 299.023638
  3625 302.587971
  3630 293.798894
  3635 303.862177
  3640 295.542881
  3645 290.650409
  3650 298.832397
  3655 301.997704
  3660 295.449143
  3665 291.481641
  3670 292.918149
  3675 301.473210
  3680 302.574545
  3685 298.056771
  3690 293.065529
  3695 302.621600
  3700 298.272949
  3705 301.792229
  3710 294.028739
  3715 301.238410
  3720 303.879629
  3725 290.653410
  3730 302.918461
  3735 292.555423
  3740 295.205271
  3745 292.360436
  3750 299.288340
  3755 299.151783
  3760 294.398428
  3765 290.915554
  3770 296.894428
  3775 297.331450
  3780 302.136447
  3785 293.574619
  3790 300.964795
  3795 296.315185
  3800 301.442572
  3805 290.932206
  3810 305.286622
  3815 294.143894
  3820 300.845116
  3825 302.925398
  3830 292.249415
  3835 293.876845
  3840 300.565620
  3845 298.836664
  3850 299.399022
  3855 296.504015
  3860 302.201293
  3865 301.700213
  3870 299.550035
  3875 291.700608
  3880 298.192220
  3885 295.418493
  3890 294.942146
  3895 302.996625
  3900 301.764977
  3905 298.585310
  3910 298.034575
  3915 300.253765
  3920 299.847756
  3925 302.506337
  3930 290.800673
  3935 299.023826
  3940 299.927507
  3945 298.365951
  3950 304.329339
  3955 294.207753
  3960 300.979561
  3965 304.461959
  3970 291.241327
  3975 300.411252
  3980 303.726637
  3985 302.232433
  3990 301.277795
  3995 305.566692
  4000 302.938336
  4005 290.999468
  4010 300.814818
  4015 304.034174
  4020 298.927004
  4025 292.421452
  4030 292.973595
  4035 299.752250
  4040 298.492002
  4045 295.251943
  4050 290.868841
  4055 303.143376
  4060 296.476497
  4065 301.762652
  4070 299.241831
  4075 294.225536
  4080 303.648535
  4085 305.622512
  4090 294.919444
  4095 299.537934
  4100 302.480110
  4105 291.602192
  4110 298.379199
  4115 293.106954
  4120 293.090794
  4125 299.551431
  4130 300.183016
  4135 297.904058
  4140 304.650495
  4145 301.673711
  4150 303.020781
  4155 302.156187
  4160 294.961608
  4165 305.526814
  4170 295.908331
  4175 304.064807
  4180 295.242954
  4185 292.390530
  4190 296.694138
  4195 297.111292
  4200 296.519899
  4205 300.127182
  4210 297.298372
  4215 293.104255
  4220 302.999425
  4225 297.655867
  4230 297.693856
  4235 303.080743
  4240 292.986211
  4245 303.987487
  4250 295.450148
  4255 295.376200
  4260 299.044491
  4265 298.259664
  4270 296.283998
  4275 296.242447
  4280 294.898566
  4285 291.105266
  4290 294.684442
  4295 290.869227
  4300 297.583379
  4305 301.203179
  4310 292.774828
  4315 296.570753
  4320 304.627266
  4325 294.422262
  4330 304.517858
  4335 297.347354
  4340 302.955077
  4345 293.093586
  4350 294.794480
  4355 290.767101
  4360 294.543332
  4365 291.791240
  4370 297.415446
  4375 302.724057
  4380 298.165981
  4385 291.643235
  4390 297.294708
  4395 301.432775
  4400 295.323626
  4405 297.340293
  4410 304.182020
  4415 297.892409
  4420 291.653394
  4425 300.363010
  4430 296.159294
  4435 291.130198
  4440 301.719377
  4445 290.887496
  4450 301.230787
  4455 302.896256
  4460 300.462662
  4465 299.939494
  4470 298.210704
  4475 296.936102
  4480 298.372398
  4485 302.971401
  4490 302.047138
  4495 298.644229
  4500 293.244242
  4505 301.638778
  4510 293.648567
  4515 294.496098
  4520 299.000553
  4525 300.687476
  4530 303.409414
  4535 292.112946
  4540 295.366751
  4545 293.436872
  4550 295.884862
  4555 297.625750
  4560 303.716318
  4565 301.716150
  4570 302.246290
  4575 297.009660
  4580 305.185720
  4585 291.999377
  4590 302.752033
  4595 292.362131
  4600 301.952752
  4605 297.853871
  4610 301.945459
  4615 301.521796
  4620 291.045668
  4625 293.423677
  4630 302.068607
  4635 302.818561
  4640 305.249322
  4645 295.863988
  4650 295.914855
  4655 296.637386
  4660 302.112682
  4665 293.608697
  4670 294.347642
  4675 304.036863
  4680 300.458552
  4685 304.872493
  4690 304.941266
  4695 303.412828
  4700 298.656046
  4705 304.468477
  4710 301.297258
  4715 296.772143
  4720 295.305429
  4725 295.376333
  4730 301.748351
  4735 292.405832
  4740 294.553858
  4745 290.908953
  4750 300.956412
  4755 303.646082
  4760 301.422193
  4765 300.779147
  4770 296.764509
  4775 302.020480
  4780 291.382802
  4785 295.234782
  4790 293.826795
  4795 299.384833
  4800 297.904320
  4805 303.243042
  4810 300.212431
  4815 305.235490
  4820 293.176827
  4825 303.546879
  4830 303.925353
  4835 291.318437
  4840 293.481469
  4845 302.460376
  4850 292.647609
  4855 296.798156
  4860 304.954198
  4865 303.876041
  4870 292.161025
  4875 302.202476
  4880 293.142796
  4885 294.338555
  4890 305.564533
  4895 303.697989
  4900 298.301799
  4905 295.462640
  4910 295.271842
  4915 297.165390
  4920 294.233648
  4925 294.697035
  4930 304.044835
  4935 301.459221
  4940 299.339112
  4945 300.722698
  4950 296.191487
  4955 291.062016
  4960 294.856679
  4965 297.191054
  4970 299.466845
  4975 302.934670
  4980 296.502575
  4985 294.290034
  4990 298.120792
  4995 290.739389
  5000 300.971339
  5005 296.180409
  5010 301.862525
  5015 298.680644
  5020 291.931841
  5025 304.290551
  5030 295.184134
  5035 304.025464
  5040 291.394882
  5045 297.201360
  5050 292.258134
  5055 304.400225
  5060 304.218212
  5065 302.362966
  5070 303.921649
  5075 297.113768
  5080 301.856340
  5085 294.284632
  5090 296.201600
  5095 298.268306
  5100 304.206817
  5105 304.131225
  5110 300.119088
  5115 305.091385
  5120 300.679521
  5125 298.818890
  5130 292.018240
  5135 295.105717
  5140 302.881450
  5145 300.397991
  5150 301.105884
  5155 297.606395
  5160 292.082766
  5165 302.652859
  5170 295.773204
  5175 293.070844
  5180 294.267424
  5185 295.455554
  5190 302.120953
  5195 290.851011
  5200 300.626276
  5205 302.178351
  5210 297.238645
  5215 299.223152
  5220 291.605085
  5225 301.095543
  5230 302.009958
  5235 303.621593
  5240 290.809989
  5245 294.205065
  5250 295.911333
  5255 294.330344
  5260 294.104558
  5265 296.268235
  5270 296.245835
  5275 298.952161
  5280 292.119938
  5285 294.234560
  5290 299.935833
  5295 298.689760
  5300 299.672230
  5305 300.114630
  5310 292.617011
  5315 304.979919
  5320 304.196824
  5325 305.199939
  5330 302.810545
  5335 300.300793
  5340 295.955592
  5345 299.160589
  5350 290.691503
  5355 292.032355
  5360 305.431976
  5365 291.486296
  5370 298.905519
  5375 292.308309
  5380 301.518747
  5385 300.387987
  5390 301.196269
  5395 298.146464
  5400 297.859421
  5405 301.770454
  5410 305.148877
  5415 297.793047
  5420 300.433674
  5425 297.737526
  5430 294.819387
  5435 305.369605
  5440 305.498749
  5445 291.647212
  5450 303.540152
  5455 291.825946
  5460 294.836511
  5465 291.496752
  5470 303.376064
  5475 304.905484
  5480 302.499793
  5485 299.537278
  5490 304.537130
  5495 291.817456
  5500 297.918926
  5505 296.340161
  5510 305.279490
  5515 304.439197
  5520 300.650517
  5525 298.524616
  5530 305.082618
  5535 304.562120
  5540 296.720856
  5545 292.739260
  5550 291.891763
  5555 303.656425
  5560 295.254785
  5565 300.729380
  5570 292.501721
  5575 297.938614
  5580 299.024217
  5585 296.279673
  5590 303.069493
  5595 304.871777
  5600 291.634316
  5605 293.298770
  5610 304.630974
  5615 291.227922
  5620 297.821413
  5625 297.807338
  5630 296.188454
  5635 290.738879
  5640 295.302912
  5645 305.198433
  5650 303.859475
  5655 304.117750
  5660 305.562837
  5665 294.228218
  5670 295.907259
  5675 297.465738
  5680 305.098229
  5685 293.873237
  5690 295.024169
  5695 295.005015
  5700 291.149916
  5705 292.433114
  5710 299.233968
  5715 302.334186
  5720 292.097819
  5725 298.826907
  5730 295.862456
  5735 295.230064
  5740 296.898736
  5745 297.789184
  5750 305.553408
  5755 297.059036
  5760 294.626292
  5765 291.605202
  5770 300.716617
  5775 294.179141
  5780 302.416148
  5785 297.919594
  5790 305.361608
  5795 291.834214
  5800 298.143806
  5805 297.991744
  5810 300.124732
  5815 302.386082
  5820 300.294346
  5825 298.160188
  5830 303.677202
  5835 305.521310
  5840 292.154063
  5845 301.750226
  5850 298.187584
  5855 299.769889
  5860 301.540863
  5865 301.766404
  5870 292.293337
  5875 304.081248
  5880 303.047834
  5885 295.726266
  5890 297.159135
  5895 299.434964
  5900 300.296665
  5905 297.470982
  5910 299.311281
  5915 293.338762
  5920 292.474777
  5925 290.707024
  5930 295.213871
  5935 294.648355
  5940 304.460219
  5945 302.339639
  5950 299.429081
  5955 296.095804
  5960 293.013408
  5965 300.814874
  5970 292.954640
  5975 295.053774
  5980 295.716376
  5985 304.045573
  5990 294.209865
  5995 297.249341
  6000 297.596080
  6005 303.174266
  6010 303.143146
  6015 300.273279
  6020 304.696183
  6025 292.728566
  6030 297.899281
  6035 291.791456
  6040 297.862747
  6045 301.424089
  6050 299.544089
  6055 291.077798
  6060 301.290955
  6065 290.920888
  6070 300.621105
  6075 293.659648
  6080 294.357220
  6085 299.896327
  6090 291.753536
  6095 304.924329
  6100 292.756550
  6105 304.998943
  6110 304.650100
  6115 302.757726
  6120 302.399655
  6125 297.919601
  6130 305.453362
  6135 304.773476
  6140 295.114547
  6145 298.439594
  6150 302.845920
  6155 292.837069
  6160 292.457470
  6165 301.831641
  6170 302.638518
  6175 297.793789
  6180 304.148278
  6185 292.140615
  6190 292.406347
  6195 297.323345
  6200 299.625976
  6205 297.508133
  6210 291.238178
  6215 296.776107
  6220 298.833725
  6225 301.916711
  6230 293.209924
  6235 296.089599
  6240 292.491647
  6245 296.667897
  6250 303.156607
  6255 303.590645
  6260 303.977205
  6265 294.165202
  6270 295.782033
  6275 291.582972
  6280 292.386458
  6285 297.895003
  6290 299.347753
  6295 297.428801
  6300 302.582824
  6305 292.297670
  6310 293.184896
  6315 291.922493
  6320 294.867158
  6325 301.968867
  6330 305.613728
  6335 296.686652
  6340 298.261066
  6345 298.302194
  6350 304.539618
  6355 303.193145
  6360 296.718623
  6365 297.573615
  6370 305.130777
  6375 296.792353
  6380 295.541374
  6385 296.840687
  6390 294.715051
  6395 294.455427
  6400 299.666730
  6405 299.734205
  6410 304.608038
  6415 295.489254
  6420 294.464532
  6425 299.153701
  6430 299.737500
  6435 304.904740
  6440 297.198182
  6445 304.956454
  6450 292.598859
  6455 292.246755
  6460 296.976243
  6465 302.159425
  6470 294.798931
  6475 294.451159
  6480 290.763696
  6485 305.605765
  6490 294.531375
  6495 300.478252
  6500 299.269445
  6505 301.802186
  6510 296.554118
  6515 302.690394
  6520 291.099056
  6525 299.599231
  6530 292.634793
  6535 304.668785
  6540 297.171370
  6545 298.372184
  6550 298.768978
  6555 301.485467
  6560 290.995958
  6565 303.921258
  6570 290.712058
  6575 296.589230
  6580 304.325558
  6585 298.002582
  6590 303.906245
  6595 304.098267
  6600 301.377464
  6605 291.222686
  6610 298.161282
  6615 302.894709
  6620 305.022701
  6625 304.007917
  6630 294.537969
  6635 303.610977
  6640 299.067622
  6645 296.370153
  6650 296.255944
  6655 293.409358
  6660 296.084407
  6665 291.068005
  6670 293.545326
  6675 304.354217
  6680 300.607226
  6685 302.916440
  6690 297.806960
  6695 299.300402
  6700 296.856539
  6705 295.094119
  6710 299.786542
  6715 291.746792
  6720 299.269808
  6725 301.163196
  6730 298.675844
  6735 299.246105
  6740 295.397445
  6745 305.278021
  6750 290.873385
  6755 300.187408
  6760 297.430523
  6765 299.369703
  6770 302.215879
  6775 293.984571
  6780 303.784638
  6785 293.410174
  6790 298.298905
  6795 298.919810
  6800 298.155588
  6805 294.809333
  6810 292.708692
  6815 300.235598
  6820 291.188941
  6825 291.667553
  6830 300.849998
  6835 296.471827
  6840 297.653596
  6845 292.532318
  6850 292.860903
  6855 294.593236
  6860 290.986422
  6865 305.404236
  6870 300.027946
  6875 295.522952
  6880 304.126570
  6885 297.882199
  6890 299.181937
  6895 291.009605
  6900 294.450246
  6905 296.054634
  6910 291.541269
  6915 300.728322
  6920 300.185205
  6925 302.485003
  6930 292.680291
  6935 294.983018
  6940 300.682365
  6945 293.367826
  6950 296.083150
  6955 294.399201
  6960 300.073444
  6965 304.786874
  6970 295.247290
  6975 301.952900
  6980 304.517157
  6985 297.236653
  6990 303.571299
  6995 299.004046
  7000 294.636323
  7005 292.273217
  7010 293.289118
  7015 290.954363
  7020 296.921694
  7025 297.546245
  7030 294.829336
  7035 291.154915
  7040 299.492470
  7045 295.607021
  7050 293.701351
  7055 294.672970
  7060 302.569211
  7065 299.343562
  7070 296.545459
  7075 294.107144
  7080 303.998476
  7085 294.549102
  7090 293.680753
  7095 298.084094
  7100 301.432808
  7105 296.046062
  7110 302.509441
  7115 304.243532
  7120 295.616848
  7125 303.554908
  7130 291.237378
  7135 296.217997
  7140 299.620737
  7145 302.708389
  7150 299.174153
  7155 303.712320
  7160 304.857749
  7165 292.040902
  7170 303.412102
  7175 305.143157
  7180 302.980358
  7185 295.748159
  7190 298.493471
  7195 300.898047
  7200 300.896421
  7205 305.242991
  7210 291.504981
  7215 302.251584
  7220 297.904295
  7225 297.035471
  7230 301.009163
  7235 302.327185
  7240 296.921660
  7245 302.434347
  7250 299.562898
  7255 300.747860
  7260 294.042355
  7265 299.008361
  7270 303.665331
  7275 295.867292
  7280 296.179809
  7285 292.055664
  7290 295.071118
  7295 302.036170
  7300 292.460153
  7305 297.327019
  7310 294.523512
  7315 299.508777
  7320 299.808973
  7325 302.761630
  7330 298.299286
  7335 304.959551
  7340 297.446998
  7345 296.051358
  7350 300.591697
  7355 301.095645
  7360 292.434417
  7365 291.266511
  7370 291.508635
  7375 303.282046
  7380 301.145102
  7385 294.180385
  7390 305.316648
  7395 293.873164
  7400 291.701838
  7405 294.151029
  7410 292.365564
  7415 301.648776
  7420 294.002939
  7425 298.879558
  7430 296.666422
  7435 297.839517
  7440 300.827112
  7445 291.320641
  7450 302.002431
  7455 293.894651
  7460 305.206016
  7465 290.683700
  7470 292.831542
  7475 294.621760
  7480 299.728926
  7485 302.299045
  7490 301.744283
  7495 296.724268
  7500 292.279085
  7505 290.914734
  7510 293.443091
  7515 295.593836
  7520 293.655280
  7525 305.206766
  7530 291.479495
  7535 303.987719
  7540 295.841298
  7545 298.543330
  7550 295.006006
  7555 303.278342
  7560 304.134911
  7565 293.206276
  7570 292.068976
  7575 297.503423
  7580 294.383516
  7585 304.600193
  7590 297.945043
  7595 303.696729
  7600 296.254613
  7605 303.690596
  7610 295.811747
  7615 296.351784
  7620 301.790866
  7625 303.087263
  7630 294.648634
  7635 290.974645
  7640 290.942038
  7645 305.542321
  7650 304.329155
  7655 300.164465
  7660 291.195050
  7665 303.304087
  7670 295.424201
  7675 304.747064
  7680 297.293659
  7685 292.448390
  7690 301.108192
  7695 299.931582
  7700 300.031180
  7705 296.466564
  7710 293.639601
  7715 294.047781
  7720 296.739835
  7725 291.019983
  7730 299.320824
  7735 301.518370
  7740 296.659745
  7745 301.514091
  7750 300.726959
  7755 296.394506
  7760 294.962111
  7765 292.046190
  7770 292.774882
  7775 294.288482
  7780 303.913253
  7785 297.943639
  7790 301.323140
  7795 291.495213
  7800 302.679228
  7805 304.505974
  7810 296.951233
  7815 301.548089
  7820 291.693060
  7825 300.661500
  7830 300.841915
  7835 290.813205
  7840 303.205481
  7845 300.775278
  7850 298.482044
  7855 300.086144
  7860 293.243359
  7865 304.358147
  7870 294.829561
  7875 294.156922
  7880 295.516653
  7885 301.694278
  7890 296.447837
  7895 304.230919
  7900 304.465017
  7905 301.035990
  7910 293.358536
  7915 294.046716
  7920 300.256445
  7925 292.909608
  7930 295.150865
  7935 300.992836
  7940 298.831941
  7945 301.677503
  7950 297.762483
  7955 298.223647
  7960 301.827935
  7965 294.566328
  7970 295.538337
  7975 293.268431
  7980 300.673280
  7985 298.186751
  7990 295.445999
  7995 293.097757
  8000 291.830939
  8005 290.819048
  8010 301.058812
  8015 299.444270
  8020 296.314519
  8025 297.955627
  8030 291.438940
  8035 293.412867
  8040 292.183230
  8045 303.710776
  8050 300.570899
  8055 293.564010
  8060 290.753851
  8065 294.005249
  8070 292.785024
  8075 296.107627
  8080 300.547941
  8085 293.880625
  8090 298.204695
  8095 305.365921
  8100 294.122231
  8105 303.985234
  8110 299.007055
  8115 296.195879
  8120 304.548662
  8125 295.117432
  8130 302.764450
  8135 297.707717
  8140 296.223010
  8145 299.260308
  8150 300.463995
  8155 298.263186
  8160 292.171542
  8165 299.372248
  8170 294.471271
  8175 298.656251
  8180 291.824299
  8185 302.210733
  8190 296.024394
  8195 291.435864
  8200 294.479918
  8205 291.409626
  8210 296.384292
  8215 292.613838
  8220 291.956896
  8225 299.311576
  8230 290.835699
  8235 304.594725
  8240 303.383335
  8245 299.391001
  8250 295.229556
  8255 302.665099
  8260 297.494538
  8265 291.979021
  8270 302.247217
  8275 291.830692
  8280 294.737545
  8285 290.777558
  8290 291.980030
  8295 305.263573
  8300 291.812140
  8305 292.740818
  8310 305.235388
  8315 297.215615
  8320 298.504692
  8325 293.357910
  8330 294.026369
  8335 294.623945
  8340 292.320603
  8345 304.035987
  8350 291.969357
  8355 291.842599
  8360 305.564733
  8365 295.213671
  8370 298.990559
  8375 298.247560
  8380 291.591553
  8385 298.797259
  8390 302.143350
  8395 303.908486
  8400 303.502924
  8405 302.191817
  8410 292.723672
  8415 294.873578
  8420 294.998443
  8425 293.906913
  8430 297.309535
  8435 297.822066
  8440 298.276310
  8445 302.151090
  8450 303.604596
  8455 297.358951
  8460 304.458312
  8465 299.940365
  8470 291.578654
  8475 303.304410
  8480 302.468849
  8485 304.840331
  8490 295.747323
  8495 299.271470
  8500 305.284352
  8505 299.149213
  8510 304.627259
  8515 301.502532
  8520 301.660480
  8525 305.164777
  8530 302.837308
  8535 305.149293
  8540 300.092816
  8545 292.118237
  8550 297.032037
  8555 301.835783
  8560 298.318518
  8565 295.486961
  8570 304.679177
  8575 291.119732
  8580 299.943250
  8585 304.031060
  8590 301.243130
  8595 299.754134
  8600 297.732353
  8605 293.341846
  8610 304.843716
  8615 298.773541
  8620 291.887308
  8625 301.978182
  8630 293.193647
  8635 303.867923
  8640 303.999811
  8645 305.245903
  8650 299.576680
  8655 294.176654
  8660 292.349123
  8665 301.710675
  8670 303.506271
  8675 297.197885
  8680 293.813622
  8685 297.931200
  8690 297.843688
  8695 292.676228
  8700 296.975049
  8705 300.658577
  8710 297.693407
  8715 295.266262
  8720 302.248147
  8725 300.204488
  8730 296.496608
  8735 299.828043
  8740 304.723771
  8745 300.544793
  8750 305.547619
  8755 300.533918
  8760 294.283369
  8765 305.373335
  8770 299.036286
  8775 301.028691
  8780 297.350777
  8785 295.119943
  8790 291.576714
  8795 298.729939
  8800 300.223664
  8805 294.627384
  8810 300.379035
  8815 297.509339
  8820 298.490954
  8825 301.124599
  8830 299.670190
  8835 294.571961
  8840 299.448066
  8845 295.277496
  8850 305.151727
  8855 298.718494
  8860 297.555557
  8865 291.098727
  8870 300.932222
  8875 292.365646
  8880 302.902064
  8885 301.508384
  8890 304.104516
  8895 301.927628
  8900 304.059471
  8905 301.252047
  8910 302.799038
  8915 294.585183
  8920 295.974302
  8925 294.496496
  8930 290.810426
  8935 294.117459
  8940 292.473403
  8945 295.384081
  8950 298.560212
  8955 304.517240
  8960 304.271717
  8965 305.606345
  8970 298.073591
  8975 301.761193
  8980 300.057764
  8985 292.818970
  8990 303.811732
  8995 295.410853
  9000 293.688622
  9005 292.543920
  9010 304.240241
  9015 304.266821
  9020 300.819147
  9025 296.122211
  9030 300.398281
  9035 292.257686
  9040 297.531693
  9045 302.822142
  9050 299.721763
  9055 294.962241
  9060 303.093476
  9065 300.109475
  9070 293.588304
  9075 302.367173
  9080 296.599009
  9085 294.166062
  9090 291.528586
  9095 296.869105
  9100 296.976950
  9105 292.083838
  9110 304.694062
  9115 301.365722
  9120 296.200694
  9125 294.844454
  9130 297.850065
  9135 297.843267
  9140 297.072172
  9145 303.174654
  9150 300.084359
  9155 300.455219
  9160 300.396176
  9165 297.819182
  9170 291.044657
  9175 299.750722
  9180 294.830125
  9185 294.004083
  9190 300.823478
  9195 295.677853
  9200 290.705614
  9205 291.332606
  9210 291.202097
  9215 293.600126
  9220 300.860626
  9225 302.286700
  9230 302.331272
  9235 298.019753
  9240 304.098066
  9245 294.239192
  9250 302.948563
  9255 291.421042
  9260 293.401170
  9265 297.457136
  9270 298.641887
  9275 297.742854
  9280 305.080271
  9285 292.807889
  9290 304.055513
  9295 301.152288
  9300 304.013072
  9305 300.375745
  9310 300.447697
  9315 296.078933
  9320 303.517848
  9325 302.373793
  9330 298.583965
  9335 293.405068
  9340 300.913554
  9345 293.085934
  9350 292.763233
  9355 293.948631
  9360 292.979424
  9365 299.866976
  9370 296.008508
  9375 295.880600
  9380 304.928970
  9385 298.604492
  9390 293.262922
  9395 293.927534
  9400 302.709009
  9405 300.601790
  9410 297.709554
  9415 290.796381
  9420 296.400632
  9425 291.659517
  9430 301.925090
  9435 291.650887
  9440 303.697209
  9445 301.799125
  9450 298.085676
  9455 293.995644
  9460 294.125491
  9465 290.959956
  9470 294.268414
  9475 303.363552
  9480 304.424665
  9485 298.221065
  9490 302.014467
  9495 305.348839
  9500 292.648664
  9505 293.327377
  9510 300.877570
  9515 295.838649
  9520 298.122158
  9525 294.761954
  9530 301.784855
  9535 294.870011
  9540 296.177826
  9545 305.586514
  9550 299.562272
  9555 298.453863
  9560 300.585763
  9565 293.651905
  9570 292.979127
  9575 301.661160
  9580 303.904410
  9585 292.747154
  9590 293.244072
  9595 301.321691
  9600 294.291949
  9605 292.661878
  9610 298.121899
  9615 299.811238
  9620 293.251356
  9625 291.393659
  9630 290.872757
  9635 305.449920
  9640 300.820516
  9645 294.554513
  9650 296.995102
  9655 298.780620
  9660 303.242472
  9665 305.216743
  9670 305.633367
  9675 297.688007
  9680 300.842732
  9685 299.599134
  9690 304.755443
  9695 297.230767
  9700 300.852743
  9705 300.891128
  9710 302.992550
  9715 300.895744
  9720 300.924504
  9725 294.483202
  9730 297.555412
  9735 294.734858
  9740 294.749603
  9745 300.554982
  9750 291.768334
  9755 297.301267
  9760 292.220117
  9765 299.168787
  9770 291.218187
  9775 296.588680
  9780 293.211462
  9785 305.167427
  9790 303.640900
  9795 303.235606
  9800 292.637128
  9805 293.493600
  9810 300.490229
  9815 297.021592
  9820 303.193308
  9825 294.244575
  9830 302.152864
  9835 300.765135
  9840 302.815213
  9845 290.838201
  9850 305.121656
  9855 295.828379
  9860 292.809632
  9865 302.600569
  9870 291.137891
  9875 291.993893
  9880 296.837384
  9885 297.299134
  9890 295.905930
  9895 293.209825
  9900 302.931011
  9905 302.522318
  9910 301.435270
  9915 301.284707
  9920 303.743904
  9925 297.680524
  9930 301.307224
  9935 302.288329
  9940 292.675654
  9945 296.050367
  9950 304.190510
  9955 296.091718
  9960 301.499745
  9965 298.481803
  9970 290.900321
  9975 297.875919
  9980 303.821447
  9985 302.062793
  9990 304.502822
  9995 291.770561
 10000 298.186224
 10005 302.725507
 10010 293.991198
 10015 291.714287
 10020 305.430996
 10025 298.945186
 10030 304.225553
 10035 291.740976
 10040 301.204863
 10045 300.860373
 10050 290.955461
 10055 298.013847
 10060 297.318276
 10065 298.156847
 10070 292.916340
 10075 301.308773
 10080 291.236192
 10085 299.930244
 10090 303.819587
 10095 302.683975
 10100 297.547712
 10105 297.846068
 10110 304.774378
 10115 295.857284
 10120 292.325671
 10125 294.221846
 10130 293.136272
 10135 300.468271
 10140 303.855463
 10145 297.467071
 10150 304.558058
 10155 295.067905
 10160 292.160770
 10165 295.603827
 10170 296.011354
 10175 291.291700
 10180 291.022946
 10185 293.184832
 10190 305.301573
 10195 296.230065
 10200 305.121656
 10205 304.462426
 10210 294.643582
 10215 294.032494
 10220 300.084372
 10225 297.906831
 10230 299.161664
 10235 293.955458
 10240 299.362192
 10245 301.056802
 10250 303.217576
 10255 297.545224
 10260 304.948628
 10265 303.972913
 10270 300.280543
 10275 293.873388
 10280 292.336515
 10285 297.860373
 10290 305.371977
 10295 293.574094
 10300 304.298588
 10305 298.093694
 10310 298.643166
 10315 294.653906
 10320 298.018941
 10325 303.348229
 10330 295.253468
 10335 298.587956
 10340 295.460994
 10345 295.976817
 10350 293.470953
 10355 300.294239
 10360 302.996424
 10365 302.679052
 10370 290.852831
 10375 297.195958
 10380 299.377746
 10385 302.163196
 10390 297.116387
 10395 302.178825
 10400 300.765133
 10405 299.845228
 10410 294.857698
 10415 299.305028
 10420 301.396716
 10425 304.874812
 10430 299.023473
 10435 294.398804
 10440 304.498018
 10445 301.902477
 10450 302.611514
 10455 293.659425
 10460 292.761985
 10465 299.127952
 10470 292.750112
 10475 295.892162
 10480 296.157479
 10485 296.358684
 10490 304.788011
 10495 302.477858
 10500 300.151932
 10505 303.747820
 10510 301.000462
 10515 291.219284
 10520 304.170230
 10525 297.003828
 10530 297.049393
 10535 299.324915
 10540 301.936046
 10545 295.327469
 10550 300.399982
 10555 294.056135
 10560 303.467788
 10565 299.036328
 10570 295.883285
 10575 301.654678
 10580 301.833880
 10585 304.155089
 10590 295.682744
 10595 300.560777
 10600 302.577468
 10605 292.657659
 10610 301.424139
 10615 305.173934
 10620 290.678178
 10625 295.943039
 10630 298.591670
 10635 301.441055
 10640 292.295994
 10645 291.535759
 10650 291.147301
 10655 292.367357
 10660 300.886604
 10665 295.737733
 10670 303.534679
 10675 291.042643
 10680 302.656893
 10685 295.532315
 10690 303.337015
 10695 297.602488
 10700 301.083618
 10705 291.749350
 10710 296.285754
 10715 300.497870
 10720 292.193209
 10725 301.075656
 10730 303.995932
 10735 298.323185
 10740 302.092125
 10745 302.632727
 10750 294.065905
 10755 291.039278
 10760 292.989358
 10765 301.194014
 10770 290.782597
 10775 290.934924
 10780 298.757282
 10785 293.239352
 10790 290.859418
 10795 295.195040
 10800 304.375265
