     5 291.782329
    10 296.761401
    15 299.134922
    20 294.190330
    25 302.869155
    30 301.730402
    35 304.549775
    40 290.839265
    45 291.115053
    50 299.640474
    55 292.755513
    60 291.985859
    65 303.939369
    70 295.960648
    75 295.500987
    80 294.018636
    85 293.402286
    90 296.257091
    95 301.754839
   100 304.318794
   105 294.924740
   110 291.658249
   115 295.191689
   120 302.787865
   125 295.076832
   130 293.307191
   135 300.275553
   140 291.168996
   145 296.017032
   150 297.819597
   155 302.283824
   160 296.638702
   165 298.844584
   170 304.265903
   175 293.045707
   180 303.749741
   185 302.866155
   190 295.750481
   195 303.002272
   200 296.233595
   205 292.198526
   210 300.683990
   215 302.474250
   220 299.781591
   225 298.799308
   230 303.947428
   235 301.699130
   240 300.257362
   245 299.301084
   250 297.144579
   255 293.400199
   260 295.537307
   265 300.371752
   270 297.033896
   275 303.991775
   280 301.748543
   285 296.539082
   290 294.110167
   295 295.190957
   300 302.973761
   305 294.517641
   310 303.395278
   315 296.198602
   320 298.282940
   325 302.857762
   330 297.100867
   335 293.016735
   340 295.055035
   345 297.362783
   350 304.221472
   355 303.044733
   360 304.097671
   365 303.483944
   370 305.349941
   375 292.639287
   380 296.165189
   385 297.614354
   390 304.555365
   395 300.206573
   400 303.872824
   405 297.023458
   410 296.341792
   415 303.922343
   420 303.962689
   425 305.014587
   430 295.702872
   435 304.726865
   440 291.706497
   445 300.547505
   450 290.657233
   455 295.785056
   460 297.445243
   465 298.094448
   470 298.880079
   475 295.021800
   480 299.368644
   485 301.390275
   490 293.640313
   495 302.334180
   500 293.716935
   505 304.664966
   510 296.056152
   515 304.186560
   520 293.509392
   525 298.104296
   530 295.532367
   535 292.888337
   540 303.003080
   545 292.130591
   550 303.310111
   555 291.124352
   560 293.132726
   565 292.058750
   570 293.922706
   575 291.509009
   580 301.867762
   585 299.925212
   590 296.596307
   595 292.955643
   600 300.764445
   605 297.647438
   610 297.226641
   615 290.923325
   620 295.341711
   625 293.293808
   630 301.851252
   635 292.374906
   640 299.782616
   645 298.893766
   650 296.513311
   655 305.265098
   660 302.677542
   665 300.567190
   670 304.926957
   675 304.940417
   680 303.451929
   685 297.246744
   690 304.303091
   695 292.020652
   700 292.727375
   705 292.685847
   710 305.250183
   715 302.523728
   720 293.860773
   725 298.712435
   730 302.257833
   735 295.602822
   740 298.517664
   745 298.639954
   750 305.414493
   755 303.342143
   760 301.810564
   765 300.174231
   770 305.133295
   775 299.808819
   780 297.542399
   785 304.355000
   790 298.476472
   795 304.727127
   800 295.318466
   805 297.965285
   810 299.698941
   815 294.683014
   820 299.041085
   825 295.085634
   830 305.156936
   835 302.348079
   840 302.898145
   845 292.062416
   850 300.359931
   855 295.242701
   860 297.302665
   865 299.459767
   870 290.924255
   875 305.390295
   880 301.905982
   885 303.864452
   890 293.232112
   895 296.866643
   900 302.291975
   905 302.572327
   910 304.461141
   915 294.399462
   920 297.033771
   925 298.795951
   930 298.218049
   935 296.777910
   940 293.217974
   945 300.601678
   950 302.505937
   955 290.800629
   960 294.450605
   965 302.631588
   970 296.871286
   975 294.207253
   980 301.628337
   985 292.402799
   990 292.599790
   995 303.479829
  1000 299.614841
  1005 302.525738
  1010 291.677954
  1015 304.932353
  1020 300.200350
  1025 301.459345
  1030 293.675916
  1035 299.871362
  1040 305.405612
  1045 294.022534
  1050 296.532222
  1055 292.926563
  1060 294.421167
  1065 293.338748
  1070 293.259568
  1075 292.734898
  1080 300.074853
  1085 304.829180
  1090 300.470703
  1095 303.224446
  1100 300.417681
  1105 299.066958
  1110 297.428505
  1115 299.261365
  1120 291.021101
  1125 294.614477
  1130 293.948269
  1135 304.966339
  1140 300.147946
  1145 295.305483
  1150 300.397637
  1155 303.701208
  1160 293.236905
  1165 302.111190
  1170 291.631159
  1175 295.645386
  1180 290.967040
  1185 292.994196
  1190 298.219367
  1195 293.915668
  1200 301.783954
  1205 294.968314
  1210 291.218568
  1215 304.451229
  1220 303.418819
  1225 304.041502
  1230 293.887970
  1235 298.640184
  1240 302.909026
  1245 301.162533
  1250 305.110253
  1255 299.835861
  1260 301.267851
  1265 294.127897
  1270 291.978548
  1275 297.334285
  1280 293.535795
  1285 293.289603
  1290 304.581864
  1295 302.186303
  1300 293.091297
  1305 302.935330
  1310 296.728289
  1315 291.914892
  1320 294.552295
  1325 299.547920
  1330 303.059127
  1335 292.634890
  1340 293.195781
  1345 300.526976
  1350 295.704448
  1355 291.896177
  1360 303.713795
  1365 296.758173
  1370 292.392297
  1375 302.414628
  1380 302.369453
  1385 292.512645
  1390 292.209864
  1395 291.672749
  1400 304.084230
  1405 302.147134
  1410 303.319215
  1415 293.375857
  1420 296.634291
  1425 302.216197
  1430 297.864953
  1435 304.048593
  1440 298.082924
  1445 290.898344
  1450 304.418021
  1455 293.938595
  1460 302.110280
  1465 300.423243
  1470 299.543939
  1475 302.811092
  1480 297.146332
  1485 297.224601
  1490 293.806758
  1495 299.939460
  1500 301.583260
  1505 300.454824
  1510 301.488001
  1515 294.678078
  1520 292.942653
  1525 291.406982
  1530 295.267427
  1535 291.204704
  1540 293.227372
  1545 302.825467
  1550 304.419613
  1555 294.254619
  1560 296.458172
  1565 297.240248
  1570 293.545723
  1575 293.881071
  1580 304.705822
  1585 293.862130
  1590 304.870933
  1595 292.396886
  1600 296.173666
  1605 290.824672
  1610 296.999492
  1615 293.561689
  1620 297.590351
  1625 300.877188
  1630 291.602222
  1635 295.381441
  1640 301.296332
  1645 295.177098
  1650 296.745146
  1655 305.576787
  1660 293.334931
  1665 291.346370
  1670 305.203529
  1675 292.930498
  1680 297.785696
  1685 291.323819
  1690 293.314617
  1695 304.612753
  1700 305.531361
  1705 304.097288
  1710 304.718437
  1715 296.635519
  1720 292.533347
  1725 299.874992
  1730 302.275038
  1735 295.024250
  1740 304.018123
  1745 303.050238
  1750 305.307257
  1755 291.627367
  1760 292.092087
  1765 298.935650
  1770 292.048520
  1775 300.141210
  1780 296.789812
  1785 293.542055
  1790 294.010848
  1795 302.223573
  1800 290.973235
  1805 299.214622
  1810 296.905838
  1815 303.961535
  1820 293.531794
  1825 299.842322
  1830 304.056671
  1835 304.407634
  1840 303.169341
  1845 305.648119
  1850 293.910951
  1855 301.639498
  1860 293.074651
  1865 295.893953
  1870 292.669663
  1875 300.025529
  1880 292.993322
  1885 300.184007
  1890 305.415346
  1895 301.038318
  1900 300.781700
  1905 303.475570
  1910 302.436372
  1915 299.260704
  1920 295.502574
  1925 303.741241
  1930 296.453227
  1935 293.686679
  1940 294.022444
  1945 294.512376
  1950 299.892172
  1955 293.713245
  1960 290.717925
  1965 290.728444
  1970 296.129330
  1975 301.788620
  1980 299.732231
  1985 301.999994
  1990 295.719011
  1995 302.883452
  2000 297.337270
  2005 299.754038
  2010 292.822469
  2015 304.624053
  2020 292.092837
  2025 297.093049
  2030 291.580031
  2035 301.850496
  2040 297.797113
  2045 299.362997
  2050 295.250359
  2055 305.018809
  2060 299.835162
  2065 295.651135
  2070 295.228419
  2075 294.210209
  2080 297.958449
  2085 291.170444
  2090 291.796906
  2095 297.322786
  2100 301.997002
  2105 301.983215
  2110 294.551505
  2115 302.687533
  2120 296.843686
  2125 301.045488
  2130 290.660706
  2135 300.918605
  2140 290.736445
  2145 302.412929
  2150 302.987066
  2155 305.498343
  2160 292.607941
  2165 301.287933
  2170 301.853054
  2175 301.469279
  2180 294.737230
  2185 304.701093
  2190 293.712703
  2195 298.123514
  2200 293.871492
  2205 299.941571
  2210 293.353484
  2215 291.527096
  2220 295.276888
  2225 305.036438
  2230 290.911667
  2235 304.988330
  2240 302.098583
  2245 296.440214
  2250 300.591028
  2255 303.455427
  2260 295.516419
  2265 294.089438
  2270 304.750793
  2275 303.725556
  2280 297.681567
  2285 304.805392
  2290 300.418215
  2295 295.341575
  2300 296.759851
  2305 296.105161
  2310 305.062732
  2315 292.500077
  2320 291.302468
  2325 304.124363
  2330 304.027134
  2335 294.538376
  2340 299.998361
  2345 298.725195
  2350 293.427084
  2355 296.152854
  2360 300.133095
  2365 304.133864
  2370 291.411833
  2375 304.282289
  2380 292.901280
  2385 297.932239
  2390 297.140886
  2395 302.489267
  2400 296.223293
  2405 302.021880
  2410 304.141781
  2415 300.561894
  2420 305.598020
  2425 294.614952
  2430 304.774685
  2435 296.186544
  2440 292.708788
  2445 301.597479
  2450 295.170526
  2455 295.006095
  2460 298.502068
  2465 301.792713
  2470 292.165256
  2475 297.531380
  2480 291.858521
  2485 304.077874
  2490 297.865616
  2495 298.380434
  2500 292.727630
  2505 303.436187
  2510 295.175004
  2515 291.257907
  2520 305.335745
  2525 299.664547
  2530 300.759778
  2535 301.412504
  2540 301.888682
  2545 303.101007
  2550 293.782013
  2555 300.826431
  2560 296.229549
  2565 291.749983
  2570 292.085885
  2575 297.952183
  2580 293.419108
  2585 303.631750
  2590 304.913664
  2595 292.931774
  2600 297.248541
  2605 302.418062
  2610 297.694852
  2615 303.126237
  2620 300.710244
  2625 302.942116
  2630 301.636638
  2635 305.468516
  2640 302.766499
  2645 294.803094
  2650 292.663386
  2655 290.920354
  2660 296.235722
  2665 295.398304
  2670 291.117869
  2675 296.269872
  2680 299.806679
  2685 299.874076
  2690 295.978849
  2695 299.744681
  2700 296.371098
  2705 302.107817
  2710 291.478970
  2715 295.204149
  2720 294.697138
  2725 304.507759
  2730 292.214622
  2735 300.726928
  2740 301.466813
  2745 297.158768
  2750 302.188913
  2755 297.062334
  2760 298.471648
  2765 292.066906
  2770 295.458050
  2775 303.578947
  2780 296.467052
  2785 295.817047
  2790 302.891891
  2795 301.798104
  2800 293.540493
  2805 303.534876
  2810 301.247553
  2815 300.266436
  2820 292.609242
  2825 298.848661
  2830 291.613009
  2835 304.009324
  2840 295.758592
  2845 299.417955
  2850 300.308410
  2855 295.493281
  2860 292.373332
  2865 291.892722
  2870 298.825186
  2875 291.487995
  2880 297.857666
  2885 303.950278
  2890 299.746491
  2895 292.235155
  2900 304.841987
  2905 296.952334
  2910 301.321354
  2915 303.643443
  2920 294.240895
  2925 291.228234
  2930 298.342756
  2935 295.160020
  2940 298.178022
  2945 293.999525
  2950 304.434967
  2955 303.203863
  2960 292.604864
  2965 304.866483
  2970 294.087020
  2975 299.395698
  2980 298.724966
  2985 299.557789
  2990 305.600456
  2995 301.077861
  3000 291.535986
  3005 297.631478
  3010 296.320991
  3015 304.179675
  3020 295.936536
  3025 291.403586
  3030 291.030926
  3035 303.538620
  3040 295.783526
  3045 296.217213
  3050 299.669519
  3055 305.621021
  3060 300.191668
  3065 291.562537
  3070 296.322631
  3075 298.267190
  3080 304.093889
  3085 293.348460
  3090 290.944932
  3095 295.999210
  3100 300.351890
  3105 303.638790
  3110 295.615791
  3115 305.091167
  3120 297.949999
  3125 294.325201
  3130 295.078341
  3135 303.386829
  3140 304.977898
  3145 293.857738
  3150 303.848616
  3155 303.232008
  3160 292.948975
  3165 297.540337
  3170 305.186180
  3175 295.088522
  3180 304.231134
  3185 291.782548
  3190 299.462203
  3195 300.586542
  3200 291.849143
  3205 290.678418
  3210 296.652467
  3215 302.044479
  3220 296.051506
  3225 303.720720
  3230 298.377922
  3235 296.224909
  3240 302.760044
  3245 296.804810
  3250 294.628338
  3255 296.069935
  3260 291.379215
  3265 297.243167
  3270 294.615028
  3275 302.996296
  3280 301.460620
  3285 305.469106
  3290 304.632708
  3295 296.833909
  3300 292.115623
  3305 296.918608
  3310 304.803070
  3315 291.719687
  3320 295.045608
  3325 300.854849
  3330 292.354332
  3335 294.619112
  3340 299.028387
  3345 292.055260
  3350 305.311067
  3355 293.410742
  3360 305.255731
  3365 299.621632
  3370 299.927933
  3375 296.541480
  3380 293.795196
  3385 303.761486
  3390 305.260432
  3395 305.462808
  3400 303.937616
  3405 290.831442
  3410 294.049492
  3415 296.802525
  3420 295.932357
  3425 296.014822
  3430 293.398054
  3435 290.915024
  3440 304.168308
  3445 295.980734
  3450 294.272880
  3455 298.398577
  3460 297.324968
  3465 298.331930
  3470 303.671742
  3475 293.486524
  3480 297.550983
  3485 293.182990
  3490 300.007051
  3495 303.525384
  3500 302.371239
  3505 302.184937
  3510 296.028189
  3515 305.202997
  3520 299.986770
  3525 294.185519
  3530 305.052728
  3535 304.384232
  3540 298.086977
  3545 304.326201
  3550 294.965892
  3555 303.139697
  3560 295.554572
  3565 304.841696
  3570 297.463719
  3575 292.028580
  3580 298.485425
  3585 303.728651
  3590 291.793992
  3595 295.286003
  3600 297.548193
  3605 298.124843
  3610 297.132809
  3615 300.120946
  3620 297.838422
  3625 294.987935
  3630 301.830052
  3635 299.407591
  3640 297.994893
  3645 303.072587
  3650 298.600726
  3655 295.496899
  3660 296.295581
  3665 291.579530
  3670 292.708682
  3675 290.728445
  3680 302.323224
  3685 300.313305
  3690 295.812398
  3695 295.673489
  3700 298.922087
  3705 303.297530
  3710 302.538318
  3715 302.352259
  3720 305.191809
  3725 305.387177
  3730 300.308517
  3735 297.827772
  3740 298.547797
  3745 305.053310
  3750 303.254605
  3755 296.380976
  3760 293.915910
  3765 299.651374
  3770 298.667894
  3775 293.946320
  3780 291.461190
  3785 297.493418
  3790 303.955008
  3795 304.619452
  3800 294.258621
  3805 297.501200
  3810 302.153038
  3815 290.875159
  3820 305.085681
  3825 304.254490
  3830 295.198608
  3835 291.334290
  3840 303.388654
  3845 305.380681
  3850 295.959633
  3855 292.530912
  3860 302.546027
  3865 295.967505
  3870 297.152826
  3875 297.652614
  3880 299.540728
  3885 304.581851
  3890 296.944048
  3895 297.771148
  3900 300.434027
  3905 304.703391
  3910 290.675373
  3915 295.611136
  3920 297.643216
  3925 299.533583
  3930 295.841355
  3935 291.252087
  3940 299.819897
  3945 305.371723
  3950 295.780581
  3955 302.012138
  3960 304.985138
  3965 304.416004
  3970 297.090182
  3975 291.073808
  3980 298.868945
  3985 303.792572
  3990 294.939853
  3995 297.616722
  4000 294.468096
  4005 303.149978
  4010 303.723272
  4015 304.975323
  4020 304.170346
  4025 294.395648
  4030 295.795558
  4035 292.486762
  4040 291.016334
  4045 304.263953
  4050 298.431241
  4055 296.867379
  4060 291.144934
  4065 293.460088
  4070 292.765466
  4075 303.397568
  4080 302.724501
  4085 293.200457
  4090 294.398187
  4095 295.358255
  4100 292.901889
  4105 303.544185
  4110 297.778215
  4115 293.290764
  4120 298.026032
  4125 294.125185
  4130 295.762927
  4135 291.167231
  4140 297.602364
  4145 304.642743
  4150 297.497440
  4155 304.321622
  4160 290.833207
  4165 294.176371
  4170 291.380387
  4175 300.295610
  4180 291.822933
  4185 301.595586
  4190 300.160127
  4195 293.598417
  4200 290.750380
  4205 291.894010
  4210 300.120404
  4215 296.265515
  4220 305.229439
  4225 303.921377
  4230 293.685137
  4235 301.123001
  4240 300.195361
  4245 292.319756
  4250 290.832576
  4255 294.831217
  4260 301.431666
  4265 302.769804
  4270 304.963000
  4275 302.568262
  4280 300.037218
  4285 303.905286
  4290 293.570439
  4295 291.971490
  4300 301.792666
  4305 296.080862
  4310 297.420936
  4315 301.760574
  4320 290.905281
  4325 298.120820
  4330 300.409528
  4335 291.225693
  4340 305.538216
  4345 294.493797
  4350 304.205048
  4355 298.794648
  4360 299.437584
  4365 305.100637
  4370 295.760806
  4375 295.109854
  4380 291.917679
  4385 297.544877
  4390 299.229361
  4395 294.283705
  4400 305.312439
  4405 297.928110
  4410 291.407410
  4415 294.616294
  4420 295.320292
  4425 296.119746
  4430 301.596271
  4435 304.946738
  4440 300.512000
  4445 303.567100
  4450 291.274684
  4455 300.625431
  4460 298.474947
  4465 302.846593
  4470 300.896843
  4475 291.779940
  4480 292.439247
  4485 291.019650
  4490 299.090356
  4495 293.447500
  4500 295.805051
  4505 293.279559
  4510 291.213076
  4515 297.770236
  4520 301.733784
  4525 300.873066
  4530 294.908197
  4535 293.187868
  4540 300.457966
  4545 296.893271
  4550 298.319721
  4555 298.348469
  4560 305.527199
  4565 295.510480
  4570 298.774416
  4575 297.284296
  4580 290.979573
  4585 303.016046
  4590 294.953991
  4595 303.605431
  4600 301.202053
  4605 302.831324
  4610 290.954619
  4615 293.608664
  4620 305.164778
  4625 292.613156
  4630 299.128098
  4635 291.802121
  4640 291.635237
  4645 298.724871
  4650 298.519713
  4655 304.095844
  4660 303.700242
  4665 291.122464
  4670 298.597811
  4675 298.262199
  4680 300.882317
  4685 292.389703
  4690 295.263069
  4695 295.823004
  4700 305.057057
  4705 302.053385
  4710 303.151591
  4715 300.300049
  4720 294.830166
  4725 291.507048
  4730 302.407860
  4735 301.849382
  4740 300.111943
  4745 302.579571
  4750 303.592816
  4755 293.501671
  4760 292.480745
  4765 299.375293
  4770 298.671414
  4775 303.235145
  4780 296.581670
  4785 296.214578
  4790 303.267706
  4795 303.959544
  4800 304.388268
  4805 303.021515
  4810 294.871155
  4815 291.800980
  4820 304.100663
  4825 293.185936
  4830 302.082472
  4835 291.386227
  4840 293.186434
  4845 298.544628
  4850 299.684296
  4855 291.252627
  4860 294.804868
  4865 293.215933
  4870 298.556267
  4875 300.957206
  4880 301.787709
  4885 291.736615
  4890 300.324771
  4895 298.274386
  4900 294.602561
  4905 304.812254
  4910 300.434600
  4915 297.462488
  4920 301.727858
  4925 293.359600
  4930 298.308643
  4935 299.592573
  4940 290.978057
  4945 299.568916
  4950 293.443339
  4955 294.024119
  4960 299.540234
  4965 300.222083
  4970 293.728159
  4975 290.910422
  4980 303.502671
  4985 292.392449
  4990 299.218258
  4995 302.062399
  5000 301.223752
  5005 300.699951
  5010 298.107751
  5015 292.183302
  5020 305.631572
  5025 299.171344
  5030 304.269041
  5035 299.146243
  5040 292.394820
  5045 303.583872
  5050 299.010555
  5055 302.331268
  5060 299.543505
  5065 290.886488
  5070 301.675882
  5075 296.754289
  5080 297.245450
  5085 299.538121
  5090 303.469239
  5095 291.667936
  5100 299.179395
  5105 303.559981
  5110 291.505491
  5115 296.864887
  5120 302.019929
  5125 295.339069
  5130 303.412180
  5135 297.537640
  5140 293.872977
  5145 304.461516
  5150 291.188565
  5155 304.065339
  5160 292.754595
  5165 303.397358
  5170 293.398820
  5175 294.459695
  5180 296.659945
  5185 294.738702
  5190 300.721770
  5195 305.035585
  5200 301.615417
  5205 291.998393
  5210 302.844760
  5215 291.111842
  5220 301.036659
  5225 296.794357
  5230 297.856493
  5235 301.811866
  5240 303.651006
  5245 292.630566
  5250 303.873410
  5255 294.709232
  5260 305.393990
  5265 301.307916
  5270 301.040113
  5275 301.273767
  5280 303.422600
  5285 291.865741
  5290 304.295556
  5295 293.345048
  5300 295.961285
  5305 294.655313
  5310 294.662315
  5315 291.860738
  5320 301.466889
  5325 300.200451
  5330 295.787834
  5335 301.423539
  5340 300.550385
  5345 301.252509
  5350 303.985190
  5355 291.340364
  5360 296.544123
  5365 300.287423
  5370 298.080892
  5375 299.296533
  5380 305.591370
  5385 302.880682
  5390 292.243506
  5395 291.210585
  5400 296.525488
  5405 294.563300
  5410 302.674149
  5415 295.381429
  5420 304.822986
  5425 295.604908
  5430 301.700069
  5435 290.885285
  5440 298.633999
  5445 300.624355
  5450 304.808855
  5455 295.628221
  5460 299.117918
  5465 305.444353
  5470 305.166985
  5475 305.162376
  5480 294.018978
  5485 305.006288
  5490 293.463644
  5495 293.046492
  5500 297.288087
  5505 305.428274
  5510 294.614032
  5515 297.799225
  5520 294.048703
  5525 299.214867
  5530 296.528015
  5535 295.524741
  5540 298.954311
  5545 304.430981
  5550 304.856090
  5555 298.468188
  5560 297.175882
  5565 305.461690
  5570 302.069475
  5575 298.748589
  5580 301.902187
  5585 297.850124
  5590 305.649218
  5595 298.428356
  5600 291.132112
  5605 301.708708
  5610 296.047400
  5615 294.891426
  5620 294.364584
  5625 297.303657
  5630 295.268412
  5635 299.516115
  5640 291.494902
  5645 296.168167
  5650 292.901538
  5655 293.362688
  5660 303.470697
  5665 300.587385
  5670 296.203803
  5675 295.426800
  5680 301.226071
  5685 291.473343
  5690 298.239933
  5695 293.665780
  5700 294.833335
  5705 299.759503
  5710 293.044555
  5715 294.010691
  5720 290.931425
  5725 300.713491
  5730 294.428512
  5735 296.258866
  5740 301.487823
  5745 298.391557
  5750 294.024601
  5755 296.184517
  5760 299.276632
  5765 295.547395
  5770 304.949009
  5775 297.673471
  5780 293.620322
  5785 305.156411
  5790 304.669379
  5795 299.464381
  5800 293.537960
  5805 298.849530
  5810 305.582972
  5815 293.300604
  5820 296.432891
  5825 296.289508
  5830 293.650047
  5835 291.038010
  5840 292.142847
  5845 296.395730
  5850 300.499372
  5855 298.334127
  5860 302.615065
  5865 300.389594
  5870 303.782377
  5875 294.164069
  5880 303.698011
  5885 298.787929
  5890 298.129839
  5895 293.094760
  5900 300.491661
  5905 298.340972
  5910 303.367194
  5915 304.104939
  5920 301.180442
  5925 305.308615
  5930 304.282354
  5935 295.201521
  5940 294.161595
  5945 299.144289
  5950 291.514176
  5955 299.597084
  5960 301.378956
  5965 294.439830
  5970 301.817856
  5975 303.436702
  5980 299.665898
  5985 291.961180
  5990 296.195279
  5995 297.683149
  6000 292.947198
  6005 302.488808
  6010 295.782726
  6015 291.640879
  6020 303.738275
  6025 303.516020
  6030 293.378122
  6035 304.832719
  6040 304.282915
  6045 303.894170
  6050 293.215207
  6055 302.664434
  6060 297.937519
  6065 301.626845
  6070 301.236647
  6075 303.714735
  6080 303.965747
  6085 302.684765
  6090 304.107385
  6095 294.067189
  6100 294.672064
  6105 295.127902
  6110 297.432758
  6115 304.305263
  6120 300.853704
  6125 299.673686
  6130 293.099293
  6135 301.473098
  6140 293.393019
  6145 294.935894
  6150 300.531011
  6155 299.543732
  6160 301.022916
  6165 300.978384
  6170 294.674783
  6175 303.221378
  6180 303.698793
  6185 294.000024
  6190 304.350802
  6195 293.944799
  6200 303.605926
  6205 301.383736
  6210 291.590626
  6215 302.842893
  6220 298.748081
  6225 293.508391
  6230 305.207488
  6235 299.437332
  6240 291.983887
  6245 305.046388
  6250 291.070785
  6255 304.878564
  6260 297.052940
  6265 304.657227
  6270 297.515674
  6275 298.054010
  6280 290.783732
  6285 292.703073
  6290 297.836322
  6295 305.532242
  6300 301.177563
  6305 296.835868
  6310 304.950200
  6315 303.295755
  6320 298.751749
  6325 304.738256
  6330 294.752011
  6335 300.715127
  6340 292.782564
  6345 303.840657
  6350 295.108327
  6355 303.788268
  6360 305.481778
  6365 295.492907
  6370 303.211636
  6375 292.476849
  6380 300.473515
  6385 304.334873
  6390 305.202382
  6395 291.090413
  6400 290.989035
  6405 297.250137
  6410 290.998896
  6415 300.471467
  6420 301.777700
  6425 297.029931
  6430 303.609930
  6435 297.247435
  6440 295.354191
  6445 299.410244
  6450 303.152591
  6455 301.048532
  6460 303.462957
  6465 300.653510
  6470 293.219945
  6475 298.829734
  6480 303.879406
  6485 301.751116
  6490 300.617152
  6495 303.613263
  6500 292.160326
  6505 295.343631
  6510 303.200808
  6515 301.156648
  6520 304.211743
  6525 296.517758
  6530 298.650311
  6535 298.944301
  6540 295.504124
  6545 295.040558
  6550 305.256138
  6555 293.855280
  6560 293.937792
  6565 301.340538
  6570 291.765572
  6575 291.402309
  6580 300.405754
  6585 300.231251
  6590 292.299089
  6595 302.446988
  6600 304.135950
  6605 296.789109
  6610 297.771560
  6615 300.651497
  6620 305.136073
  6625 291.760124
  6630 300.776721
  6635 304.585836
  6640 297.219345
  6645 296.585222
  6650 296.819903
  6655 291.171644
  6660 293.541586
  6665 292.589958
  6670 301.020091
  6675 292.798087
  6680 302.438687
  6685 296.584185
  6690 300.940262
  6695 300.247285
  6700 304.944507
  6705 302.590458
  6710 295.570010
  6715 300.146479
  6720 296.428238
  6725 293.058420
  6730 295.790365
  6735 298.601897
  6740 302.104473
  6745 291.011728
  6750 302.225304
  6755 299.702155
  6760 295.767864
  6765 304.610539
  6770 296.858506
  6775 304.406656
  6780 299.406144
  6785 292.024393
  6790 296.943997
  6795 294.715960
  6800 303.988997
  6805 291.085298
  6810 292.247879
  6815 299.469648
  6820 296.899099
  6825 298.073290
  6830 304.945910
  6835 296.154554
  6840 294.636280
  6845 296.599455
  6850 305.097145
  6855 304.462103
  6860 295.453092
  6865 305.555898
  6870 302.024115
  6875 302.697542
  6880 305.255627
  6885 300.285616
  6890 305.115596
  6895 296.601000
  6900 293.073914
  6905 295.183355
  6910 304.846263
  6915 292.412285
  6920 296.308093
  6925 305.398510
  6930 305.013302
  6935 298.881881
  6940 291.108985
  6945 290.684823
  6950 304.240947
  6955 304.346354
  6960 304.254967
  6965 305.262322
  6970 290.994492
  6975 304.149291
  6980 298.289613
  6985 300.874189
  6990 293.542772
  6995 299.758378
  7000 298.138217
  7005 302.621358
  7010 302.234031
  7015 294.491861
  7020 292.799668
  7025 296.304183
  7030 293.819750
  7035 291.071320
  7040 294.322184
  7045 299.706432
  7050 301.733977
  7055 302.347729
  7060 299.012205
  7065 300.885349
  7070 305.450142
  7075 302.630474
  7080 296.130781
  7085 304.848756
  7090 292.837134
  7095 297.614681
  7100 294.254880
  7105 295.161977
  7110 296.966022
  7115 303.710037
  7120 291.997030
  7125 297.317512
  7130 298.596142
  7135 293.115643
  7140 296.457098
  7145 302.228383
  7150 295.923116
  7155 295.709830
  7160 292.696335
  7165 291.996064
  7170 301.767909
  7175 301.524094
  7180 297.094544
  7185 300.900124
  7190 292.316024
  7195 299.360161
  7200 302.475632
  7205 296.940985
  7210 293.681820
  7215 303.026374
  7220 297.876619
  7225 302.255815
  7230 293.080968
  7235 302.725742
  7240 304.726367
  7245 302.779575
  7250 298.649446
  7255 297.771953
  7260 296.211130
  7265 304.200133
  7270 297.985069
  7275 294.286679
  7280 303.918683
  7285 297.680770
  7290 300.867062
  7295 294.555786
  7300 300.510879
  7305 305.340573
  7310 293.096828
  7315 304.562191
  7320 304.118286
  7325 300.500254
  7330 298.010915
  7335 297.642002
  7340 297.871694
  7345 292.580763
  7350 303.346017
  7355 298.393102
  7360 290.937625
  7365 295.633688
  7370 299.155208
  7375 292.854914
  7380 302.881990
  7385 297.014353
  7390 302.729692
  7395 303.153238
  7400 301.848083
  7405 291.352293
  7410 297.887804
  7415 303.959021
  7420 298.015798
  7425 303.061786
  7430 301.078869
  7435 290.791529
  7440 299.191715
  7445 305.021652
  7450 304.878512
  7455 292.260546
  7460 300.675858
  7465 292.712186
  7470 304.267213
  7475 291.411677
  7480 303.525728
  7485 291.150410
  7490 299.179707
  7495 295.017798
  7500 304.040438
  7505 298.501368
  7510 290.758797
  7515 301.905545
  7520 292.108255
  7525 305.099286
  7530 304.140945
  7535 291.172538
  7540 292.242970
  7545 303.828085
  7550 292.246155
  7555 301.548185
  7560 293.627825
  7565 293.064042
  7570 299.525491
  7575 299.985135
  7580 302.275826
  7585 293.202994
  7590 299.217344
  7595 291.702782
  7600 297.322087
  7605 291.222547
  7610 296.557341
  7615 292.748736
  7620 300.483934
  7625 298.755174
  7630 301.062180
  7635 294.786548
  7640 296.116928
  7645 303.723942
  7650 304.009417
  7655 295.431852
  7660 299.550806
  7665 303.605306
  7670 292.163654
  7675 302.083506
  7680 301.601439
  7685 292.877273
  7690 300.275166
  7695 295.821511
  7700 300.129549
  7705 298.043339
  7710 297.825531
  7715 303.902498
  7720 299.590001
  7725 297.215251
  7730 291.424391
  7735 299.726910
  7740 303.451543
  7745 299.490361
  7750 302.551170
  7755 304.413245
  7760 302.993537
  7765 303.756764
  7770 301.238492
  7775 292.510462
  7780 299.565789
  7785 302.303680
  7790 297.201354
  7795 302.340330
  7800 296.632555
  7805 296.010012
  7810 292.323490
  7815 290.672461
  7820 293.128685
  7825 298.133288
  7830 290.750253
  7835 293.202130
  7840 298.287830
  7845 295.884558
  7850 291.163286
  7855 294.640899
  7860 291.594233
  7865 299.961217
  7870 294.137252
  7875 292.769170
  7880 297.999743
  7885 305.453872
  7890 298.966213
  7895 298.811121
  7900 295.221240
  7905 300.217901
  7910 301.203239
  7915 298.398855
  7920 293.644290
  7925 301.394640
  7930 305.466905
  7935 294.919701
  7940 299.319625
  7945 301.621500
  7950 303.016064
  7955 292.608361
  7960 297.364124
  7965 298.236316
  7970 301.313194
  7975 302.981846
  7980 293.145081
  7985 305.590957
  7990 292.235164
  7995 299.559871
  8000 291.799257
  8005 297.448021
  8010 300.078421
  8015 299.720439
  8020 291.967172
  8025 302.274831
  8030 292.204150
  8035 299.292743
  8040 300.259362
  8045 298.345692
  8050 293.771105
  8055 296.852992
  8060 291.071846
  8065 295.246409
  8070 295.877814
  8075 301.135624
  8080 300.216505
  8085 302.586183
  8090 291.662453
  8095 291.268461
  8100 293.018287
  8105 297.199436
  8110 302.209921
  8115 295.186921
  8120 302.564040
  8125 302.871268
  8130 300.219816
  8135 290.907495
  8140 301.043326
  8145 298.392380
  8150 299.521453
  8155 302.184587
  8160 304.492598
  8165 294.937207
  8170 291.082828
  8175 293.403835
  8180 297.550874
  8185 303.055893
  8190 292.878221
  8195 303.271049
  8200 296.323236
  8205 298.178672
  8210 304.590742
  8215 300.798953
  8220 292.114379
  8225 293.725000
  8230 297.755042
  8235 294.527409
  8240 298.003912
  8245 299.807308
  8250 297.119937
  8255 300.567615
  8260 305.183511
  8265 296.750052
  8270 293.579888
  8275 291.211583
  8280 303.872191
  8285 293.717033
  8290 301.616525
  8295 299.663743
  8300 300.050246
  8305 302.366948
  8310 296.557013
  8315 305.461012
  8320 291.701558
  8325 294.887589
  8330 292.476411
  8335 300.057041
  8340 300.736505
  8345 291.968816
  8350 297.474630
  8355 291.807883
  8360 301.824484
  8365 302.578230
  8370 297.683405
  8375 296.482348
  8380 291.463791
  8385 298.168632
  8390 302.724522
  8395 295.872942
  8400 294.323741
  8405 298.754638
  8410 291.730032
  8415 301.197998
  8420 301.779046
  8425 303.072373
  8430 290.935224
  8435 290.772777
  8440 304.514874
  8445 290.916727
  8450 299.039862
  8455 296.289182
  8460 304.765696
  8465 297.180747
  8470 290.814866
  8475 301.613642
  8480 298.689564
  8485 297.531215
  8490 297.504178
  8495 298.125733
  8500 292.326718
  8505 293.147804
  8510 299.629458
  8515 294.707955
  8520 297.643447
  8525 291.857621
  8530 302.359676
  8535 301.252667
  8540 304.523985
  8545 299.143607
  8550 297.667466
  8555 299.344192
  8560 303.963517
  8565 292.147427
  8570 299.948967
  8575 291.814872
  8580 298.738697
  8585 302.599645
  8590 292.269088
  8595 292.990410
  8600 299.909617
  8605 293.135079
  8610 305.361581
  8615 305.142884
  8620 302.267762
  8625 292.048583
  8630 297.876428
  8635 298.131285
  8640 298.716404
  8645 300.167321
  8650 290.824207
  8655 300.956180
  8660 295.582035
  8665 296.542430
  8670 304.381498
  8675 293.305656
  8680 298.980691
  8685 291.259248
  8690 305.536471
  8695 302.875890
  8700 301.928287
  8705 302.049919
  8710 291.774660
  8715 298.872565
  8720 299.790841
  8725 293.112253
  8730 292.522824
  8735 303.276963
  8740 301.250820
  8745 301.500046
  8750 299.949058
  8755 301.904056
  8760 294.200141
  8765 299.885071
  8770 300.714660
  8775 302.497998
  8780 300.211356
  8785 291.063250
  8790 302.895332
  8795 301.018113
  8800 294.935189
  8805 300.114221
  8810 293.621853
  8815 300.366258
  8820 300.538427
  8825 300.131714
  8830 302.036279
  8835 305.423179
  8840 294.410615
  8845 292.530173
  8850 299.535188
  8855 294.429494
  8860 293.323781
  8865 293.411669
  8870 304.964385
  8875 295.985192
  8880 304.202622
  8885 299.034164
  8890 303.744617
  8895 296.520087
  8900 304.764293
  8905 292.633214
  8910 299.412412
  8915 295.788568
  8920 300.333446
  8925 292.291045
  8930 300.360991
  8935 296.352680
  8940 303.090429
  8945 296.677034
  8950 304.837451
  8955 292.556481
  8960 304.796213
  8965 295.789420
  8970 302.116012
  8975 299.944124
  8980 297.765455
  8985 302.242436
  8990 303.785009
  8995 304.396126
  9000 293.811018
  9005 291.684963
  9010 292.763467
  9015 293.555844
  9020 304.755909
  9025 292.498858
  9030 293.811152
  9035 298.881455
  9040 290.752300
  9045 298.691995
  9050 300.414736
  9055 298.301828
  9060 293.463011
  9065 290.672581
  9070 290.958597
  9075 296.531453
  9080 295.757338
  9085 293.643254
  9090 299.444825
  9095 304.525829
  9100 303.850456
  9105 297.692139
  9110 293.672339
  9115 299.254251
  9120 304.840147
  9125 292.881670
  9130 294.850790
  9135 299.734438
  9140 299.815881
  9145 300.364756
  9150 304.999385
  9155 293.076209
  9160 301.632600
  9165 299.956720
  9170 295.043040
  9175 296.944137
  9180 294.691052
  9185 294.719456
  9190 294.545855
  9195 304.120064
  9200 300.412175
  9205 297.721362
  9210 293.855277
  9215 296.382358
  9220 293.805745
  9225 303.433171
  9230 294.410092
  9235 297.200906
  9240 301.345959
  9245 299.093815
  9250 297.442723
  9255 299.378382
  9260 298.339766
  9265 300.490429
  9270 297.864334
  9275 303.562824
  9280 299.049651
  9285 294.139525
  9290 299.448985
  9295 304.272069
  9300 291.906490
  9305 305.602221
  9310 296.783558
  9315 294.627152
  9320 293.864103
  9325 304.848880
  9330 294.529237
  9335 296.490670
  9340 294.917277
  9345 296.734597
  9350 300.353014
  9355 302.642368
  9360 298.765263
  9365 300.910363
  9370 294.029722
  9375 294.809384
  9380 303.115273
  9385 301.918834
  9390 299.117817
  9395 290.771332
  9400 291.425770
  9405 298.104447
  9410 303.518791
  9415 294.858273
  9420 294.502277
  9425 295.675556
  9430 291.939218
  9435 305.348071
  9440 296.580470
  9445 302.019125
  9450 292.812870
  9455 302.951977
  9460 300.750211
  9465 304.416279
  9470 298.703738
  9475 291.799669
  9480 294.732351
  9485 303.014065
  9490 296.044193
  9495 302.407434
  9500 291.979157
  9505 292.086153
  9510 298.453996
  9515 293.354737
  9520 303.555387
  9525 302.327819
  9530 300.230896
  9535 294.311440
  9540 294.445494
  9545 304.426258
  9550 304.554285
  9555 303.048810
  9560 295.092216
  9565 301.917254
  9570 298.977315
  9575 294.532442
  9580 294.098520
  9585 291.559771
  9590 302.244025
  9595 298.608802
  9600 299.271739
  9605 300.498543
  9610 296.413316
  9615 302.163755
  9620 293.729844
  9625 299.581199
  9630 302.189264
  9635 291.976619
  9640 296.778725
  9645 296.115213
  9650 291.743431
  9655 300.449452
  9660 293.034547
  9665 293.900048
  9670 304.831382
  9675 294.339683
  9680 298.571849
  9685 292.493852
  9690 303.134762
  9695 291.900635
  9700 305.318486
  9705 292.841100
  9710 302.202209
  9715 301.250761
  9720 291.276425
  9725 294.842571
  9730 299.627636
  9735 303.924276
  9740 293.725382
  9745 294.336638
  9750 294.445802
  9755 301.209375
  9760 291.446078
  9765 296.189801
  9770 303.000485
  9775 301.172577
  9780 303.782214
  9785 302.255284
  9790 297.673113
  9795 300.706381
  9800 298.140062
  9805 294.402621
  9810 301.725153
  9815 302.131518
  9820 293.445056
  9825 305.044803
  9830 296.570612
  9835 302.121062
  9840 293.944499
  9845 300.091745
  9850 303.308778
  9855 298.128003
  9860 304.443091
  9865 303.700976
  9870 302.258577
  9875 303.611170
  9880 300.654252
  9885 304.751891
  9890 297.625308
  9895 290.684326
  9900 295.747506
  9905 300.154393
  9910 300.132611
  9915 297.676185
  9920 298.584290
  9925 300.349581
  9930 296.923982
  9935 304.980941
  9940 295.108135
  9945 304.744792
  9950 298.463299
  9955 300.149795
  9960 298.710105
  9965 302.668498
  9970 300.409862
  9975 304.008275
  9980 294.155375
  9985 294.949246
  9990 295.458369
  9995 305.086149
 10000 298.667587
 10005 300.100771
 10010 296.285658
 10015 296.530519
 10020 298.402660
 10025 302.845711
 10030 299.356324
 10035 292.987768
 10040 297.870618
 10045 304.559472
 10050 291.003592
 10055 296.261932
 10060 303.132789
 10065 295.893523
 10070 304.279609
 10075 295.737740
 10080 299.405181
 10085 290.785991
 10090 301.706052
 10095 294.961426
 10100 298.225507
 10105 293.744564
 10110 301.398500
 10115 303.397849
 10120 297.240179
 10125 302.794106
 10130 296.459438
 10135 297.505208
 10140 301.340846
 10145 296.363460
 10150 301.253196
 10155 299.227792
 10160 303.450847
 10165 301.420815
 10170 301.902541
 10175 299.389397
 10180 297.626988
 10185 292.109385
 10190 294.237488
 10195 303.229679
 10200 290.787057
 10205 296.034698
 10210 301.644761
 10215 302.498809
 10220 296.151515
 10225 304.931340
 10230 305.082713
 10235 300.892913
 10240 292.593585
 10245 300.881976
 10250 293.132577
 10255 303.822093
 10260 295.438142
 10265 301.473875
 10270 299.897688
 10275 299.298707
 10280 304.935116
 10285 291.052624
 10290 291.596063
 10295 302.742818
 10300 295.746368
 10305 295.764077
 10310 298.648042
 10315 304.993414
 10320 303.712427
 10325 304.429676
 10330 299.909210
 10335 290.941641
 10340 301.314509
 10345 298.927704
 10350 302.878808
 10355 295.695319
 10360 294.811461
 10365 296.652183
 10370 304.876491
 10375 300.570615
 10380 290.772644
 10385 304.848726
 10390 291.230744
 10395 291.405618
 10400 293.543228
 10405 302.511950
 10410 292.655852
 10415 296.999182
 10420 295.206203
 10425 299.066409
 10430 293.734035
 10435 297.235452
 10440 294.548828
 10445 292.166841
 10450 301.092247
 10455 304.191584
 10460 304.468722
 10465 295.248315
 10470 295.561956
 10475 301.465226
 10480 292.815306
 10485 303.887993
 10490 300.656051
 10495 305.158377
 10500 297.840864
 10505 303.693402
 10510 299.352392
 10515 291.991724
 10520 303.609163
 10525 291.865491
 10530 299.070284
 10535 303.412434
 10540 291.558228
 10545 292.751161
 10550 303.759636
 10555 299.238848
 10560 295.662034
 10565 301.602212
 10570 294.394512
 10575 294.356140
 10580 304.696288
 10585 292.928479
 10590 293.892686
 10595 301.566776
 10600 294.844175
 10605 296.492110
 10610 302.088766
 10615 302.814812
 10620 304.848977
 10625 301.796508
 10630 296.309341
 10635 304.804971
 10640 296.375019
 10645 301.769133
 10650 296.794996
 10655 292.995050
 10660 299.128404
 10665 291.179038
 10670 295.287855
 10675 291.043339
 10680 292.068386
 10685 304.510763
 10690 296.840962
 10695 292.556134
 10700 294.485176
 10705 298.399944
 10710 298.687940
 10715 294.065550
 10720 299.132798
 10725 296.762684
 10730 292.441784
 10735 291.712881
 10740 295.283201
 10745 302.202304
 10750 303.321331
 10755 302.803155
 10760 295.835013
 10765 296.283997
 10770 301.791885
 10775 299.758952
 10780 305.417780
 10785 300.999812
 10790 305.638850
 10795 294.074017
 10800 297.310149
