     5 301.181176
    10 295.127900
    15 292.847689
    20 292.910231
    25 300.575083
    30 296.362432
    35 304.774163
    40 300.627446
    45 297.450218
    50 292.408811
    55 292.764376
    60 295.018814
    65 296.605432
    70 302.737469
    75 300.461338
    80 290.657186
    85 299.770386
    90 293.768724
    95 293.937744
   100 290.717339
   105 301.512204
   110 291.291442
   115 294.876915
   120 300.404107
   125 300.070501
   130 294.475514
   135 304.387711
   140 295.102993
   145 299.805902
   150 303.926378
   155 294.133295
   160 293.951704
   165 298.334646
   170 303.020983
   175 291.508177
   180 299.917638
   185 301.240684
   190 296.534110
   195 295.871933
   200 301.417376
   205 304.807609
   210 303.106412
   215 296.846607
   220 295.909195
   225 298.571545
   230 303.356305
   235 300.905952
   240 299.501078
   245 294.373768
   250 291.861876
   255 302.340022
   260 303.457798
   265 295.618154
   270 303.105713
   275 293.702478
   280 300.388486
   285 303.235487
   290 293.911823
   295 298.777875
   300 295.994853
   305 296.108641
   310 293.268285
   315 291.639959
   320 292.672164
   325 292.507586
   330 292.872130
   335 294.562340
   340 302.469071
   345 303.821895
   350 290.876363
   355 297.641827
   360 301.664739
   365 297.897964
   370 297.470583
   375 301.904702
   380 299.643880
   385 290.710879
   390 305.263747
   395 293.024228
   400 304.034600
   405 292.463767
   410 302.721886
   415 295.024096
   420 303.876929
   425 304.302029
   430 300.277647
   435 298.900274
   440 295.597600
   445 302.381143
   450 304.020701
   455 301.857604
   460 293.811890
   465 298.257495
   470 301.328276
   475 296.932553
   480 301.539494
   485 299.116758
   490 294.707640
   495 298.541015
   500 301.765616
   505 304.056760
   510 296.087016
   515 293.741132
   520 294.094527
   525 293.412943
   530 292.851689
   535 301.033659
   540 298.803992
   545 304.482845
   550 292.794474
   555 298.596811
   560 296.612042
   565 290.987458
   570 304.846877
   575 297.682464
   580 301.486352
   585 291.884839
   590 299.958231
   595 292.816631
   600 303.858428
   605 303.220455
   610 299.029852
   615 296.874543
   620 297.017318
   625 298.010761
   630 301.517526
   635 295.698746
   640 291.036635
   645 294.240761
   650 301.611931
   655 299.979817
   660 303.794098
   665 301.443883
   670 295.031291
   675 292.308934
   680 300.104441
   685 293.960517
   690 296.440607
   695 300.851938
   700 296.411808
   705 298.213753
   710 297.521087
   715 293.801569
   720 292.887552
   725 300.865166
   730 301.270958
   735 302.994800
   740 300.632335
   745 298.143876
   750 302.026383
   755 305.385844
   760 300.269739
   765 299.885896
   770 295.942187
   775 301.059779
   780 303.478106
   785 292.067360
   790 303.670507
   795 295.949491
   800 297.570358
   805 299.385809
   810 298.653393
   815 298.835235
   820 304.752968
   825 296.404953
   830 292.684593
   835 294.561596
   840 293.025371
   845 294.752368
   850 300.654176
   855 301.716989
   860 297.078582
   865 290.962841
   870 298.197721
   875 304.457656
   880 295.884375
   885 303.224161
   890 301.166712
   895 305.191170
   900 295.787590
   905 300.840672
   910 290.867395
   915 295.281641
   920 293.114001
   925 300.033579
   930 304.171532
   935 293.786608
   940 291.109378
   945 303.293994
   950 296.761129
   955 297.235493
   960 301.850020
   965 304.831484
   970 301.460796
   975 290.887720
   980 294.536799
   985 299.337967
   990 294.686087
   995 291.223893
  1000 293.399659
  1005 303.556048
  1010 302.429041
  1015 300.998892
  1020 304.250955
  1025 295.922985
  1030 295.003857
  1035 297.340080
  1040 291.359884
  1045 301.658819
  1050 295.879769
  1055 297.679719
  1060 292.744580
  1065 302.417331
  1070 297.649239
  1075 300.802558
  1080 300.664946
  1085 301.832390
  1090 301.258217
  1095 297.386092
  1100 294.137740
  1105 297.391225
  1110 301.627119
  1115 293.833831
  1120 296.454479
  1125 293.315729
  1130 298.329286
  1135 291.079645
  1140 296.749783
  1145 305.486322
  1150 297.399370
  1155 302.358896
  1160 296.268465
  1165 305.375916
  1170 294.151270
  1175 305.281608
  1180 291.741597
  1185 305.338034
  1190 294.266604
  1195 299.088447
  1200 302.166723
  1205 295.517584
  1210 300.229604
  1215 296.869680
  1220 292.204443
  1225 298.615958
  1230 294.131549
  1235 294.582442
  1240 294.006194
  1245 298.472089
  1250 294.360683
  1255 298.726064
  1260 305.600684
  1265 298.252949
  1270 293.240924
  1275 293.859787
  1280 298.595226
  1285 300.775968
  1290 292.743988
  1295 301.726426
  1300 298.225005
  1305 294.128298
  1310 299.196187
  1315 298.603383
  1320 298.613164
  1325 299.603402
  1330 305.268241
  1335 291.228361
  1340 304.769415
  1345 297.788365
  1350 297.800083
  1355 299.043478
  1360 294.229654
  1365 292.164722
  1370 303.741140
  1375 298.684694
  1380 295.210290
  1385 297.380957
  1390 295.133814
  1395 295.716108
  1400 299.667245
  1405 300.206952
  1410 296.220756
  1415 296.634584
  1420 293.052418
  1425 297.969155
  1430 293.627544
  1435 297.402725
  1440 298.047222
  1445 294.525904
  1450 296.509971
  1455 290.978735
  1460 299.664309
  1465 302.618044
  1470 302.496530
  1475 301.367723
  1480 301.153866
  1485 299.056608
  1490 297.399351
  1495 297.053974
  1500 298.492733
  1505 304.405864
  1510 291.678715
  1515 293.489674
  1520 303.573423
  1525 301.923582
  1530 303.979418
  1535 301.175717
  1540 304.205703
  1545 297.928416
  1550 291.811061
  1555 302.508963
  1560 291.969054
  1565 304.168176
  1570 292.326613
  1575 303.230330
  1580 297.739279
  1585 301.195854
  1590 301.825683
  1595 293.039008
  1600 302.999269
  1605 292.281445
  1610 296.954431
  1615 297.288417
  1620 291.000254
  1625 297.856284
  1630 296.491613
  1635 294.913840
  1640 300.863550
  1645 291.163930
  1650 293.435040
  1655 296.765235
  1660 299.899006
  1665 304.503370
  1670 303.578035
  1675 290.950400
  1680 299.422488
  1685 296.027602
  1690 295.698609
  1695 299.847338
  1700 292.020149
  1705 291.431877
  1710 300.785695
  1715 293.055954
  1720 300.818412
  1725 292.876687
  1730 291.940745
  1735 292.680472
  1740 304.653123
  1745 292.905191
  1750 304.748110
  1755 296.157429
  1760 301.297688
  1765 304.200389
  1770 303.226754
  1775 296.299189
  1780 299.751896
  1785 304.447025
  1790 303.608813
  1795 301.460527
  1800 291.804719
  1805 299.597419
  1810 300.331602
  1815 293.365343
  1820 302.232084
  1825 301.977728
  1830 300.156313
  1835 294.501842
  1840 304.375311
  1845 297.592216
  1850 291.150040
  1855 292.739235
  1860 291.394593
  1865 301.519578
  1870 291.432286
  1875 295.714638
  1880 304.582329
  1885 300.217890
  1890 302.825414
  1895 298.625820
  1900 299.898364
  1905 303.104899
  1910 299.989340
  1915 296.449745
  1920 295.217296
  1925 292.933531
  1930 296.739356
  1935 291.433672
  1940 295.505722
  1945 295.529602
  1950 298.396738
  1955 293.170074
  1960 300.345710
  1965 303.578567
  1970 295.876744
  1975 301.663927
  1980 291.289441
  1985 296.829238
  1990 298.073383
  1995 300.437417
  2000 303.838588
  2005 292.834141
  2010 292.816829
  2015 297.482913
  2020 304.516117
  2025 304.925905
  2030 305.442233
  2035 297.484458
  2040 294.311208
  2045 301.058471
  2050 293.555915
  2055 293.632736
  2060 291.119475
  2065 293.646781
  2070 295.927102
  2075 291.763871
  2080 293.817850
  2085 297.041921
  2090 298.416461
  2095 301.499586
  2100 302.566904
  2105 304.979347
  2110 299.310466
  2115 297.322336
  2120 298.486980
  2125 304.641294
  2130 302.694611
  2135 294.650535
  2140 300.294946
  2145 304.407254
  2150 301.011354
  2155 294.749670
  2160 302.627332
  2165 296.685216
  2170 291.008704
  2175 292.103718
  2180 291.896331
  2185 295.818606
  2190 302.711352
  2195 294.488221
  2200 303.414260
  2205 304.910188
  2210 294.973531
  2215 295.590663
  2220 302.972038
  2225 305.228982
  2230 300.245861
  2235 297.012622
  2240 296.718713
  2245 300.667007
  2250 303.428859
  2255 299.923035
  2260 299.564584
  2265 294.882394
  2270 298.369193
  2275 298.763946
  2280 300.730445
  2285 301.703590
  2290 297.725064
  2295 291.021449
  2300 299.051418
  2305 303.983329
  2310 291.214623
  2315 291.558596
  2320 295.554168
  2325 303.544852
  2330 292.059099
  2335 299.524852
  2340 295.196938
  2345 295.631824
  2350 302.611824
  2355 305.576035
  2360 299.497172
  2365 303.564828
  2370 304.124093
  2375 295.670408
  2380 304.955762
  2385 302.679944
  2390 303.349168
  2395 302.279236
  2400 298.222761
  2405 305.186769
  2410 294.373725
  2415 297.942081
  2420 296.982473
  2425 299.089470
  2430 298.526995
  2435 302.605298
  2440 297.075354
  2445 304.067307
  2450 305.514843
  2455 291.982335
  2460 293.519504
  2465 294.076388
  2470 292.438266
  2475 305.133898
  2480 295.942274
  2485 294.685014
  2490 302.276066
  2495 293.172333
  2500 293.734151
  2505 291.947222
  2510 294.573574
  2515 302.054423
  2520 297.978238
  2525 293.229425
  2530 297.660410
  2535 297.050266
  2540 296.856505
  2545 294.817452
  2550 299.611295
  2555 294.091607
  2560 292.920170
  2565 304.597722
  2570 297.625801
  2575 301.348636
  2580 301.099901
  2585 304.232115
  2590 292.820959
  2595 292.538008
  2600 303.079824
  2605 296.819872
  2610 303.191263
  2615 303.077955
  2620 297.897286
  2625 291.759937
  2630 304.746761
  2635 303.948487
  2640 295.198379
  2645 303.729758
  2650 293.336323
  2655 292.262835
  2660 293.217582
  2665 294.723367
  2670 305.493746
  2675 299.012918
  2680 304.248534
  2685 292.864226
  2690 296.183338
  2695 300.837834
  2700 302.895338
  2705 300.490970
  2710 291.895094
  2715 298.916876
  2720 291.058421
  2725 303.149069
  2730 293.944510
  2735 298.185354
  2740 291.565760
  2745 304.619969
  2750 294.180039
  2755 293.475641
  2760 294.034028
  2765 299.954906
  2770 293.780870
  2775 300.319775
  2780 300.568542
  2785 291.759886
  2790 293.454037
  2795 294.885817
  2800 297.860896
  2805 293.745845
  2810 305.281379
  2815 298.969610
  2820 298.228016
  2825 298.135461
  2830 303.382296
  2835 300.265930
  2840 300.142483
  2845 303.155655
  2850 301.568582
  2855 301.390231
  2860 295.126646
  2865 297.814891
  2870 294.392052
  2875 301.964577
  2880 299.067151
  2885 305.613192
  2890 296.887878
  2895 303.210440
  2900 295.589013
  2905 298.548942
  2910 296.274607
  2915 295.924288
  2920 305.062980
  2925 303.210997
  2930 296.228410
  2935 300.495277
  2940 304.994341
  2945 291.718854
  2950 301.451985
  2955 299.024371
  2960 302.899664
  2965 301.840771
  2970 299.287205
  2975 298.180289
  2980 293.033494
  2985 292.651380
  2990 302.045487
  2995 300.363143
  3000 298.967200
  3005 296.976850
  3010 301.284021
  3015 297.652072
  3020 291.799380
  3025 301.058787
  3030 295.209129
  3035 295.570190
  3040 305.161638
  3045 293.795953
  3050 299.389073
  3055 304.964519
  3060 299.653074
  3065 294.664224
  3070 294.205303
  3075 291.804037
  3080 300.889770
  3085 298.030177
  3090 296.167929
  3095 304.797429
  3100 294.734055
  3105 302.507645
  3110 292.587740
  3115 295.774161
  3120 302.520865
  3125 301.502565
  3130 297.550869
  3135 302.538619
  3140 296.600201
  3145 292.425361
  3150 297.229008
  3155 290.707662
  3160 301.361326
  3165 295.046096
  3170 298.408416
  3175 301.404389
  3180 293.930350
  3185 292.072371
  3190 292.526834
  3195 303.779087
  3200 301.357291
  3205 295.669859
  3210 301.201803
  3215 301.490728
  3220 294.172417
  3225 298.921111
  3230 304.980863
  3235 292.078299
  3240 302.068977
  3245 291.430354
  3250 297.981783
  3255 305.087704
  3260 294.050926
  3265 296.375751
  3270 295.520186
  3275 298.624364
  3280 302.142712
  3285 301.540871
  3290 295.169880
  3295 304.350356
  3300 295.806203
  3305 293.537203
  3310 305.130919
  3315 295.633323
  3320 301.894149
  3325 305.097603
  3330 300.377238
  3335 292.273011
  3340 299.972013
  3345 302.226620
  3350 305.576729
  3355 302.787732
  3360 300.192719
  3365 295.823063
  3370 299.016151
  3375 295.953475
  3380 294.537290
  3385 291.812255
  3390 290.923626
  3395 295.793684
  3400 291.312270
  3405 305.226863
  3410 297.156539
  3415 303.633620
  3420 291.397302
  3425 297.742653
  3430 296.884937
  3435 297.929908
  3440 294.772321
  3445 299.224273
  3450 299.691669
  3455 295.003716
  3460 292.983438
  3465 297.080427
  3470 292.963832
  3475 300.116464
  3480 294.529307
  3485 293.133851
  3490 305.261624
  3495 305.635484
  3500 294.336545
  3505 298.313046
  3510 302.016115
  3515 301.179013
  3520 301.832730
  3525 293.805078
  3530 294.840251
  3535 292.092032
  3540 296.935948
  3545 292.377482
  3550 299.537037
  3555 292.188302
  3560 294.624991
  3565 303.003087
  3570 292.079085
  3575 299.364480
  3580 295.690094
  3585 301.021445
  3590 293.446240
  3595 298.562876
  3600 300.658365
  3605 295.341713
  3610 304.717167
  3615 301.336686
  3620 295.859020
  3625 295.700180
  3630 303.500304
  3635 290.841246
  3640 294.488428
  3645 290.677685
  3650 304.635082
  3655 294.663526
  3660 291.084369
  3665 299.106095
  3670 304.959742
  3675 294.672364
  3680 303.691106
  3685 291.000043
  3690 293.113274
  3695 297.047628
  3700 304.114448
  3705 300.314994
  3710 304.218365
  3715 292.265559
  3720 296.104928
  3725 291.807093
  3730 294.808882
  3735 303.727227
  3740 302.816798
  3745 304.185772
  3750 292.260076
  3755 293.396191
  3760 297.002434
  3765 297.909188
  3770 295.231074
  3775 291.803636
  3780 304.234663
  3785 302.992455
  3790 293.145864
  3795 304.987644
  3800 294.990448
  3805 292.656059
  3810 298.333968
  3815 291.046982
  3820 300.569435
  3825 303.746155
  3830 301.612326
  3835 293.613892
  3840 296.200186
  3845 297.330900
  3850 290.764278
  3855 299.409735
  3860 297.835853
  3865 292.117197
  3870 290.935309
  3875 303.612275
  3880 297.952943
  3885 295.839597
  3890 298.701268
  3895 297.680122
  3900 296.821685
  3905 301.448023
  3910 294.085833
  3915 299.532654
  3920 294.736833
  3925 295.512566
  3930 300.836278
  3935 301.423228
  3940 304.378928
  3945 295.211454
  3950 298.461814
  3955 291.310344
  3960 297.038473
  3965 302.420600
  3970 303.025825
  3975 290.804642
  3980 293.953746
  3985 300.431317
  3990 305.444248
  3995 291.292665
  4000 305.281998
  4005 302.929821
  4010 299.208193
  4015 297.319251
  4020 297.089351
  4025 305.393835
  4030 294.441854
  4035 291.772182
  4040 298.067385
  4045 293.601955
  4050 300.532867
  4055 294.187096
  4060 293.671006
  4065 294.917002
  4070 300.632521
  4075 293.147806
  4080 292.792149
  4085 292.022035
  4090 305.569029
  4095 295.985213
  4100 303.761753
  4105 302.853145
  4110 295.313643
  4115 298.774219
  4120 298.166501
  4125 300.164426
  4130 295.058549
  4135 304.301827
  4140 299.959839
  4145 300.079547
  4150 304.303004
  4155 304.531395
  4160 299.965716
  4165 300.080272
  4170 291.985946
  4175 293.013137
  4180 291.089842
  4185 303.644569
  4190 301.859849
  4195 300.106529
  4200 298.366870
  4205 299.415963
  4210 292.640419
  4215 295.972433
  4220 297.337024
  4225 303.849203
  4230 294.502645
  4235 299.816080
  4240 297.200501
  4245 296.299393
  4250 294.959694
  4255 301.642333
  4260 303.609504
  4265 302.774697
  4270 299.049077
  4275 299.179120
  4280 292.016006
  4285 300.981277
  4290 291.061849
  4295 290.806769
  4300 295.300098
  4305 293.791548
  4310 296.512830
  4315 291.514019
  4320 304.104741
  4325 304.920061
  4330 301.641563
  4335 293.211869
  4340 294.293440
  4345 291.623785
  4350 299.726932
  4355 298.842548
  4360 295.748297
  4365 304.534211
  4370 297.429766
  4375 304.605805
  4380 298.370946
  4385 290.828404
  4390 296.385196
  4395 300.319602
  4400 294.288592
  4405 299.981373
  4410 295.439269
  4415 292.761210
  4420 301.780098
  4425 299.564390
  4430 300.641307
  4435 291.692101
  4440 297.491314
  4445 305.030657
  4450 297.826640
  4455 305.091506
  4460 304.976931
  4465 301.801799
  4470 292.248898
  4475 298.724385
  4480 292.401590
  4485 299.833529
  4490 297.854716
  4495 294.464845
  4500 295.355295
  4505 305.381868
  4510 293.433222
  4515 295.334352
  4520 303.709034
  4525 290.716595
  4530 294.444663
  4535 299.112406
  4540 295.803250
  4545 301.492863
  4550 304.508901
  4555 290.876559
  4560 298.846461
  4565 299.697798
  4570 305.006776
  4575 303.463446
  4580 295.451090
  4585 305.361314
  4590 302.346577
  4595 305.097202
  4600 293.876531
  4605 298.291689
  4610 292.686982
  4615 295.862406
  4620 302.297083
  4625 292.433884
  4630 295.874715
  4635 299.495685
  4640 290.875045
  4645 302.623544
  4650 298.665288
  4655 302.117272
  4660 301.720054
  4665 299.629974
  4670 291.788114
  4675 300.376081
  4680 296.854842
  4685 292.691508
  4690 299.122161
  4695 304.731203
  4700 295.151610
  4705 300.373607
  4710 298.613561
  4715 301.855767
  4720 297.531755
  4725 298.949642
  4730 298.274047
  4735 300.765332
  4740 301.675335
  4745 294.071747
  4750 291.415519
  4755 294.321698
  4760 304.801840
  4765 294.651705
  4770 296.362096
  4775 304.036475
  4780 295.991069
  4785 300.911387
  4790 296.696869
  4795 292.181670
  4800 296.045605
  4805 291.325004
  4810 293.023607
  4815 301.334764
  4820 294.819739
  4825 299.946971
  4830 301.107026
  4835 305.368913
  4840 292.752243
  4845 298.094448
  4850 293.648485
  4855 294.558582
  4860 297.049739
  4865 301.206871
  4870 303.921883
  4875 296.818911
  4880 295.501662
  4885 303.173886
  4890 291.547110
  4895 304.333058
  4900 300.104353
  4905 295.281404
  4910 300.854798
  4915 291.576859
  4920 298.146397
  4925 293.804693
  4930 294.766851
  4935 291.334417
  4940 300.782914
  4945 297.788062
  4950 299.987805
  4955 292.206958
  4960 300.492916
  4965 294.340047
  4970 302.135477
  4975 298.085941
  4980 290.805299
  4985 299.695345
  4990 297.437735
  4995 291.580372
  5000 296.895082
  5005 295.318838
  5010 304.742232
  5015 302.242597
  5020 298.795153
  5025 298.552534
  5030 302.080977
  5035 304.860006
  5040 300.617478
  5045 303.022080
  5050 293.364583
  5055 297.032235
  5060 297.865393
  5065 301.134916
  5070 293.824675
  5075 298.194175
  5080 304.205286
  5085 301.405709
  5090 303.953089
  5095 295.861276
  5100 291.229338
  5105 290.889079
  5110 295.009442
  5115 301.448146
  5120 303.896703
  5125 301.766344
  5130 298.844351
  5135 296.446154
  5140 298.718301
  5145 300.816012
  5150 302.175798
  5155 291.531954
  5160 297.320031
  5165 292.997608
  5170 297.730015
  5175 302.462633
  5180 305.397234
  5185 291.118435
  5190 297.311275
  5195 291.879895
  5200 305.257408
  5205 290.858667
  5210 292.108166
  5215 293.539832
  5220 303.576757
  5225 297.137509
  5230 291.332774
  5235 299.819054
  5240 300.387036
  5245 295.423981
  5250 290.778225
  5255 294.598720
  5260 298.413580
  5265 296.339956
  5270 297.880190
  5275 291.966206
  5280 296.301473
  5285 298.355767
  5290 300.988644
  5295 302.322310
  5300 303.523853
  5305 291.113515
  5310 300.835763
  5315 300.574661
  5320 304.601286
  5325 300.309909
  5330 291.559480
  5335 294.600421
  5340 294.654902
  5345 292.404771
  5350 290.926263
  5355 298.849310
  5360 300.795706
  5365 292.011723
  5370 301.663658
  5375 299.114314
  5380 290.914177
  5385 296.964304
  5390 304.775894
  5395 291.039326
  5400 301.953799
  5405 298.018801
  5410 300.525091
  5415 298.845847
  5420 290.767774
  5425 296.316415
  5430 305.443729
  5435 294.162753
  5440 297.225334
  5445 304.584467
  5450 303.298724
  5455 302.678246
  5460 294.070696
  5465 294.265335
  5470 292.714239
  5475 295.239317
  5480 294.063940
  5485 296.004089
  5490 299.047591
  5495 304.322697
  5500 293.876622
  5505 296.391454
  5510 302.053412
  5515 302.725809
  5520 302.081542
  5525 305.530082
  5530 303.618977
  5535 291.686080
  5540 303.087690
  5545 292.283383
  5550 292.211400
  5555 304.525601
  5560 292.015167
  5565 304.517765
  5570 302.523481
  5575 298.290867
  5580 294.826095
  5585 297.793143
  5590 298.735959
  5595 301.369910
  5600 299.113897
  5605 291.189885
  5610 301.902281
  5615 291.000421
  5620 292.830461
  5625 304.468883
  5630 295.540247
  5635 300.498930
  5640 295.592627
  5645 300.118606
  5650 296.374275
  5655 292.374828
  5660 297.594333
  5665 298.582317
  5670 302.358224
  5675 302.060061
  5680 301.987149
  5685 302.712485
  5690 298.811911
  5695 298.810583
  5700 293.122959
  5705 293.058496
  5710 296.762520
  5715 292.303017
  5720 299.649717
  5725 304.671911
  5730 299.383663
  5735 304.959179
  5740 302.724066
  5745 303.854210
  5750 303.292943
  5755 299.679721
  5760 303.440707
  5765 300.741683
  5770 291.746719
  5775 303.202265
  5780 300.064541
  5785 299.968508
  5790 292.564922
  5795 298.918902
  5800 297.528720
  5805 305.631189
  5810 291.618999
  5815 292.977937
  5820 290.758443
  5825 304.708910
  5830 290.675037
  5835 301.229975
  5840 301.152249
  5845 298.985252
  5850 304.787452
  5855 299.909485
  5860 295.308769
  5865 292.585129
  5870 297.448610
  5875 305.144011
  5880 296.513897
  5885 294.335257
  5890 298.132059
  5895 293.251752
  5900 296.217927
  5905 290.782797
  5910 299.586277
  5915 303.366598
  5920 298.233248
  5925 296.850771
  5930 305.252271
  5935 302.172898
  5940 298.691286
  5945 294.376533
  5950 296.388014
  5955 291.883311
  5960 293.508316
  5965 296.008973
  5970 303.234504
  5975 295.689491
  5980 303.411397
  5985 305.136378
  5990 295.014031
  5995 296.417663
  6000 291.025092
  6005 293.450097
  6010 297.120523
  6015 304.592538
  6020 295.771842
  6025 303.335409
  6030 305.130738
  6035 294.976306
  6040 300.882456
  6045 293.361353
  6050 300.755010
  6055 298.166391
  6060 298.106876
  6065 291.686205
  6070 298.269167
  6075 301.331107
  6080 295.583019
  6085 293.445780
  6090 301.104017
  6095 296.365471
  6100 303.890300
  6105 305.592321
  6110 301.299246
  6115 297.688092
  6120 301.248168
  6125 301.403339
  6130 305.540910
  6135 304.900900
  6140 293.815348
  6145 299.750061
  6150 304.307831
  6155 294.997314
  6160 299.164338
  6165 296.951533
  6170 303.081701
  6175 303.882329
  6180 295.719942
  6185 299.663147
  6190 302.761762
  6195 301.122726
  6200 303.170218
  6205 294.122757
  6210 291.372685
  6215 293.987843
  6220 303.598461
  6225 291.335261
  6230 295.849358
  6235 297.825018
  6240 300.884439
  6245 298.928493
  6250 302.854885
  6255 300.353907
  6260 292.537189
  6265 303.675087
  6270 296.584981
  6275 295.846209
  6280 300.561491
  6285 305.378998
  6290 292.421363
  6295 294.597795
  6300 297.479817
  6305 299.248160
  6310 298.393973
  6315 298.260512
  6320 297.044390
  6325 291.795152
  6330 296.266158
  6335 296.618605
  6340 295.729731
  6345 296.200903
  6350 299.805785
  6355 303.974977
  6360 297.323419
  6365 292.775858
  6370 295.383223
  6375 304.650620
  6380 296.733599
  6385 294.594317
  6390 303.485910
  6395 303.430997
  6400 290.953746
  6405 296.197661
  6410 302.457193
  6415 298.582450
  6420 302.614504
  6425 305.055774
  6430 296.561193
  6435 292.408964
  6440 303.353986
  6445 297.851917
  6450 294.800551
  6455 300.241896
  6460 302.926659
  6465 300.377928
  6470 295.043560
  6475 295.572030
  6480 299.486595
  6485 295.421235
  6490 296.859671
  6495 303.853810
  6500 299.639911
  6505 302.006473
  6510 297.809207
  6515 293.668611
  6520 297.610801
  6525 303.707726
  6530 300.243435
  6535 297.626290
  6540 302.798169
  6545 298.612906
  6550 294.930277
  6555 295.476726
  6560 293.247570
  6565 292.236586
  6570 300.527534
  6575 300.191867
  6580 291.547970
  6585 297.952831
  6590 296.949535
  6595 293.141412
  6600 303.229029
  6605 296.960934
  6610 301.374444
  6615 294.108187
  6620 299.829678
  6625 293.121219
  6630 295.629472
  6635 304.125016
  6640 303.593680
  6645 297.449144
  6650 290.995087
  6655 294.770651
  6660 301.818994
  6665 301.709733
  6670 297.571060
  6675 292.818131
  6680 302.488281
  6685 296.214502
  6690 302.312430
  6695 302.888853
  6700 292.380730
  6705 303.428905
  6710 302.285392
  6715 296.109313
  6720 298.194263
  6725 292.315156
  6730 291.305796
  6735 294.140239
  6740 292.159464
  6745 290.687267
  6750 303.343477
  6755 302.737805
  6760 298.294625
  6765 299.404699
  6770 299.344238
  6775 303.917698
  6780 295.581907
  6785 294.414152
  6790 293.756857
  6795 302.267569
  6800 293.189510
  6805 294.741713
  6810 305.513387
  6815 296.718987
  6820 304.507261
  6825 299.778720
  6830 294.383976
  6835 304.345774
  6840 303.326713
  6845 293.192953
  6850 295.333567
  6855 297.087591
  6860 295.823788
  6865 295.769020
  6870 291.683992
  6875 300.205091
  6880 295.922082
  6885 293.341159
  6890 292.400142
  6895 302.978499
  6900 297.910153
  6905 294.082609
  6910 292.977514
  6915 294.978300
  6920 299.640866
  6925 293.853329
  6930 302.996530
  6935 291.866122
  6940 298.381472
  6945 303.856580
  6950 295.222968
  6955 301.869633
  6960 304.216173
  6965 297.630446
  6970 293.403498
  6975 297.418911
  6980 290.737921
  6985 290.839882
  6990 304.735775
  6995 295.622106
  7000 298.809177
  7005 296.660020
  7010 295.464402
  7015 303.090336
  7020 296.674729
  7025 298.259293
  7030 301.382110
  7035 291.215205
  7040 299.082637
  7045 304.971226
  7050 292.776555
  7055 305.422290
  7060 296.103519
  7065 297.987134
  7070 296.003904
  7075 297.899187
  7080 296.975823
  7085 299.929926
  7090 294.422243
  7095 293.272079
  7100 295.771491
  7105 297.830409
  7110 299.473561
  7115 302.039712
  7120 299.362956
  7125 296.094105
  7130 300.112922
  7135 298.780095
  7140 293.801175
  7145 297.150730
  7150 294.265326
  7155 292.532636
  7160 303.969604
  7165 294.397314
  7170 298.753521
  7175 300.919022
  7180 296.845012
  7185 296.001567
  7190 305.362795
  7195 294.646312
  7200 302.085063
  7205 295.313745
  7210 295.960470
  7215 303.258085
  7220 291.856348
  7225 301.515196
  7230 299.704754
  7235 297.469616
  7240 294.240826
  7245 301.730652
  7250 298.035233
  7255 293.902018
  7260 303.809269
  7265 304.270501
  7270 296.193064
  7275 298.433027
  7280 295.943008
  7285 299.634701
  7290 302.197664
  7295 300.077221
  7300 302.438588
  7305 298.272593
  7310 291.190580
  7315 292.192844
  7320 299.363872
  7325 297.895307
  7330 298.037989
  7335 300.145456
  7340 300.396755
  7345 298.188601
  7350 302.649857
  7355 300.758114
  7360 304.736711
  7365 305.273784
  7370 296.706072
  7375 303.776665
  7380 300.662214
  7385 300.271163
  7390 303.422187
  7395 302.512155
  7400 293.593414
  7405 296.908634
  7410 303.239389
  7415 303.725201
  7420 293.029501
  7425 304.857085
  7430 292.881284
  7435 291.372020
  7440 291.828272
  7445 294.561617
  7450 293.590538
  7455 292.218557
  7460 292.384463
  7465 291.036148
  7470 298.170876
  7475 305.041332
  7480 293.799758
  7485 300.288714
  7490 302.036739
  7495 291.087435
  7500 299.025383
  7505 299.644307
  7510 297.584072
  7515 295.793480
  7520 303.059637
  7525 299.359786
  7530 297.348625
  7535 293.197972
  7540 296.713399
  7545 301.018532
  7550 293.010932
  7555 295.512015
  7560 291.013308
  7565 291.588422
  7570 295.099089
  7575 303.213975
  7580 301.837315
  7585 297.765430
  7590 300.356343
  7595 293.512279
  7600 296.761836
  7605 301.261503
  7610 299.652396
  7615 297.034585
  7620 300.630472
  7625 298.064603
  7630 295.046212
  7635 301.610685
  7640 299.972029
  7645 304.033747
  7650 295.317471
  7655 302.013788
  7660 297.531121
  7665 305.129011
  7670 302.493727
  7675 294.918813
  7680 305.208242
  7685 296.896505
  7690 298.076142
  7695 305.165459
  7700 295.970725
  7705 302.998661
  7710 302.394784
  7715 302.120605
  7720 303.019964
  7725 291.211616
  7730 298.745215
  7735 303.061323
  7740 303.216478
  7745 303.354503
  7750 301.915484
  7755 300.100575
  7760 301.088591
  7765 301.064041
  7770 297.482081
  7775 293.323388
  7780 304.568010
  7785 293.264538
  7790 292.551395
  7795 302.329863
  7800 296.166126
  7805 300.687222
  7810 294.099162
  7815 300.263209
  7820 294.028045
  7825 295.089161
  7830 292.399551
  7835 290.810511
  7840 297.843829
  7845 302.273619
  7850 291.717982
  7855 296.406623
  7860 300.209882
  7865 291.753590
  7870 304.678355
  7875 294.631095
  7880 299.620156
  7885 297.641653
  7890 300.883668
  7895 297.114658
  7900 292.292223
  7905 295.928928
  7910 302.443383
  7915 299.939690
  7920 293.428636
  7925 299.490127
  7930 295.452135
  7935 295.172360
  7940 302.317695
  7945 295.428935
  7950 299.514007
  7955 303.678769
  7960 292.153516
  7965 291.254325
  7970 301.390445
  7975 294.271391
  7980 299.396618
  7985 292.480437
  7990 295.033608
  7995 295.310709
  8000 292.690420
  8005 293.340175
  8010 297.579768
  8015 292.179281
  8020 297.921412
  8025 294.782106
  8030 292.036849
  8035 291.328504
  8040 296.592702
  8045 299.235843
  8050 304.407477
  8055 297.726677
  8060 299.279292
  8065 295.504271
  8070 302.420408
  8075 296.987378
  8080 305.205578
  8085 305.306673
  8090 291.933012
  8095 302.963217
  8100 298.939204
  8105 300.450180
  8110 293.137669
  8115 291.693800
  8120 300.950703
  8125 300.836186
  8130 295.172062
  8135 295.837664
  8140 303.419265
  8145 297.414670
  8150 294.590422
  8155 296.901171
  8160 297.120664
  8165 293.530717
  8170 297.158806
  8175 301.062358
  8180 304.682564
  8185 303.843798
  8190 300.311903
  8195 304.059773
  8200 291.792775
  8205 301.326661
  8210 293.117655
  8215 301.349873
  8220 305.221516
  8225 305.182870
  8230 294.971289
  8235 295.115509
  8240 296.245450
  8245 294.286218
  8250 294.740525
  8255 304.644485
  8260 297.803114
  8265 292.598831
  8270 292.348960
  8275 294.227587
  8280 293.677395
  8285 302.031545
  8290 292.142034
  8295 301.700713
  8300 296.125638
  8305 299.624115
  8310 303.506967
  8315 295.769380
  8320 300.860315
  8325 303.756521
  8330 303.863523
  8335 300.394078
  8340 291.586468
  8345 293.231382
  8350 303.509760
  8355 293.145108
  8360 292.338029
  8365 296.168033
  8370 296.251765
  8375 297.098347
  8380 292.416879
  8385 296.511746
  8390 304.542337
  8395 304.690189
  8400 303.473762
  8405 297.293524
  8410 304.614439
  8415 303.958947
  8420 294.074948
  8425 298.810793
  8430 292.111834
  8435 292.013108
  8440 300.353102
  8445 294.699835
  8450 298.614793
  8455 293.222636
  8460 296.787645
  8465 302.872278
  8470 294.711159
  8475 298.470910
  8480 300.051101
  8485 301.687724
  8490 301.511504
  8495 294.586871
  8500 298.494512
  8505 305.301077
  8510 305.195610
  8515 292.684967
  8520 296.104123
  8525 294.244438
  8530 292.246155
  8535 297.568377
  8540 292.635683
  8545 295.945782
  8550 299.437184
  8555 302.365598
  8560 296.252740
  8565 305.578741
  8570 293.614615
  8575 303.184066
  8580 298.255685
  8585 301.503376
  8590 295.336212
  8595 297.746969
  8600 292.312434
  8605 294.834015
  8610 298.045850
  8615 304.759424
  8620 304.656834
  8625 296.033452
  8630 302.863755
  8635 300.871770
  8640 298.186560
  8645 301.565865
  8650 304.172220
  8655 304.054492
  8660 291.346874
  8665 299.808695
  8670 298.581158
  8675 304.522572
  8680 290.817000
  8685 303.602659
  8690 292.769768
  8695 292.412279
  8700 293.690660
  8705 304.326028
  8710 295.943086
  8715 293.410584
  8720 293.914138
  8725 291.116192
  8730 301.011378
  8735 292.053195
  8740 304.504023
  8745 296.708631
  8750 292.906767
  8755 290.875195
  8760 296.115083
  8765 295.421426
  8770 296.104461
  8775 292.796469
  8780 295.074729
  8785 294.087878
  8790 295.427149
  8795 297.722262
  8800 297.116755
  8805 292.611084
  8810 293.729380
  8815 293.918122
  8820 295.339431
  8825 296.166727
  8830 299.439121
  8835 304.406688
  8840 295.048202
  8845 296.157424
  8850 301.436618
  8855 301.893728
  8860 298.458296
  8865 303.683827
  8870 304.950930
  8875 292.637582
  8880 299.649856
  8885 292.476413
  8890 296.932317
  8895 297.344993
  8900 295.512714
  8905 298.457291
  8910 291.244601
  8915 304.858548
  8920 305.370926
  8925 294.179357
  8930 302.443539
  8935 303.462297
  8940 298.940572
  8945 298.575569
  8950 301.036274
  8955 300.802779
  8960 300.875775
  8965 295.158140
  8970 298.139229
  8975 304.923536
  8980 297.717950
  8985 293.817432
  8990 301.318941
  8995 292.571164
  9000 292.235806
  9005 295.616543
  9010 296.861690
  9015 299.855014
  9020 303.271973
  9025 299.063874
  9030 302.145255
  9035 294.239950
  9040 301.893733
  9045 295.256748
  9050 299.024012
  9055 294.804319
  9060 297.442491
  9065 294.041181
  9070 301.526473
  9075 293.536951
  9080 298.086730
  9085 298.067691
  9090 292.735755
  9095 304.910034
  9100 294.144595
  9105 295.633051
  9110 292.972407
  9115 297.158350
  9120 299.606736
  9125 302.647638
  9130 302.170968
  9135 291.440484
  9140 291.127657
  9145 300.664874
  9150 291.306018
  9155 295.521995
  9160 303.580884
  9165 297.765728
  9170 296.754077
  9175 292.739858
  9180 296.468728
  9185 303.332774
  9190 302.813828
  9195 299.222335
  9200 291.729700
  9205 298.630455
  9210 305.325417
  9215 300.825887
  9220 292.414237
  9225 300.717594
  9230 293.115482
  9235 299.930708
  9240 297.289215
  9245 297.898346
  9250 291.622980
  9255 299.709565
  9260 296.430260
  9265 299.084925
  9270 292.031881
  9275 298.464603
  9280 297.947096
  9285 294.476562
  9290 291.053887
  9295 290.991039
  9300 302.784794
  9305 293.568923
  9310 292.987090
  9315 291.367901
  9320 301.868876
  9325 301.855449
  9330 290.901660
  9335 291.894808
  9340 296.259367
  9345 297.214749
  9350 305.362838
  9355 301.124107
  9360 296.321707
  9365 300.761910
  9370 293.372572
  9375 297.913237
  9380 303.864098
  9385 305.093945
  9390 304.650969
  9395 291.674404
  9400 293.403718
  9405 297.085194
  9410 294.028177
  9415 291.831171
  9420 294.288300
  9425 290.767908
  9430 293.385707
  9435 296.979036
  9440 304.776428
  9445 291.948410
  9450 292.368533
  9455 303.205187
  9460 292.121637
  9465 298.056606
  9470 293.561543
  9475 304.920641
  9480 297.527482
  9485 304.483275
  9490 296.142440
  9495 291.045580
  9500 298.296903
  9505 292.649290
  9510 293.032146
  9515 305.377934
  9520 297.176984
  9525 294.137071
  9530 295.701991
  9535 301.160525
  9540 301.768309
  9545 302.257603
  9550 298.088563
  9555 294.582178
  9560 293.525119
  9565 301.474562
  9570 295.901720
  9575 294.632402
  9580 305.162423
  9585 299.184095
  9590 295.211660
  9595 298.833671
  9600 292.503192
  9605 293.051852
  9610 293.545842
  9615 299.640166
  9620 301.821655
  9625 300.403781
  9630 298.528173
  9635 304.514398
  9640 304.006566
  9645 304.868635
  9650 304.103499
  9655 293.836064
  9660 301.334829
  9665 302.337090
  9670 303.960616
  9675 304.044377
  9680 303.496042
  9685 294.699051
  9690 295.247131
  9695 302.882485
  9700 300.338777
  9705 292.746318
  9710 303.123823
  9715 300.368015
  9720 298.300280
  9725 294.060249
  9730 300.645823
  9735 300.479156
  9740 292.025834
  9745 296.298453
  9750 292.618445
  9755 305.016526
  9760 296.390041
  9765 299.195325
  9770 301.566968
  9775 301.755990
  9780 290.897894
  9785 295.980078
  9790 303.080176
  9795 297.238133
  9800 301.496640
  9805 291.519605
  9810 296.207186
  9815 298.200723
  9820 291.466292
  9825 298.874193
  9830 301.849736
  9835 294.616146
  9840 297.832488
  9845 299.372081
  9850 292.935874
  9855 303.071546
  9860 301.921092
  9865 304.586202
  9870 296.196514
  9875 291.948041
  9880 304.485891
  9885 291.124590
  9890 301.910184
  9895 293.727470
  9900 304.123258
  9905 297.157579
  9910 301.243216
  9915 303.169345
  9920 297.302483
  9925 298.213978
  9930 290.882023
  9935 291.084969
  9940 291.100181
  9945 293.213176
  9950 291.177293
  9955 294.534677
  9960 296.972717
  9965 295.133916
  9970 300.461932
  9975 300.549173
  9980 292.125321
  9985 296.420930
  9990 294.602810
  9995 304.182122
 10000 301.904632
 10005 304.715876
 10010 302.339238
 10015 293.936026
 10020 304.605105
 10025 294.881219
 10030 302.495155
 10035 302.613054
 10040 301.419298
 10045 298.393940
 10050 303.312612
 10055 301.681202
 10060 297.722896
 10065 295.166371
 10070 305.554072
 10075 303.392071
 10080 303.185533
 10085 302.892866
 10090 294.892113
 10095 291.968373
 10100 304.980406
 10105 303.051538
 10110 305.056558
 10115 294.998855
 10120 295.824279
 10125 303.911900
 10130 294.613489
 10135 305.183194
 10140 301.200731
 10145 297.774597
 10150 302.620512
 10155 301.162239
 10160 294.144356
 10165 290.651469
 10170 304.482988
 10175 298.839690
 10180 296.944012
 10185 305.312421
 10190 305.374321
 10195 303.078710
 10200 298.026670
 10205 296.852648
 10210 305.218382
 10215 301.781614
 10220 295.768263
 10225 297.219084
 10230 299.835354
 10235 293.216984
 10240 292.356808
 10245 302.861240
 10250 295.214630
 10255 300.006674
 10260 292.538500
 10265 298.018762
 10270 298.348255
 10275 292.206734
 10280 295.190770
 10285 297.974786
 10290 291.263440
 10295 304.319337
 10300 291.902274
 10305 291.565608
 10310 297.350143
 10315 297.901062
 10320 299.270190
 10325 304.829458
 10330 300.281973
 10335 297.010353
 10340 291.973938
 10345 296.230701
 10350 301.683846
 10355 304.061665
 10360 293.931992
 10365 292.941783
 10370 303.027446
 10375 291.135334
 10380 300.419539
 10385 297.458515
 10390 291.955513
 10395 295.755190
 10400 302.065074
 10405 299.744091
 10410 299.951013
 10415 301.866756
 10420 299.730207
 10425 297.234663
 10430 296.489856
 10435 299.238087
 10440 295.864406
 10445 293.509041
 10450 294.747701
 10455 293.581342
 10460 296.165059
 10465 294.223999
 10470 305.419146
 10475 296.034380
 10480 292.256633
 10485 303.057013
 10490 296.805100
 10495 296.463725
 10500 302.356216
 10505 303.644053
 10510 293.055568
 10515 295.187887
 10520 290.719080
 10525 296.965667
 10530 292.573794
 10535 299.224804
 10540 292.062834
 10545 302.143725
 10550 293.352724
 10555 304.200922
 10560 293.617063
 10565 296.237523
 10570 293.128916
 10575 294.718251
 10580 291.318421
 10585 300.316414
 10590 297.786743
 10595 304.689771
 10600 300.974499
 10605 297.369406
 10610 294.350310
 10615 292.945225
 10620 294.045243
 10625 291.741128
 10630 291.074663
 10635 297.116084
 10640 302.804497
 10645 298.921126
 10650 298.455023
 10655 299.976496
 10660 297.453579
 10665 292.146342
 10670 291.852911
 10675 303.460849
 10680 296.315308
 10685 298.198306
 10690 304.772157
 10695 292.863117
 10700 292.990901
 10705 292.876352
 10710 302.374902
 10715 304.457428
 10720 304.863725
 10725 290.789626
 10730 302.209011
 10735 304.120403
 10740 304.961753
 10745 297.266973
 10750 292.335725
 10755 296.628241
 10760 293.411576
 10765 302.482837
 10770 296.358060
 10775 301.599400
 10780 291.165523
 10785 295.839537
 10790 296.775964
 10795 303.533397
 10800 297.243890
