     5 293.005204
    10 305.354356
    15 298.815794
    20 301.262337
    25 295.676435
    30 295.069302
    35 290.936466
    40 294.718213
    45 291.219714
    50 295.934501
    55 303.808876
    60 304.216956
    65 298.147102
    70 300.501255
    75 293.766426
    80 299.823098
    85 294.410956
    90 292.096754
    95 296.573576
   100 292.089727
   105 297.756352
   110 293.109665
   115 297.440356
   120 300.569844
   125 292.869589
   130 302.025795
   135 295.703070
   140 299.850387
   145 302.235866
   150 302.209433
   155 295.543995
   160 294.917769
   165 296.706729
   170 298.893361
   175 293.387511
   180 295.435300
   185 291.231230
   190 296.842665
   195 303.610602
   200 294.692404
   205 302.682924
   210 300.540962
   215 304.904250
   220 291.359188
   225 299.207794
   230 291.413851
   235 304.388683
   240 300.184206
   245 295.708192
   250 293.970797
   255 305.427212
   260 292.526138
   265 303.997100
   270 291.648855
   275 302.383750
   280 301.759584
   285 299.295308
   290 303.972342
   295 298.340743
   300 301.203217
   305 298.383272
   310 291.308256
   315 297.508183
   320 302.793429
   325 293.983859
   330 296.812997
   335 293.658316
   340 293.464353
   345 296.246866
   350 301.518051
   355 298.634853
   360 304.897685
   365 295.524318
   370 291.139464
   375 298.341782
   380 294.547950
   385 292.159890
   390 297.951493
   395 293.897937
   400 292.604631
   405 294.956439
   410 300.764188
   415 296.010972
   420 303.455319
   425 295.184763
   430 303.132613
   435 297.628079
   440 293.606079
   445 300.109564
   450 293.437285
   455 304.935450
   460 299.292802
   465 304.129781
   470 302.275132
   475 296.354367
   480 299.756564
   485 295.074505
   490 297.714679
   495 297.661432
   500 299.890723
   505 303.522221
   510 296.943343
   515 299.906302
   520 304.541119
   525 291.886926
   530 299.896890
   535 291.805929
   540 300.675503
   545 300.287886
   550 291.331188
   555 291.121357
   560 292.381291
   565 295.912402
   570 301.662733
   575 303.514179
   580 305.185441
   585 294.330573
   590 294.684560
   595 305.512508
   600 292.268484
   605 297.144416
   610 296.828438
   615 304.797963
   620 298.044148
   625 297.175634
   630 291.614996
   635 301.442610
   640 293.573145
   645 293.495695
   650 292.776302
   655 301.189985
   660 299.550317
   665 291.012367
   670 300.605243
   675 297.905704
   680 304.164025
   685 304.575819
   690 292.378778
   695 293.899004
   700 296.291184
   705 297.095500
   710 297.132250
   715 305.519326
   720 305.542860
   725 292.576186
   730 304.901415
   735 299.319502
   740 293.258302
   745 293.675544
   750 302.922762
   755 297.548936
   760 302.431351
   765 301.763173
   770 301.913608
   775 295.984024
   780 299.231551
   785 304.823074
   790 301.211051
   795 293.680881
   800 305.047266
   805 297.759008
   810 291.373836
   815 297.344262
   820 296.859897
   825 303.866236
   830 292.666677
   835 302.240044
   840 292.532557
   845 303.968685
   850 293.159463
   855 294.471383
   860 295.341165
   865 303.335620
   870 297.256163
   875 296.973947
   880 293.020397
   885 299.367579
   890 295.098362
   895 304.106230
   900 291.146458
   905 302.551195
   910 302.197399
   915 305.593804
   920 300.356781
   925 293.246129
   930 305.331967
   935 304.199235
   940 292.554421
   945 301.328721
   950 299.068194
   955 298.339300
   960 303.963064
   965 295.362896
   970 303.495110
   975 303.353663
   980 291.334486
   985 301.436798
   990 301.216575
   995 301.620331
  1000 299.196122
  1005 304.143527
  1010 302.435603
  1015 304.312780
  1020 301.124406
  1025 299.141558
  1030 301.560845
  1035 301.594151
  1040 304.651663
  1045 297.250995
  1050 301.773370
  1055 299.622904
  1060 290.911933
  1065 300.249346
  1070 300.473881
  1075 294.530097
  1080 300.029466
  1085 298.342528
  1090 294.574027
  1095 302.391068
  1100 295.438076
  1105 294.158761
  1110 304.956988
  1115 294.539984
  1120 297.366462
  1125 294.919748
  1130 293.875871
  1135 302.252264
  1140 293.588903
  1145 298.187492
  1150 299.861891
  1155 293.671804
  1160 292.365028
  1165 301.003883
  1170 303.584584
  1175 303.061721
  1180 293.104265
  1185 303.536800
  1190 296.640998
  1195 296.885508
  1200 297.894267
  1205 300.474633
  1210 292.018902
  1215 304.052308
  1220 297.944101
  1225 291.839149
  1230 299.803843
  1235 292.393397
  1240 294.157016
  1245 294.937227
  1250 300.986558
  1255 301.868655
  1260 291.226095
  1265 293.124431
  1270 295.868913
  1275 298.017333
  1280 292.845605
  1285 293.865536
  1290 297.379733
  1295 300.290230
  1300 303.527510
  1305 292.447144
  1310 300.043852
  1315 296.906052
  1320 303.586079
  1325 302.836104
  1330 292.792294
  1335 294.908644
  1340 302.006896
  1345 302.153551
  1350 292.960461
  1355 292.984557
  1360 296.709022
  1365 293.319568
  1370 296.908002
  1375 295.233665
  1380 292.956523
  1385 298.668631
  1390 302.810064
  1395 303.220854
  1400 293.788714
  1405 296.118066
  1410 290.712009
  1415 304.686886
  1420 304.993148
  1425 292.252956
  1430 297.873884
  1435 305.557180
  1440 296.633848
  1445 300.187628
  1450 299.400475
  1455 294.680676
  1460 303.979721
  1465 296.218016
  1470 296.631194
  1475 297.785930
  1480 296.398277
  1485 294.223705
  1490 293.065800
  1495 303.157433
  1500 301.402308
  1505 295.468794
  1510 304.118841
  1515 299.616468
  1520 305.272197
  1525 305.154922
  1530 298.477961
  1535 294.803087
  1540 293.021172
  1545 294.184641
  1550 299.208181
  1555 299.121577
  1560 292.647066
  1565 300.176817
  1570 290.758100
  1575 290.894107
  1580 293.947638
  1585 299.047990
  1590 304.733782
  1595 296.365083
  1600 303.287734
  1605 302.252155
  1610 300.744165
  1615 301.157644
  1620 301.273607
  1625 296.447163
  1630 294.790076
  1635 296.755550
  1640 295.064157
  1645 300.007130
  1650 301.718798
  1655 297.115622
  1660 304.199548
  1665 295.006878
  1670 299.584733
  1675 293.314492
  1680 300.718629
  1685 292.898009
  1690 304.967504
  1695 291.164417
  1700 296.683866
  1705 297.365635
  1710 304.410334
  1715 304.493989
  1720 292.026566
  1725 297.998749
  1730 297.094118
  1735 304.906414
  1740 291.016022
  1745 292.980213
  1750 294.156473
  1755 305.637653
  1760 304.947864
  1765 299.142205
  1770 294.091985
  1775 295.859981
  1780 297.717383
  1785 292.274604
  1790 297.727506
  1795 304.282799
  1800 296.564865
  1805 305.463006
  1810 297.739224
  1815 295.729703
  1820 298.034005
  1825 302.707333
  1830 298.705739
  1835 302.160147
  1840 301.767864
  1845 291.166086
  1850 291.477528
  1855 298.995512
  1860 295.672833
  1865 304.468436
  1870 297.101926
  1875 292.587779
  1880 297.288533
  1885 304.350896
  1890 299.371518
  1895 299.107661
  1900 294.630013
  1905 291.714659
  1910 303.118763
  1915 296.313105
  1920 302.795673
  1925 294.996959
  1930 299.200860
  1935 297.732701
  1940 304.467834
  1945 295.164793
  1950 295.670104
  1955 296.858024
  1960 305.527733
  1965 302.698340
  1970 294.664275
  1975 298.526421
  1980 295.947170
  1985 293.104171
  1990 294.250935
  1995 305.610643
  2000 298.920639
  2005 296.616694
  2010 299.403723
  2015 292.679830
  2020 301.409470
  2025 298.200693
  2030 291.983352
  2035 295.738373
  2040 303.283216
  2045 305.255110
  2050 295.204349
  2055 299.704063
  2060 290.923328
  2065 302.365432
  2070 297.771146
  2075 303.145893
  2080 305.124917
  2085 294.327428
  2090 298.771717
  2095 300.064710
  2100 305.062804
  2105 304.164922
  2110 304.608516
  2115 298.726622
  2120 300.038694
  2125 304.218766
  2130 294.019193
  2135 299.476643
  2140 292.340607
  2145 298.385699
  2150 304.636077
  2155 299.304461
  2160 303.858143
  2165 295.742729
  2170 303.330827
  2175 302.424035
  2180 294.798265
  2185 297.283876
  2190 298.510944
  2195 296.282164
  2200 292.030127
  2205 303.191242
  2210 299.942652
  2215 300.620496
  2220 293.075349
  2225 297.098282
  2230 304.623107
  2235 294.172749
  2240 296.626501
  2245 294.910752
  2250 303.124304
  2255 296.789905
  2260 298.624283
  2265 297.335846
  2270 304.855919
  2275 303.691463
  2280 304.684471
  2285 294.691247
  2290 298.807049
  2295 296.571707
  2300 291.931118
  2305 296.888616
  2310 301.040896
  2315 299.856946
  2320 301.652112
  2325 297.592492
  2330 302.562087
  2335 299.823743
  2340 291.444054
  2345 300.116988
  2350 298.419649
  2355 291.919967
  2360 297.776236
  2365 304.564499
  2370 294.523798
  2375 302.443676
  2380 291.755937
  2385 303.844655
  2390 292.809075
  2395 302.846385
  2400 304.854810
  2405 298.959448
  2410 303.780177
  2415 297.850628
  2420 305.252557
  2425 293.996621
  2430 301.366804
  2435 296.132797
  2440 300.757804
  2445 303.174104
  2450 298.490865
  2455 302.263924
  2460 300.534858
  2465 298.068221
  2470 304.945111
  2475 298.594044
  2480 292.294889
  2485 301.647219
  2490 298.379822
  2495 304.584755
  2500 301.285768
  2505 302.558456
  2510 302.568836
  2515 295.325158
  2520 304.912012
  2525 305.143759
  2530 295.062367
  2535 301.678452
  2540 295.781257
  2545 297.605225
  2550 290.920505
  2555 305.089978
  2560 295.785289
  2565 296.352574
  2570 296.611783
  2575 293.639074
  2580 293.622064
  2585 294.127689
  2590 292.262105
  2595 296.527343
  2600 300.079002
  2605 303.062328
  2610 303.264937
  2615 302.797869
  2620 304.935216
  2625 291.451771
  2630 296.974908
  2635 302.938688
  2640 298.113490
  2645 295.531050
  2650 292.538529
  2655 304.032847
  2660 300.619840
  2665 300.542838
  2670 294.689021
  2675 303.014634
  2680 297.943209
  2685 305.074507
  2690 291.235015
  2695 294.822619
  2700 293.537793
  2705 295.095873
  2710 300.459585
  2715 295.096937
  2720 300.001680
  2725 299.892422
  2730 298.528795
  2735 293.489784
  2740 301.004079
  2745 301.759878
  2750 302.413269
  2755 290.662683
  2760 295.736673
  2765 305.276443
  2770 304.113358
  2775 293.460470
  2780 293.088058
  2785 290.765540
  2790 303.248640
  2795 291.567847
  2800 297.377339
  2805 304.826245
  2810 295.811276
  2815 295.291909
  2820 292.765676
  2825 293.384297
  2830 303.483887
  2835 294.385070
  2840 297.569307
  2845 295.227915
  2850 299.496967
  2855 292.227628
  2860 305.210070
  2865 292.551207
  2870 298.075317
  2875 305.451293
  2880 294.925810
  2885 291.532746
  2890 300.633478
  2895 291.024377
  2900 304.353123
  2905 304.422044
  2910 296.178669
  2915 299.994800
  2920 293.842300
  2925 296.253539
  2930 300.721961
  2935 300.273040
  2940 301.440276
  2945 299.888410
  2950 300.064017
  2955 297.034495
  2960 301.384798
  2965 305.080031
  2970 303.432541
  2975 293.055923
  2980 292.687178
  2985 300.467377
  2990 301.096195
  2995 299.488623
  3000 293.375860
  3005 302.837955
  3010 302.941890
  3015 304.466526
  3020 301.772913
  3025 302.568091
  3030 296.092425
  3035 302.306429
  3040 298.134592
  3045 301.951139
  3050 293.037503
  3055 296.210542
  3060 300.171903
  3065 292.652928
  3070 302.832078
  3075 304.569452
  3080 305.482816
  3085 298.179349
  3090 302.830998
  3095 300.513808
  3100 300.876787
  3105 296.534855
  3110 300.508630
  3115 291.919835
  3120 302.898765
  3125 295.502010
  3130 295.478123
  3135 290.819008
  3140 299.286021
  3145 300.929993
  3150 296.438609
  3155 301.310153
  3160 305.322059
  3165 292.024981
  3170 305.382798
  3175 294.764059
  3180 292.454607
  3185 298.330971
  3190 300.139050
  3195 295.035711
  3200 304.718967
  3205 302.789067
  3210 299.434958
  3215 297.314845
  3220 299.980669
  3225 294.445179
  3230 295.749304
  3235 305.644549
  3240 301.565411
  3245 302.720651
  3250 298.237287
  3255 296.686785
  3260 302.367239
  3265 303.488399
  3270 296.466802
  3275 302.880354
  3280 305.381954
  3285 301.547180
  3290 299.740804
  3295 294.119916
  3300 304.861758
  3305 297.243565
  3310 293.298049
  3315 304.435425
  3320 298.455611
  3325 292.998219
  3330 298.131248
  3335 301.438985
  3340 296.961338
  3345 305.359234
  3350 296.531644
  3355 297.319096
  3360 300.317540
  3365 299.762121
  3370 296.959263
  3375 304.281203
  3380 305.248812
  3385 299.581317
  3390 295.681066
  3395 301.641944
  3400 297.618295
  3405 298.219547
  3410 303.028742
  3415 303.667306
  3420 298.973744
  3425 301.037540
  3430 305.203661
  3435 290.779727
  3440 301.045583
  3445 304.342978
  3450 302.570945
  3455 302.968120
  3460 298.871199
  3465 297.280009
  3470 296.333044
  3475 303.230088
  3480 291.582491
  3485 297.112073
  3490 299.062229
  3495 303.210607
  3500 296.435177
  3505 297.972625
  3510 292.051204
  3515 294.934685
  3520 304.978358
  3525 292.530860
  3530 294.747964
  3535 303.478578
  3540 300.245994
  3545 297.329896
  3550 305.142389
  3555 298.948959
  3560 291.706885
  3565 304.335982
  3570 295.769334
  3575 301.477720
  3580 301.315861
  3585 298.456637
  3590 291.396587
  3595 291.905636
  3600 299.960572
  3605 302.629894
  3610 305.641339
  3615 297.719971
  3620 298.665974
  3625 304.568840
  3630 299.140403
  3635 303.908530
  3640 302.036212
  3645 290.925136
  3650 303.095315
  3655 296.204213
  3660 291.651788
  3665 299.632688
  3670 294.571899
  3675 299.278295
  3680 304.206337
  3685 298.047208
  3690 290.885923
  3695 304.512861
  3700 299.370224
  3705 297.637105
  3710 291.769159
  3715 293.797378
  3720 302.614101
  3725 298.290723
  3730 293.111414
  3735 302.854546
  3740 299.647576
  3745 294.987216
  3750 302.927039
  3755 303.353956
  3760 293.542803
  3765 304.871977
  3770 303.017406
  3775 298.624409
  3780 295.901337
  3785 297.759031
  3790 303.454399
  3795 295.922542
  3800 301.428153
  3805 300.796428
  3810 305.001950
  3815 296.239851
  3820 298.814667
  3825 298.438364
  3830 303.134551
  3835 305.463247
  3840 302.292710
  3845 292.529638
  3850 293.724740
  3855 298.756239
  3860 304.133624
  3865 298.430878
  3870 295.938422
  3875 292.844027
  3880 302.599626
  3885 296.534829
  3890 300.602285
  3895 293.181137
  3900 297.621419
  3905 292.918452
  3910 290.907211
  3915 303.448665
  3920 293.897960
  3925 302.159208
  3930 304.345627
  3935 302.861612
  3940 293.819853
  3945 298.288053
  3950 295.751084
  3955 295.285824
  3960 304.181665
  3965 304.204147
  3970 291.201201
  3975 300.793416
  3980 291.975949
  3985 291.820287
  3990 302.185004
  3995 298.569413
  4000 296.606638
  4005 300.994272
  4010 291.301784
  4015 305.589561
  4020 292.078223
  4025 303.466189
  4030 304.025489
  4035 292.713916
  4040 295.221554
  4045 293.583587
  4050 290.691372
  4055 299.261492
  4060 294.217368
  4065 305.208118
  4070 292.689563
  4075 291.555399
  4080 297.260236
  4085 300.986053
  4090 291.393721
  4095 295.557398
  4100 305.120066
  4105 292.105543
  4110 297.548725
  4115 298.829468
  4120 301.926985
  4125 298.915339
  4130 305.191028
  4135 302.559629
  4140 304.021194
  4145 295.518084
  4150 300.108361
  4155 293.269461
  4160 292.742646
  4165 294.368624
  4170 305.017234
  4175 293.744117
  4180 294.338071
  4185 290.951188
  4190 301.169549
  4195 290.750260
  4200 297.551573
  4205 297.624050
  4210 296.151256
  4215 297.447665
  4220 305.646815
  4225 290.951983
  4230 292.101945
  4235 301.651243
  4240 297.766037
  4245 297.302172
  4250 304.609137
  4255 294.757816
  4260 298.618244
  4265 303.794587
  4270 301.704083
  4275 303.022030
  4280 301.833392
  4285 304.498772
  4290 304.136507
  4295 294.777182
  4300 298.861077
  4305 292.306473
  4310 304.063746
  4315 298.583889
  4320 297.289732
  4325 303.676149
  4330 295.036732
  4335 295.541506
  4340 304.476127
  4345 294.205062
  4350 305.625019
  4355 299.493483
  4360 301.953802
  4365 297.867668
  4370 292.179632
  4375 297.466482
  4380 301.856157
  4385 300.701905
  4390 304.489820
  4395 295.734762
  4400 294.789238
  4405 292.335124
  4410 295.897663
  4415 300.905567
  4420 295.744867
  4425 303.043448
  4430 302.541119
  4435 304.233570
  4440 295.172103
  4445 300.167144
  4450 293.837551
  4455 294.307622
  4460 305.480584
  4465 301.616138
  4470 304.298403
  4475 298.940234
  4480 293.935983
  4485 296.552435
  4490 302.657122
  4495 300.290071
  4500 295.153951
  4505 297.072908
  4510 297.322438
  4515 305.262660
  4520 302.379796
  4525 292.461000
  4530 292.057021
  4535 301.378992
  4540 294.011874
  4545 303.431849
  4550 303.992413
  4555 294.514503
  4560 299.842782
  4565 293.806875
  4570 304.309114
  4575 296.347060
  4580 300.819653
  4585 291.933688
  4590 293.607563
  4595 301.247930
  4600 300.655035
  4605 296.539536
  4610 291.786164
  4615 303.199861
  4620 297.473581
  4625 290.857390
  4630 301.500162
  4635 291.333460
  4640 301.918876
  4645 297.375495
  4650 303.015640
  4655 291.760382
  4660 303.433822
  4665 292.067560
  4670 298.054423
  4675 298.420392
  4680 301.126762
  4685 303.489243
  4690 300.013641
  4695 300.910726
  4700 290.746662
  4705 303.027646
  4710 300.946072
  4715 301.699745
  4720 298.329407
  4725 304.306470
  4730 291.666364
  4735 305.297164
  4740 292.287476
  4745 294.843926
  4750 293.464555
  4755 298.910347
  4760 292.122162
  4765 303.388308
  4770 299.771061
  4775 304.940806
  4780 298.285990
  4785 299.955607
  4790 300.027283
  4795 298.906554
  4800 302.939022
  4805 303.654991
  4810 291.902855
  4815 293.315314
  4820 299.996515
  4825 303.532432
  4830 292.367759
  4835 304.324026
  4840 301.213242
  4845 304.545872
  4850 304.234618
  4855 292.479641
  4860 299.808099
  4865 296.910727
  4870 296.360670
  4875 302.242984
  4880 297.416969
  4885 296.145487
  4890 296.599466
  4895 297.737946
  4900 294.239241
  4905 294.556213
  4910 302.320570
  4915 303.164269
  4920 303.285311
  4925 294.292218
  4930 299.651631
  4935 294.284841
  4940 304.171488
  4945 294.405225
  4950 299.186412
  4955 297.819718
  4960 303.154177
  4965 299.400759
  4970 302.160716
  4975 295.917509
  4980 290.926110
  4985 298.459510
  4990 301.267424
  4995 294.734471
  5000 295.505722
  5005 300.412719
  5010 301.131411
  5015 292.393369
  5020 297.617137
  5025 294.917389
  5030 290.996009
  5035 303.026126
  5040 301.473648
  5045 300.361413
  5050 301.867567
  5055 296.375767
  5060 299.623215
  5065 293.572799
  5070 298.752663
  5075 305.600206
  5080 295.292766
  5085 292.858968
  5090 294.471717
  5095 303.367245
  5100 302.863255
  5105 298.965783
  5110 296.307846
  5115 301.222256
  5120 302.617410
  5125 292.038164
  5130 293.249270
  5135 302.662469
  5140 302.096513
  5145 294.481088
  5150 305.156193
  5155 292.222844
  5160 303.517039
  5165 305.600492
  5170 296.708189
  5175 301.030177
  5180 304.629028
  5185 303.923240
  5190 293.598978
  5195 305.402967
  5200 294.364012
  5205 304.473167
  5210 295.226074
  5215 303.487316
  5220 303.932477
  5225 301.799930
  5230 302.196115
  5235 294.257114
  5240 305.328587
  5245 295.754864
  5250 292.943985
  5255 297.963675
  5260 295.843895
  5265 299.309768
  5270 298.811457
  5275 291.843381
  5280 299.554543
  5285 300.917967
  5290 301.006604
  5295 298.506984
  5300 303.561654
  5305 295.169667
  5310 305.482082
  5315 298.662163
  5320 299.008076
  5325 297.246352
  5330 304.749027
  5335 290.951671
  5340 295.514087
  5345 305.305668
  5350 297.534106
  5355 296.681701
  5360 291.482907
  5365 305.161026
  5370 298.551308
  5375 300.722785
  5380 291.213200
  5385 304.930522
  5390 298.334213
  5395 292.585671
  5400 303.425660
  5405 302.449330
  5410 301.650989
  5415 294.409686
  5420 298.093442
  5425 300.733648
  5430 293.062845
  5435 295.485906
  5440 292.236110
  5445 297.656806
  5450 302.046765
  5455 291.509314
  5460 292.126889
  5465 302.636318
  5470 294.511197
  5475 299.153524
  5480 291.150401
  5485 291.707848
  5490 299.254050
  5495 291.846874
  5500 298.859317
  5505 297.051466
  5510 292.544534
  5515 297.829852
  5520 305.133549
  5525 293.558199
  5530 291.250164
  5535 302.431075
  5540 296.170735
  5545 295.238415
  5550 291.355412
  5555 294.396481
  5560 294.333037
  5565 299.692784
  5570 293.542486
  5575 294.835447
  5580 304.598716
  5585 302.499881
  5590 301.970318
  5595 300.568848
  5600 295.905097
  5605 290.707459
  5610 294.865953
  5615 304.590822
  5620 290.947377
  5625 291.131985
  5630 293.239595
  5635 300.545217
  5640 300.466953
  5645 292.297208
  5650 302.333018
  5655 294.205911
  5660 292.069967
  5665 294.388278
  5670 300.679130
  5675 292.527688
  5680 301.848915
  5685 304.202586
  5690 293.515957
  5695 291.226055
  5700 302.915399
  5705 303.757370
  5710 298.367250
  5715 303.012915
  5720 302.348756
  5725 292.684274
  5730 293.633596
  5735 294.375241
  5740 295.673421
  5745 290.766691
  5750 294.606430
  5755 301.643940
  5760 296.295878
  5765 295.004856
  5770 291.434152
  5775 291.564907
  5780 303.304405
  5785 293.496004
  5790 296.439488
  5795 303.470086
  5800 302.392866
  5805 304.601451
  5810 302.483436
  5815 295.015978
  5820 297.335919
  5825 295.771938
  5830 296.544374
  5835 297.361986
  5840 294.352817
  5845 294.155785
  5850 299.887722
  5855 303.903251
  5860 303.941512
  5865 300.656060
  5870 303.349030
  5875 302.936394
  5880 292.465063
  5885 296.149138
  5890 299.941667
  5895 301.411790
  5900 291.020514
  5905 303.326008
  5910 302.846944
  5915 298.887839
  5920 296.370315
  5925 298.378906
  5930 299.678363
  5935 303.275045
  5940 303.385691
  5945 301.212918
  5950 298.853686
  5955 304.104493
  5960 294.361440
  5965 294.829291
  5970 290.787240
  5975 295.901741
  5980 304.673333
  5985 293.628584
  5990 297.423404
  5995 300.225607
  6000 293.441829
  6005 303.416790
  6010 301.613047
  6015 294.035310
  6020 299.504658
  6025 294.347566
  6030 304.726771
  6035 292.925092
  6040 298.876123
  6045 300.556779
  6050 290.832496
  6055 300.673238
  6060 302.277849
  6065 293.093184
  6070 298.858672
  6075 303.085254
  6080 303.306073
  6085 301.507847
  6090 292.862019
  6095 291.834919
  6100 301.597671
  6105 295.665590
  6110 296.126984
  6115 290.953911
  6120 296.696794
  6125 296.563060
  6130 300.134776
  6135 292.415673
  6140 298.110437
  6145 297.865430
  6150 292.748246
  6155 299.468846
  6160 304.328580
  6165 298.029372
  6170 291.807339
  6175 291.909788
  6180 302.709860
  6185 295.615162
  6190 297.121355
  6195 292.697454
  6200 293.077070
  6205 294.283530
  6210 294.145418
  6215 305.152114
  6220 299.183902
  6225 293.052828
  6230 293.547020
  6235 292.528861
  6240 299.193102
  6245 293.101080
  6250 291.940376
  6255 299.323220
  6260 294.457436
  6265 298.891229
  6270 302.289042
  6275 291.934370
  6280 291.933116
  6285 303.958926
  6290 297.948151
  6295 299.551494
  6300 296.712807
  6305 292.382090
  6310 298.851196
  6315 303.765158
  6320 296.955939
  6325 302.030013
  6330 298.293168
  6335 302.117631
  6340 300.962589
  6345 292.475451
  6350 297.967997
  6355 294.118032
  6360 297.298453
  6365 295.320991
  6370 294.227701
  6375 302.691087
  6380 293.646247
  6385 296.006123
  6390 304.716076
  6395 305.152263
  6400 300.522467
  6405 302.074847
  6410 298.422987
  6415 298.512445
  6420 295.838366
  6425 296.680810
  6430 291.849189
  6435 293.048469
  6440 297.036942
  6445 296.870360
  6450 303.834824
  6455 294.491267
  6460 294.989228
  6465 304.215280
  6470 299.023884
  6475 304.099606
  6480 305.543674
  6485 292.981994
  6490 301.866390
  6495 295.477998
  6500 295.069467
  6505 291.639539
  6510 304.564999
  6515 297.885878
  6520 297.901368
  6525 298.372401
  6530 298.101521
  6535 301.726048
  6540 296.759095
  6545 297.720634
  6550 298.503897
  6555 301.727811
  6560 305.579227
  6565 301.026483
  6570 293.840377
  6575 299.843462
  6580 301.028284
  6585 291.537099
  6590 297.253104
  6595 302.936138
  6600 300.838947
  6605 301.660351
  6610 294.387967
  6615 303.269718
  6620 291.163406
  6625 301.127601
  6630 301.080478
  6635 298.332630
  6640 301.010738
  6645 303.497477
  6650 299.665612
  6655 291.858222
  6660 292.242999
  6665 292.669580
  6670 299.818261
  6675 298.080115
  6680 294.706896
  6685 295.809797
  6690 293.210844
  6695 299.239591
  6700 294.172401
  6705 291.750284
  6710 291.628676
  6715 295.640122
  6720 294.833022
  6725 304.527187
  6730 300.521381
  6735 299.158579
  6740 296.459692
  6745 301.786828
  6750 291.371436
  6755 297.676261
  6760 293.876413
  6765 291.926794
  6770 292.181526
  6775 303.051647
  6780 300.056833
  6785 304.274245
  6790 296.816017
  6795 292.346110
  6800 299.543213
  6805 296.988450
  6810 295.653683
  6815 302.886260
  6820 300.832453
  6825 301.727094
  6830 303.616532
  6835 297.038235
  6840 292.150430
  6845 303.715521
  6850 301.175351
  6855 291.079577
  6860 301.829368
  6865 295.776543
  6870 299.951336
  6875 297.761811
  6880 292.197374
  6885 298.089393
  6890 301.440998
  6895 297.957031
  6900 292.267184
  6905 294.630364
  6910 298.991720
  6915 305.114053
  6920 290.939274
  6925 299.551027
  6930 303.002536
  6935 292.180893
  6940 300.706470
  6945 304.173903
  6950 293.153638
  6955 292.782644
  6960 291.938737
  6965 297.317815
  6970 300.717815
  6975 291.129929
  6980 292.346368
  6985 299.952157
  6990 302.178017
  6995 302.535313
  7000 291.031198
  7005 301.031820
  7010 295.196231
  7015 295.332792
  7020 290.917972
  7025 292.287927
  7030 299.219432
  7035 300.988331
  7040 305.064570
  7045 296.789742
  7050 303.763916
  7055 299.835842
  7060 301.564494
  7065 291.283853
  7070 291.362043
  7075 295.867081
  7080 295.303787
  7085 297.527481
  7090 304.855879
  7095 297.806839
  7100 301.344927
  7105 294.788957
  7110 295.594530
  7115 298.285483
  7120 304.576486
  7125 293.865568
  7130 297.111613
  7135 296.270121
  7140 290.650129
  7145 298.504704
  7150 300.179329
  7155 302.322279
  7160 304.418518
  7165 296.625538
  7170 294.063540
  7175 303.957868
  7180 299.279262
  7185 303.528813
  7190 293.414369
  7195 292.025250
  7200 299.612843
  7205 299.564181
  7210 292.011902
  7215 292.688257
  7220 295.072407
  7225 299.905319
  7230 301.938166
  7235 290.917616
  7240 293.459875
  7245 297.658909
  7250 301.700740
  7255 291.155068
  7260 302.366135
  7265 292.256786
  7270 292.244314
  7275 299.916698
  7280 303.674466
  7285 301.346053
  7290 296.229655
  7295 296.909454
  7300 297.137947
  7305 291.053626
  7310 299.437170
  7315 291.129628
  7320 305.151533
  7325 297.497535
  7330 300.763207
  7335 290.987576
  7340 303.158490
  7345 292.123154
  7350 291.184716
  7355 294.793246
  7360 293.012286
  7365 295.184934
  7370 292.255430
  7375 295.773248
  7380 292.093732
  7385 304.182403
  7390 297.944991
  7395 300.719832
  7400 298.979949
  7405 296.604339
  7410 291.207881
  7415 292.451216
  7420 305.011404
  7425 297.623450
  7430 302.891528
  7435 298.540197
  7440 304.145862
  7445 302.764327
  7450 301.504603
  7455 291.290763
  7460 295.628358
  7465 295.239755
  7470 291.707164
  7475 297.315262
  7480 301.856122
  7485 293.136448
  7490 299.108735
  7495 291.475721
  7500 298.697037
  7505 300.784470
  7510 295.452450
  7515 302.889333
  7520 302.508424
  7525 305.432078
  7530 304.231885
  7535 295.574716
  7540 291.340041
  7545 295.065305
  7550 296.850511
  7555 301.214638
  7560 295.151230
  7565 292.556645
  7570 304.476363
  7575 291.594661
  7580 291.113540
  7585 300.611647
  7590 292.557046
  7595 298.795691
  7600 294.182487
  7605 302.503820
  7610 294.858052
  7615 296.624738
  7620 298.272432
  7625 305.075716
  7630 292.785447
  7635 296.825827
  7640 302.675781
  7645 297.545229
  7650 303.009412
  7655 295.234535
  7660 294.379394
  7665 291.452292
  7670 303.703513
  7675 303.395879
  7680 304.187352
  7685 300.168998
  7690 298.772737
  7695 298.267688
  7700 294.820183
  7705 296.458417
  7710 291.628714
  7715 296.923335
  7720 304.436363
  7725 290.749947
  7730 299.959524
  7735 292.626758
  7740 304.830743
  7745 294.900938
  7750 303.170721
  7755 305.010262
  7760 295.794348
  7765 293.134048
  7770 294.023100
  7775 296.189655
  7780 293.916289
  7785 303.281572
  7790 295.506386
  7795 304.518309
  7800 301.594555
  7805 302.166526
  7810 297.229597
  7815 302.719131
  7820 302.470192
  7825 295.463962
  7830 293.657495
  7835 301.544695
  7840 301.009455
  7845 296.909583
  7850 298.694549
  7855 304.721798
  7860 301.890550
  7865 295.284255
  7870 301.083648
  7875 290.846055
  7880 297.179257
  7885 300.892442
  7890 305.209959
  7895 299.632692
  7900 301.760832
  7905 300.909841
  7910 301.982383
  7915 300.328057
  7920 297.842687
  7925 292.330944
  7930 293.300999
  7935 305.419838
  7940 298.720135
  7945 302.650260
  7950 304.997475
  7955 301.603565
  7960 304.694585
  7965 305.058581
  7970 297.692386
  7975 292.244687
  7980 305.519764
  7985 295.242611
  7990 291.774629
  7995 296.881891
  8000 301.376669
  8005 302.117373
  8010 292.783029
  8015 299.753080
  8020 301.437335
  8025 301.555878
  8030 293.074392
  8035 301.187062
  8040 290.928116
  8045 294.401111
  8050 302.822029
  8055 304.733033
  8060 293.430483
  8065 302.343847
  8070 300.788588
  8075 304.302049
  8080 295.141345
  8085 296.477207
  8090 292.458838
  8095 294.871947
  8100 294.908564
  8105 301.232593
  8110 290.790520
  8115 303.949366
  8120 298.132032
  8125 297.055780
  8130 304.067025
  8135 304.898333
  8140 301.760637
  8145 300.850550
  8150 294.479875
  8155 291.057492
  8160 302.576368
  8165 294.006906
  8170 299.185103
  8175 292.748951
  8180 293.426507
  8185 295.230393
  8190 304.300486
  8195 293.473405
  8200 291.454510
  8205 290.771552
  8210 297.323071
  8215 303.200247
  8220 295.703292
  8225 303.287283
  8230 303.451433
  8235 297.701279
  8240 302.544920
  8245 302.432038
  8250 296.177216
  8255 299.688339
  8260 304.572181
  8265 298.510943
  8270 300.088868
  8275 303.972766
  8280 301.303016
  8285 300.213295
  8290 292.914904
  8295 301.025790
  8300 293.548055
  8305 297.910779
  8310 302.917540
  8315 303.419144
  8320 296.090659
  8325 299.859284
  8330 303.475225
  8335 291.426898
  8340 293.504354
  8345 301.944647
  8350 295.454021
  8355 297.537302
  8360 303.792669
  8365 302.780942
  8370 291.384250
  8375 292.522335
  8380 303.593648
  8385 293.468010
  8390 302.853987
  8395 292.868626
  8400 299.561466
  8405 303.441390
  8410 304.815048
  8415 295.087192
  8420 292.909301
  8425 293.076787
  8430 296.772002
  8435 291.901069
  8440 305.465584
  8445 301.427539
  8450 303.096984
  8455 300.065165
  8460 299.043829
  8465 300.488655
  8470 299.604699
  8475 297.958756
  8480 303.357143
  8485 300.304146
  8490 297.841881
  8495 303.278035
  8500 291.131321
  8505 292.264788
  8510 300.767957
  8515 300.414581
  8520 303.732258
  8525 295.167218
  8530 292.564234
  8535 303.269319
  8540 290.757102
  8545 293.599458
  8550 292.183794
  8555 296.923989
  8560 293.822207
  8565 305.118890
  8570 294.677266
  8575 299.025811
  8580 291.814917
  8585 293.968453
  8590 293.379907
  8595 302.526703
  8600 302.545227
  8605 291.976979
  8610 296.647685
  8615 304.076024
  8620 296.330937
  8625 293.082576
  8630 292.430529
  8635 302.783449
  8640 296.990922
  8645 304.566500
  8650 303.989672
  8655 303.808850
  8660 293.884104
  8665 301.706950
  8670 295.528150
  8675 298.700754
  8680 304.861238
  8685 300.610399
  8690 297.593565
  8695 294.394949
  8700 292.969910
  8705 296.235183
  8710 299.459703
  8715 290.665623
  8720 301.877820
  8725 292.960828
  8730 303.123698
  8735 298.664636
  8740 293.703293
  8745 297.326093
  8750 299.487404
  8755 299.715506
  8760 299.319603
  8765 301.838847
  8770 304.882605
  8775 301.436485
  8780 294.247679
  8785 297.260247
  8790 302.977493
  8795 291.162974
  8800 295.373642
  8805 300.219189
  8810 297.463630
  8815 305.430433
  8820 302.619045
  8825 302.628388
  8830 300.142611
  8835 292.020944
  8840 294.420607
  8845 297.382747
  8850 295.400979
  8855 302.708373
  8860 296.595042
  8865 293.174404
  8870 291.170535
  8875 290.722774
  8880 299.768486
  8885 305.415777
  8890 292.156667
  8895 303.165660
  8900 291.402551
  8905 300.275573
  8910 301.919997
  8915 297.779059
  8920 297.303251
  8925 297.822573
  8930 303.173601
  8935 298.341801
  8940 293.354539
  8945 290.683087
  8950 294.695369
  8955 292.150007
  8960 297.807502
  8965 296.464711
  8970 293.613012
  8975 294.757446
  8980 302.089687
  8985 297.449504
  8990 298.226938
  8995 294.642241
  9000 293.481632
  9005 300.556904
  9010 298.811919
  9015 303.209580
  9020 293.070892
  9025 291.970186
  9030 294.052838
  9035 296.400337
  9040 293.236433
  9045 303.763749
  9050 290.809559
  9055 291.034634
  9060 294.901500
  9065 299.662250
  9070 303.459140
  9075 296.941361
  9080 298.466559
  9085 295.584804
  9090 301.242650
  9095 291.217075
  9100 296.613698
  9105 298.343124
  9110 295.753183
  9115 298.756415
  9120 290.858781
  9125 294.885635
  9130 294.188505
  9135 293.285309
  9140 300.431355
  9145 303.885817
  9150 291.292801
  9155 295.607003
  9160 292.789598
  9165 296.178790
  9170 297.320780
  9175 293.316785
  9180 297.315211
  9185 304.988284
  9190 301.937919
  9195 298.119609
  9200 296.726587
  9205 295.857706
  9210 299.427720
  9215 291.064205
  9220 291.468298
  9225 303.153486
  9230 299.980547
  9235 302.033649
  9240 295.368080
  9245 305.614553
  9250 292.577318
  9255 292.842371
  9260 295.448056
  9265 301.137374
  9270 292.602872
  9275 290.816002
  9280 295.392222
  9285 295.378208
  9290 296.397024
  9295 297.267863
  9300 300.884565
  9305 292.154661
  9310 299.500543
  9315 296.946838
  9320 292.565726
  9325 297.407156
  9330 292.410493
  9335 292.285251
  9340 292.155290
  9345 299.493425
  9350 292.133800
  9355 292.802202
  9360 293.909731
  9365 295.481776
  9370 292.616424
  9375 297.078115
  9380 296.716345
  9385 300.579783
  9390 300.307246
  9395 300.092067
  9400 295.671207
  9405 296.191567
  9410 294.860324
  9415 292.789410
  9420 301.079167
  9425 301.439426
  9430 300.039562
  9435 301.866382
  9440 297.761028
  9445 290.801514
  9450 299.056800
  9455 298.195851
  9460 293.516682
  9465 303.983350
  9470 304.976624
  9475 304.287834
  9480 303.812960
  9485 301.820116
  9490 295.696116
  9495 299.626900
  9500 304.351760
  9505 292.340177
  9510 296.620703
  9515 303.736890
  9520 303.374200
  9525 291.944938
  9530 300.206391
  9535 296.036067
  9540 294.557052
  9545 294.578575
  9550 295.643604
  9555 297.061516
  9560 304.788811
  9565 304.382927
  9570 302.640485
  9575 302.572949
  9580 297.825101
  9585 300.705724
  9590 298.718185
  9595 302.321871
  9600 298.850348
  9605 304.024439
  9610 300.695869
  9615 298.619796
  9620 298.695064
  9625 294.005249
  9630 299.483457
  9635 293.598172
  9640 299.475266
  9645 292.392491
  9650 292.229651
  9655 294.847636
  9660 297.260547
  9665 290.822452
  9670 292.163612
  9675 297.555890
  9680 302.130387
  9685 291.749102
  9690 295.923610
  9695 304.604320
  9700 300.226377
  9705 305.595802
  9710 297.794329
  9715 291.026298
  9720 301.270147
  9725 301.257200
  9730 297.396212
  9735 304.963408
  9740 299.578065
  9745 299.906544
  9750 291.231329
  9755 297.448576
  9760 305.271966
  9765 299.459657
  9770 293.320340
  9775 293.183929
  9780 300.469779
  9785 292.101937
  9790 298.935132
  9795 291.690626
  9800 303.998407
  9805 299.701142
  9810 301.619879
  9815 302.211458
  9820 298.291758
  9825 293.199983
  9830 304.043230
  9835 302.575812
  9840 297.955004
  9845 299.093041
  9850 291.715777
  9855 297.709879
  9860 302.949566
  9865 291.058576
  9870 300.392573
  9875 304.480208
  9880 295.596080
  9885 304.272300
  9890 295.880197
  9895 296.639194
  9900 301.350646
  9905 300.335627
  9910 296.407378
  9915 296.916389
  9920 298.481489
  9925 296.639772
  9930 304.068249
  9935 292.492497
  9940 302.574469
  9945 294.910188
  9950 300.233143
  9955 299.362807
  9960 295.704279
  9965 294.774497
  9970 298.409254
  9975 300.052965
  9980 304.375047
  9985 295.902655
  9990 292.780655
  9995 303.429912
 10000 300.997043
 10005 291.663204
 10010 302.910417
 10015 295.399671
 10020 300.724472
 10025 294.752003
 10030 300.016406
 10035 301.497221
 10040 303.733266
 10045 291.136434
 10050 304.669621
 10055 301.651714
 10060 304.446632
 10065 290.765355
 10070 302.478592
 10075 294.490739
 10080 299.321986
 10085 295.510323
 10090 301.291607
 10095 295.040644
 10100 303.410771
 10105 299.897008
 10110 293.449863
 10115 301.734700
 10120 294.987508
 10125 300.983122
 10130 293.522870
 10135 291.370563
 10140 299.941031
 10145 296.566842
 10150 301.496078
 10155 293.943522
 10160 303.760587
 10165 304.167923
 10170 298.356367
 10175 294.431835
 10180 301.423987
 10185 292.984514
 10190 304.445786
 10195 301.565279
 10200 302.122335
 10205 301.796028
 10210 291.154456
 10215 295.258849
 10220 295.811423
 10225 301.391638
 10230 293.218948
 10235 304.326231
 10240 302.390997
 10245 304.167509
 10250 303.167840
 10255 295.709673
 10260 297.520399
 10265 298.027421
 10270 291.910943
 10275 291.058877
 10280 298.702998
 10285 301.712383
 10290 300.220841
 10295 294.855720
 10300 291.533537
 10305 291.211004
 10310 297.923039
 10315 291.584508
 10320 298.030918
 10325 305.184146
 10330 292.263112
 10335 299.098965
 10340 303.097845
 10345 293.824439
 10350 299.350724
 10355 298.146645
 10360 299.793212
 10365 296.163632
 10370 296.084199
 10375 304.527971
 10380 301.328518
 10385 302.556503
 10390 297.528681
 10395 302.964382
 10400 302.644314
 10405 300.841711
 10410 292.071383
 10415 294.709490
 10420 305.635217
 10425 296.293784
 10430 299.261595
 10435 296.416951
 10440 298.106451
 10445 303.279067
 10450 296.089754
 10455 292.854061
 10460 305.397697
 10465 302.087179
 10470 302.662067
 10475 302.823934
 10480 304.541832
 10485 304.729097
 10490 295.372525
 10495 304.684258
 10500 293.985985
 10505 291.956855
 10510 295.001716
 10515 301.741006
 10520 295.550386
 10525 305.271083
 10530 299.359225
 10535 294.519815
 10540 303.231845
 10545 300.435695
 10550 299.251924
 10555 297.618339
 10560 293.083315
 10565 295.330438
 10570 292.630150
 10575 299.785489
 10580 300.528308
 10585 299.056380
 10590 304.031532
 10595 305.293289
 10600 293.729524
 10605 294.552532
 10610 292.865742
 10615 300.635212
 10620 304.084128
 10625 297.126976
 10630 300.813175
 10635 305.050057
 10640 291.628148
 10645 293.927795
 10650 295.841563
 10655 296.459874
 10660 290.912712
 10665 299.081674
 10670 305.055604
 10675 298.881083
 10680 292.859462
 10685 302.146731
 10690 297.078631
 10695 293.483936
 10700 299.974262
 10705 301.818728
 10710 305.271778
 10715 301.676361
 10720 300.257781
 10725 293.862290
 10730 297.888937
 10735 299.944993
 10740 297.475112
 10745 294.129003
 10750 302.579662
 10755 301.085346
 10760 297.803293
 10765 295.096812
 10770 293.638855
 10775 293.768434
 10780 300.453600
 10785 295.704431
 10790 304.603237
 10795 298.572212
 10800 300.790196
