     5 298.338077
    10 294.833295
    15 290.893905
    20 298.870455
    25 294.362849
    30 303.793502
    35 295.439427
    40 301.919238
    45 292.024064
    50 302.092286
    55 295.249845
    60 295.918807
    65 295.885020
    70 292.891891
    75 302.231823
    80 302.885967
    85 297.332585
    90 291.922588
    95 301.781057
   100 300.931328
   105 293.332136
   110 305.628415
   115 290.828039
   120 298.311472
   125 298.735253
   130 296.474285
   135 299.730087
   140 299.160621
   145 298.082015
   150 298.726860
   155 295.327136
   160 291.444845
   165 303.988970
   170 302.423626
   175 299.222548
   180 292.426167
   185 291.934789
   190 299.186955
   195 302.928004
   200 302.994519
   205 292.824650
   210 294.613908
   215 297.815061
   220 301.538631
   225 301.685395
   230 293.609378
   235 291.714278
   240 295.522065
   245 301.693498
   250 294.097719
   255 297.451804
   260 302.272093
   265 299.421455
   270 300.934082
   275 295.288794
   280 296.454942
   285 292.712677
   290 297.142303
   295 299.078766
   300 304.310310
   305 302.290790
   310 296.809288
   315 304.227996
   320 300.695469
   325 297.158795
   330 298.668730
   335 292.626280
   340 299.313198
   345 299.339091
   350 299.116051
   355 305.521842
   360 305.623029
   365 294.253368
   370 301.473290
   375 293.241283
   380 304.231349
   385 302.312895
   390 303.557206
   395 302.512945
   400 292.017238
   405 296.982700
   410 305.042331
   415 293.196759
   420 304.629569
   425 302.980605
   430 297.516167
   435 299.906310
   440 302.099202
   445 304.993518
   450 291.680347
   455 295.613950
   460 294.937964
   465 301.653854
   470 294.398119
   475 296.017363
   480 292.477412
   485 296.701226
   490 305.035116
   495 304.416896
   500 302.536536
   505 292.261276
   510 300.707638
   515 302.582690
   520 293.181842
   525 302.535733
   530 293.885995
   535 298.279550
   540 293.359244
   545 291.363805
   550 303.037210
   555 291.931907
   560 297.053288
   565 295.491595
   570 299.509662
   575 303.676784
   580 299.889533
   585 302.138094
   590 294.310363
   595 296.380435
   600 302.951055
   605 296.667327
   610 299.326334
   615 300.758326
   620 298.930624
   625 294.929888
   630 292.009885
   635 302.577682
   640 299.664234
   645 298.337150
   650 291.521284
   655 302.305177
   660 297.639703
   665 303.927983
   670 300.614452
   675 295.994217
   680 304.827690
   685 294.399472
   690 303.404795
   695 298.019250
   700 297.073568
   705 297.232215
   710 294.396170
   715 301.307688
   720 300.267503
   725 292.995071
   730 299.120231
   735 294.008958
   740 304.630325
   745 303.813591
   750 293.731700
   755 297.712310
   760 292.987679
   765 292.469248
   770 292.717155
   775 303.022034
   780 294.028636
   785 304.465050
   790 303.437948
   795 303.024184
   800 299.443534
   805 300.505907
   810 292.410357
   815 301.789843
   820 290.750917
   825 302.172027
   830 302.025292
   835 295.347254
   840 291.082050
   845 301.870923
   850 291.812082
   855 295.451007
   860 301.920128
   865 298.405575
   870 296.068794
   875 297.970013
   880 302.369602
   885 294.122078
   890 300.144868
   895 294.699365
   900 300.074148
   905 298.298601
   910 300.742766
   915 292.129429
   920 300.855055
   925 305.117609
   930 301.543075
   935 294.781360
   940 291.919277
   945 290.963650
   950 300.419258
   955 295.836352
   960 294.969772
   965 293.875740
   970 298.033998
   975 304.306732
   980 294.923986
   985 299.491107
   990 303.315474
   995 305.443127
  1000 305.014084
  1005 297.241409
  1010 300.396163
  1015 294.744751
  1020 295.771728
  1025 298.344690
  1030 303.443492
  1035 293.359143
  1040 292.784606
  1045 301.283779
  1050 300.403475
  1055 299.019142
  1060 296.684610
  1065 294.255728
  1070 298.427033
  1075 305.492174
  1080 299.479112
  1085 305.022873
  1090 305.100818
  1095 293.403608
  1100 295.616161
  1105 301.112699
  1110 294.516509
  1115 300.992320
  1120 302.333096
  1125 296.885057
  1130 302.424012
  1135 297.162599
  1140 292.288045
  1145 299.062571
  1150 297.162331
  1155 296.825126
  1160 301.536433
  1165 305.395486
  1170 299.814693
  1175 301.733714
  1180 297.017794
  1185 303.932440
  1190 305.435762
  1195 299.966052
  1200 295.516739
  1205 304.174076
  1210 300.713462
  1215 300.266214
  1220 304.794692
  1225 302.509482
  1230 291.128789
  1235 297.148109
  1240 294.788761
  1245 291.538653
  1250 293.162217
  1255 291.336340
  1260 293.414998
  1265 295.937269
  1270 296.041794
  1275 297.207590
  1280 294.983310
  1285 291.807146
  1290 291.566308
  1295 302.062265
  1300 302.797863
  1305 299.958169
  1310 305.110947
  1315 298.313912
  1320 292.962005
  1325 302.511840
  1330 300.719113
  1335 291.599566
  1340 301.718489
  1345 304.440097
  1350 294.492528
  1355 299.303197
  1360 293.095949
  1365 300.149226
  1370 303.532644
  1375 298.313015
  1380 292.892168
  1385 303.361837
  1390 297.081494
  1395 294.973871
  1400 294.142886
  1405 303.294438
  1410 302.514843
  1415 297.156642
  1420 292.731831
  1425 298.055417
  1430 294.064791
  1435 294.839609
  1440 297.080989
  1445 294.450199
  1450 292.083332
  1455 297.553026
  1460 291.004252
  1465 290.904996
  1470 304.425498
  1475 298.541500
  1480 301.098845
  1485 296.164373
  1490 291.378008
  1495 300.338303
  1500 298.606692
  1505 301.205926
  1510 301.433281
  1515 301.342282
  1520 292.146182
  1525 294.735119
  1530 296.575934
  1535 295.997628
  1540 301.340383
  1545 296.732095
  1550 291.686815
  1555 304.249885
  1560 293.736264
  1565 296.087882
  1570 292.631734
  1575 299.355821
  1580 304.416990
  1585 299.057897
  1590 292.293471
  1595 300.392590
  1600 304.889158
  1605 290.747515
  1610 292.397305
  1615 304.191150
  1620 298.271746
  1625 293.454311
  1630 305.194587
  1635 302.833204
  1640 301.670161
  1645 294.593773
  1650 304.360828
  1655 303.897615
  1660 291.079341
  1665 301.396353
  1670 305.393350
  1675 304.197043
  1680 295.363461
  1685 295.990827
  1690 294.181622
  1695 294.527146
  1700 303.861180
  1705 298.581676
  1710 297.535718
  1715 303.869490
  1720 299.154084
  1725 297.621291
  1730 295.515216
  1735 304.868467
  1740 301.949440
  1745 299.454954
  1750 302.480117
  1755 300.285814
  1760 302.533499
  1765 303.054303
  1770 294.790990
  1775 296.262504
  1780 293.752342
  1785 298.363323
  1790 304.969637
  1795 291.792193
  1800 297.691472
  1805 299.696835
  1810 298.102976
  1815 296.787983
  1820 305.516183
  1825 303.352728
  1830 296.863469
  1835 296.461044
  1840 297.567926
  1845 304.890011
  1850 302.083916
  1855 300.415962
  1860 303.116161
  1865 299.420790
  1870 292.063775
  1875 295.470368
  1880 296.950632
  1885 301.802883
  1890 299.794178
  1895 298.514799
  1900 295.096139
  1905 293.580393
  1910 299.698717
  1915 302.893127
  1920 303.128126
  1925 303.394080
  1930 303.965852
  1935 305.178877
  1940 291.596241
  1945 291.593215
  1950 297.454337
  1955 294.244558
  1960 298.487920
  1965 296.585290
  1970 293.180856
  1975 292.903998
  1980 297.707778
  1985 299.837655
  1990 301.357793
  1995 296.752408
  2000 297.303229
  2005 303.855158
  2010 301.775771
  2015 300.668794
  2020 304.819060
  2025 299.239100
  2030 299.034980
  2035 299.682484
  2040 293.030193
  2045 305.054803
  2050 305.031396
  2055 297.748892
  2060 296.191555
  2065 291.020705
  2070 298.548376
  2075 291.551456
  2080 297.612341
  2085 297.125325
  2090 295.148685
  2095 297.898804
  2100 294.518717
  2105 300.804912
  2110 292.282399
  2115 302.608428
  2120 301.051532
  2125 300.470623
  2130 294.687773
  2135 302.116148
  2140 302.635574
  2145 299.850841
  2150 299.533576
  2155 294.342049
  2160 303.571181
  2165 301.451257
  2170 304.314080
  2175 293.508154
  2180 299.416558
  2185 301.588070
  2190 304.992290
  2195 300.588381
  2200 304.331030
  2205 302.752730
  2210 301.444689
  2215 305.169084
  2220 293.677900
  2225 298.450228
  2230 301.554407
  2235 302.538822
  2240 305.306445
  2245 294.544022
  2250 296.897203
  2255 303.280969
  2260 297.082259
  2265 297.810780
  2270 302.269910
  2275 300.871184
  2280 305.432370
  2285 296.237488
  2290 303.488900
  2295 298.861012
  2300 291.194203
  2305 296.756443
  2310 303.990443
  2315 294.228337
  2320 294.926046
  2325 301.432045
  2330 304.579673
  2335 296.573976
  2340 293.349797
  2345 303.334913
  2350 298.032421
  2355 301.067691
  2360 298.395739
  2365 304.512115
  2370 298.321979
  2375 292.956162
  2380 293.598354
  2385 303.021113
  2390 300.736473
  2395 299.595271
  2400 301.781247
  2405 301.025296
  2410 293.277359
  2415 301.939507
  2420 301.608871
  2425 291.662722
  2430 294.138297
  2435 294.087439
  2440 291.234409
  2445 294.338384
  2450 293.993620
  2455 304.370805
  2460 295.577741
  2465 301.637848
  2470 299.908084
  2475 304.529782
  2480 298.134169
  2485 302.637692
  2490 303.640875
  2495 294.623770
  2500 303.028752
  2505 291.838153
  2510 300.041728
  2515 298.223535
  2520 302.555114
  2525 299.469974
  2530 292.172231
  2535 291.499576
  2540 305.109874
  2545 297.535010
  2550 291.589500
  2555 296.309825
  2560 302.405878
  2565 294.502465
  2570 302.989128
  2575 295.802157
  2580 303.599163
  2585 292.475682
  2590 291.008705
  2595 293.320107
  2600 295.176118
  2605 297.639980
  2610 292.631486
  2615 291.174715
  2620 298.312650
  2625 291.937468
  2630 293.721067
  2635 301.297390
  2640 296.444873
  2645 300.679447
  2650 298.156017
  2655 296.385976
  2660 297.736610
  2665 300.664851
  2670 303.518805
  2675 300.261509
  2680 299.541942
  2685 295.751043
  2690 301.713483
  2695 293.258501
  2700 302.097764
  2705 299.590767
  2710 293.231969
  2715 304.277584
  2720 298.000815
  2725 302.929290
  2730 300.107126
  2735 294.653179
  2740 303.672907
  2745 297.200935
  2750 293.270117
  2755 296.782931
  2760 298.994526
  2765 301.661043
  2770 301.821018
  2775 292.340181
  2780 301.216433
  2785 298.484113
  2790 302.682375
  2795 295.759978
  2800 304.317446
  2805 300.059272
  2810 295.602993
  2815 296.686711
  2820 294.155471
  2825 303.097167
  2830 302.039239
  2835 303.378099
  2840 301.027264
  2845 304.123269
  2850 300.154288
  2855 293.559854
  2860 291.398173
  2865 292.970868
  2870 304.488244
  2875 292.294740
  2880 293.306804
  2885 303.831649
  2890 301.185121
  2895 299.304929
  2900 298.106201
  2905 293.368640
  2910 303.236275
  2915 301.919646
  2920 297.630268
  2925 304.785830
  2930 293.104499
  2935 300.161969
  2940 296.895833
  2945 302.656784
  2950 292.382849
  2955 296.204342
  2960 297.977416
  2965 296.682051
  2970 294.946394
  2975 302.375915
  2980 305.305972
  2985 304.340068
  2990 298.333776
  2995 298.104515
  3000 301.251056
  3005 301.805433
  3010 298.515512
  3015 290.778523
  3020 293.555526
  3025 296.535724
  3030 295.318638
  3035 296.548098
  3040 302.481516
  3045 304.413668
  3050 304.925895
  3055 294.752252
  3060 295.788132
  3065 294.441334
  3070 302.592492
  3075 304.912356
  3080 293.171621
  3085 294.431497
  3090 302.305497
  3095 304.778381
  3100 291.406569
  3105 301.285367
  3110 304.401996
  3115 297.299018
  3120 303.915971
  3125 295.472176
  3130 295.454640
  3135 305.347199
  3140 292.650039
  3145 301.327453
  3150 297.544942
  3155 298.668979
  3160 299.642649
  3165 304.058488
  3170 293.638244
  3175 299.812837
  3180 302.472350
  3185 295.392147
  3190 296.707971
  3195 304.411336
  3200 294.912412
  3205 304.644353
  3210 293.419355
  3215 292.684891
  3220 298.071497
  3225 302.521832
  3230 295.177008
  3235 292.669247
  3240 305.409481
  3245 298.866227
  3250 294.819334
  3255 296.295461
  3260 301.468130
  3265 300.865714
  3270 298.879967
  3275 301.903024
  3280 303.858414
  3285 293.695169
  3290 300.639266
  3295 305.121973
  3300 298.528285
  3305 301.901374
  3310 290.662171
  3315 293.740397
  3320 304.948467
  3325 302.029819
  3330 299.247709
  3335 293.894249
  3340 302.509799
  3345 302.007076
  3350 300.300618
  3355 292.005890
  3360 302.882082
  3365 295.361179
  3370 296.647237
  3375 302.401674
  3380 305.203996
  3385 297.003008
  3390 298.139769
  3395 298.657630
  3400 297.667330
  3405 304.268634
  3410 299.334562
  3415 295.043493
  3420 300.035662
  3425 304.019513
  3430 305.441223
  3435 292.397494
  3440 295.305093
  3445 293.016101
  3450 305.503200
  3455 296.207979
  3460 294.876841
  3465 292.038290
  3470 303.571404
  3475 297.910192
  3480 304.274919
  3485 295.435875
  3490 295.128857
  3495 294.094856
  3500 292.392489
  3505 303.074469
  3510 292.974740
  3515 296.938889
  3520 295.573005
  3525 295.246429
  3530 296.407399
  3535 304.466940
  3540 299.432709
  3545 305.622047
  3550 290.763612
  3555 302.059601
  3560 301.675019
  3565 293.110806
  3570 296.503369
  3575 296.733558
  3580 296.812705
  3585 303.908370
  3590 292.604624
  3595 294.803025
  3600 296.387065
  3605 303.495197
  3610 295.050374
  3615 305.506314
  3620 298.985525
  3625 298.329717
  3630 300.146733
  3635 303.245540
  3640 293.705378
  3645 304.903808
  3650 291.833434
  3655 298.155466
  3660 304.269232
  3665 302.638795
  3670 293.736142
  3675 295.329573
  3680 298.184676
  3685 303.280366
  3690 295.132403
  3695 296.211245
  3700 303.473534
  3705 304.994702
  3710 304.656775
  3715 296.783929
  3720 292.824539
  3725 304.049437
  3730 304.665380
  3735 300.762932
  3740 295.861073
  3745 294.058034
  3750 296.841685
  3755 298.474142
  3760 291.740269
  3765 303.021853
  3770 292.995494
  3775 295.068628
  3780 292.681291
  3785 303.406625
  3790 294.127173
  3795 300.974618
  3800 302.965490
  3805 305.267765
  3810 296.446552
  3815 300.011113
  3820 299.388008
  3825 297.576216
  3830 302.878460
  3835 292.729744
  3840 302.162479
  3845 302.048788
  3850 293.167617
  3855 297.904882
  3860 293.415874
  3865 295.933576
  3870 296.447653
  3875 296.050873
  3880 297.499092
  3885 297.206192
  3890 304.427447
  3895 300.047928
  3900 294.111110
  3905 303.920016
  3910 291.201734
  3915 293.355123
  3920 303.832053
  3925 294.526578
  3930 296.079368
  3935 290.837658
  3940 303.551222
  3945 303.171438
  3950 303.234058
  3955 291.258847
  3960 292.651071
  3965 291.662583
  3970 305.326240
  3975 296.839998
  3980 298.451886
  3985 293.439942
  3990 302.523268
  3995 305.201502
  4000 297.575299
  4005 298.254731
  4010 295.225128
  4015 299.889566
  4020 304.369898
  4025 292.956119
  4030 297.849016
  4035 300.946437
  4040 297.717908
  4045 297.735186
  4050 293.059646
  4055 292.320589
  4060 303.181139
  4065 295.124589
  4070 291.787510
  4075 294.500462
  4080 305.148794
  4085 291.901330
  4090 294.467812
  4095 294.265485
  4100 304.884748
  4105 293.995962
  4110 298.638395
  4115 303.921062
  4120 301.440156
  4125 305.009056
  4130 297.130572
  4135 300.061834
  4140 302.746122
  4145 301.180775
  4150 295.348030
  4155 304.588897
  4160 299.068832
  4165 296.074695
  4170 301.606746
  4175 300.876544
  4180 295.187717
  4185 299.381622
  4190 296.968442
  4195 305.298564
  4200 293.824981
  4205 301.934152
  4210 292.158399
  4215 291.958245
  4220 297.884929
  4225 290.990371
  4230 298.814997
  4235 292.973230
  4240 291.057367
  4245 292.346077
  4250 298.292859
  4255 297.585430
  4260 294.334765
  4265 299.452027
  4270 298.309982
  4275 294.843914
  4280 303.005734
  4285 291.837359
  4290 294.822402
  4295 302.982862
  4300 303.225151
  4305 298.493211
  4310 298.210368
  4315 299.618573
  4320 292.226295
  4325 295.409827
  4330 294.229387
  4335 297.857089
  4340 304.227992
  4345 298.239966
  4350 299.854878
  4355 301.089004
  4360 305.619756
  4365 297.264126
  4370 299.505430
  4375 293.520720
  4380 302.357185
  4385 297.082607
  4390 299.639245
  4395 293.432707
  4400 302.314095
  4405 304.936296
  4410 305.341665
  4415 299.598150
  4420 302.063197
  4425 297.407663
  4430 296.532884
  4435 302.218497
  4440 302.647775
  4445 302.337270
  4450 291.351705
  4455 291.038137
  4460 291.093293
  4465 295.124621
  4470 296.476090
  4475 298.685699
  4480 291.364443
  4485 298.345885
  4490 305.108845
  4495 300.503692
  4500 305.102014
  4505 297.251433
  4510 295.855884
  4515 304.967453
  4520 301.139086
  4525 303.154931
  4530 305.242925
  4535 299.444609
  4540 292.094852
  4545 295.414544
  4550 295.599652
  4555 300.410778
  4560 302.397932
  4565 294.314868
  4570 302.436049
  4575 294.626927
  4580 305.533023
  4585 302.507701
  4590 292.874087
  4595 300.976212
  4600 302.997484
  4605 302.128264
  4610 292.148666
  4615 305.434837
  4620 296.038285
  4625 299.240983
  4630 297.296819
  4635 290.970829
  4640 300.090810
  4645 301.402581
  4650 291.669276
  4655 290.803720
  4660 300.122006
  4665 294.412293
  4670 294.763609
  4675 302.017338
  4680 303.885898
  4685 294.271060
  4690 297.097044
  4695 294.161279
  4700 296.574147
  4705 294.467621
  4710 303.008911
  4715 303.012883
  4720 290.782670
  4725 305.412102
  4730 302.855886
  4735 301.536563
  4740 302.084022
  4745 295.456814
  4750 293.755505
  4755 304.353870
  4760 294.776066
  4765 298.772132
  4770 291.660767
  4775 296.998001
  4780 291.832471
  4785 305.531153
  4790 294.793144
  4795 299.261042
  4800 295.611738
  4805 302.047418
  4810 293.571652
  4815 297.665961
  4820 298.653883
  4825 303.134534
  4830 297.280137
  4835 292.217208
  4840 292.005114
  4845 298.003889
  4850 295.827458
  4855 298.926737
  4860 294.507795
  4865 300.764314
  4870 302.651197
  4875 295.372546
  4880 293.910214
  4885 295.408880
  4890 302.443127
  4895 296.581296
  4900 302.542191
  4905 291.306482
  4910 299.230664
  4915 291.991755
  4920 291.364714
  4925 305.077857
  4930 299.634457
  4935 294.542503
  4940 294.144343
  4945 290.806928
  4950 292.741896
  4955 304.253572
  4960 305.297281
  4965 300.453107
  4970 296.099815
  4975 299.455312
  4980 293.944030
  4985 302.225451
  4990 298.110653
  4995 293.559052
  5000 296.643824
  5005 300.008103
  5010 297.957099
  5015 291.198166
  5020 303.457624
  5025 292.603673
  5030 292.852849
  5035 302.226312
  5040 298.465967
  5045 294.320816
  5050 296.608710
  5055 300.635094
  5060 296.873566
  5065 293.558543
  5070 291.002453
  5075 294.595603
  5080 291.670007
  5085 290.967527
  5090 292.693880
  5095 297.685547
  5100 291.496708
  5105 298.397182
  5110 295.337502
  5115 300.876553
  5120 296.573227
  5125 298.490263
  5130 296.683384
  5135 293.885431
  5140 294.315428
  5145 291.559760
  5150 291.580489
  5155 304.077929
  5160 300.377292
  5165 301.869778
  5170 298.626632
  5175 302.153917
  5180 295.573081
  5185 305.140298
  5190 291.225513
  5195 292.345645
  5200 294.972726
  5205 304.042559
  5210 299.564712
  5215 302.980550
  5220 293.155564
  5225 294.452777
  5230 302.011678
  5235 298.867859
  5240 299.693366
  5245 291.566198
  5250 294.480708
  5255 298.122737
  5260 296.614842
  5265 292.149886
  5270 294.115553
  5275 302.581424
  5280 297.204267
  5285 304.476273
  5290 303.341385
  5295 298.833410
  5300 297.662593
  5305 294.613771
  5310 296.112286
  5315 303.312173
  5320 296.615142
  5325 290.816247
  5330 292.737293
  5335 295.944462
  5340 295.043044
  5345 302.871610
  5350 298.749421
  5355 300.417089
  5360 295.409813
  5365 291.043112
  5370 302.348318
  5375 302.610781
  5380 296.579253
  5385 299.320499
  5390 300.691378
  5395 302.865277
  5400 292.868956
  5405 305.160950
  5410 295.457411
  5415 291.002081
  5420 301.682120
  5425 301.235793
  5430 298.216151
  5435 295.318321
  5440 290.867877
  5445 291.866437
  5450 291.480367
  5455 304.237048
  5460 295.725898
  5465 295.833251
  5470 299.771688
  5475 303.296797
  5480 297.167939
  5485 295.095500
  5490 303.593386
  5495 298.456223
  5500 304.971561
  5505 299.938613
  5510 293.710292
  5515 304.314048
  5520 296.291733
  5525 304.534171
  5530 302.246369
  5535 297.041940
  5540 305.466302
  5545 298.867989
  5550 292.703002
  5555 293.808401
  5560 303.640829
  5565 297.556540
  5570 290.956615
  5575 298.729437
  5580 291.161956
  5585 291.656455
  5590 292.811850
  5595 297.833989
  5600 297.303815
  5605 298.105294
  5610 304.538626
  5615 294.980825
  5620 294.331876
  5625 290.807481
  5630 300.848943
  5635 296.998376
  5640 297.074107
  5645 294.599019
  5650 293.335065
  5655 299.540878
  5660 293.436321
  5665 300.395543
  5670 298.492480
  5675 294.215534
  5680 304.977115
  5685 292.731844
  5690 291.450087
  5695 291.170226
  5700 292.791009
  5705 302.658524
  5710 297.699902
  5715 304.238268
  5720 302.598363
  5725 295.032716
  5730 291.935559
  5735 297.077380
  5740 297.039634
  5745 292.392755
  5750 291.260256
  5755 291.138519
  5760 300.371767
  5765 300.838488
  5770 298.127631
  5775 291.243789
  5780 294.041555
  5785 299.039479
  5790 293.674136
  5795 296.800238
  5800 299.811289
  5805 302.224645
  5810 298.422601
  5815 303.357470
  5820 305.584747
  5825 301.911033
  5830 302.492473
  5835 293.035631
  5840 301.772697
  5845 301.099074
  5850 293.308832
  5855 295.389500
  5860 290.989847
  5865 297.976050
  5870 298.592141
  5875 298.743242
  5880 295.129738
  5885 299.513382
  5890 304.288269
  5895 294.952794
  5900 297.117736
  5905 294.017378
  5910 292.514218
  5915 295.755500
  5920 297.581565
  5925 294.687860
  5930 295.207494
  5935 291.408983
  5940 298.182491
  5945 299.748477
  5950 298.574398
  5955 293.344275
  5960 297.176668
  5965 302.516933
  5970 291.977385
  5975 304.516266
  5980 302.452327
  5985 303.288813
  5990 298.399120
  5995 294.320791
  6000 297.528818
  6005 300.883253
  6010 296.935680
  6015 301.399506
  6020 301.937375
  6025 298.257442
  6030 301.721582
  6035 297.497266
  6040 304.030155
  6045 292.283949
  6050 295.404812
  6055 298.092069
  6060 300.147953
  6065 303.559965
  6070 294.563492
  6075 298.021727
  6080 304.926151
  6085 291.340578
  6090 292.677774
  6095 298.212915
  6100 305.089821
  6105 290.958825
  6110 298.202177
  6115 303.898413
  6120 298.014347
  6125 304.465371
  6130 301.433428
  6135 303.567996
  6140 299.618961
  6145 304.520997
  6150 300.813583
  6155 302.439331
  6160 294.332841
  6165 292.976883
  6170 293.296661
  6175 291.342252
  6180 292.074816
  6185 305.220307
  6190 304.650610
  6195 291.327591
  6200 298.782625
  6205 301.921925
  6210 290.658597
  6215 292.269573
  6220 299.497446
  6225 303.175173
  6230 297.204222
  6235 301.844767
  6240 298.309605
  6245 305.499358
  6250 297.455379
  6255 299.662397
  6260 303.694405
  6265 298.720200
  6270 291.713279
  6275 301.863173
  6280 290.860092
  6285 298.272183
  6290 295.504366
  6295 302.941990
  6300 304.475899
  6305 304.663754
  6310 299.080589
  6315 293.670026
  6320 303.984299
  6325 293.265932
  6330 293.870661
  6335 292.819168
  6340 294.485948
  6345 294.556242
  6350 292.786793
  6355 293.768744
  6360 293.664659
  6365 302.751921
  6370 298.045466
  6375 303.393981
  6380 301.966821
  6385 294.419880
  6390 291.569201
  6395 301.857383
  6400 301.175291
  6405 301.887311
  6410 299.975873
  6415 293.060518
  6420 300.406008
  6425 299.779469
  6430 292.619703
  6435 304.689018
  6440 300.570343
  6445 305.643023
  6450 299.273898
  6455 303.175359
  6460 290.668615
  6465 299.855056
  6470 301.762093
  6475 305.596909
  6480 298.138697
  6485 292.598314
  6490 302.023684
  6495 299.301356
  6500 298.406208
  6505 302.185187
  6510 295.089427
  6515 295.044044
  6520 303.369773
  6525 296.784314
  6530 297.583765
  6535 292.253004
  6540 302.393439
  6545 293.545125
  6550 305.185171
  6555 302.933817
  6560 298.525839
  6565 295.939749
  6570 304.108451
  6575 300.760254
  6580 294.297254
  6585 302.274400
  6590 295.847400
  6595 293.882611
  6600 298.875959
  6605 292.866116
  6610 293.241157
  6615 304.146223
  6620 303.541270
  6625 296.656245
  6630 294.928117
  6635 294.596663
  6640 290.898549
  6645 297.511132
  6650 292.200459
  6655 292.376973
  6660 301.397986
  6665 294.032026
  6670 305.584463
  6675 302.586455
  6680 302.342298
  6685 304.214593
  6690 297.933167
  6695 301.195243
  6700 305.577323
  6705 304.588826
  6710 300.535711
  6715 295.389189
  6720 304.496883
  6725 302.718603
  6730 293.070162
  6735 302.485046
  6740 293.495177
  6745 297.774248
  6750 291.386924
  6755 292.864690
  6760 302.528973
  6765 297.285589
  6770 301.441603
  6775 292.362716
  6780 296.951946
  6785 296.283627
  6790 292.733493
  6795 300.593691
  6800 297.859234
  6805 303.009781
  6810 296.182376
  6815 304.756761
  6820 291.100707
  6825 295.211727
  6830 292.561631
  6835 293.595990
  6840 291.968585
  6845 299.869152
  6850 293.753984
  6855 298.187317
  6860 299.975486
  6865 301.671310
  6870 298.435436
  6875 305.231690
  6880 298.948990
  6885 296.631587
  6890 291.548708
  6895 296.473850
  6900 292.672050
  6905 305.497804
  6910 298.080510
  6915 296.550341
  6920 300.688869
  6925 301.737139
  6930 292.240074
  6935 293.155992
  6940 302.161385
  6945 297.295442
  6950 294.821742
  6955 305.248958
  6960 291.873808
  6965 299.127173
  6970 297.969702
  6975 304.771312
  6980 304.533799
  6985 291.402006
  6990 295.244616
  6995 292.546200
  7000 302.460703
  7005 291.363103
  7010 299.450064
  7015 292.423525
  7020 301.553358
  7025 302.153592
  7030 302.939872
  7035 294.762911
  7040 296.548379
  7045 303.043158
  7050 297.908120
  7055 291.653779
  7060 294.217701
  7065 292.012238
  7070 293.119161
  7075 299.214724
  7080 298.967823
  7085 300.562722
  7090 297.664361
  7095 295.306177
  7100 303.157781
  7105 295.036368
  7110 300.587219
  7115 301.924142
  7120 292.286960
  7125 300.492715
  7130 292.738250
  7135 293.238908
  7140 296.751628
  7145 296.044936
  7150 304.818330
  7155 300.660825
  7160 301.432206
  7165 295.372414
  7170 305.067523
  7175 305.028289
  7180 303.920205
  7185 295.054877
  7190 295.268338
  7195 302.646837
  7200 290.853401
  7205 294.016120
  7210 297.275620
  7215 292.018863
  7220 298.732136
  7225 301.221904
  7230 302.550583
  7235 300.854954
  7240 292.053110
  7245 292.165785
  7250 301.299246
  7255 294.663657
  7260 305.473999
  7265 292.868807
  7270 296.986672
  7275 298.072232
  7280 304.608366
  7285 290.886267
  7290 299.498315
  7295 300.525139
  7300 301.478550
  7305 294.068878
  7310 304.626385
  7315 301.411031
  7320 305.373607
  7325 291.835142
  7330 296.508326
  7335 300.411781
  7340 304.177734
  7345 302.753135
  7350 296.118992
  7355 291.029402
  7360 292.293137
  7365 298.577152
  7370 292.121386
  7375 292.420889
  7380 291.054132
  7385 292.736173
  7390 294.255739
  7395 301.103540
  7400 299.149854
  7405 296.107972
  7410 303.323136
  7415 298.846415
  7420 295.227435
  7425 296.519796
  7430 293.426304
  7435 304.661717
  7440 297.057370
  7445 294.147012
  7450 292.607299
  7455 293.592867
  7460 299.660552
  7465 299.424511
  7470 302.835419
  7475 291.427790
  7480 298.273397
  7485 301.160263
  7490 304.649358
  7495 304.041359
  7500 301.196062
  7505 297.286272
  7510 299.235388
  7515 291.700502
  7520 305.073002
  7525 304.687472
  7530 301.211122
  7535 295.786515
  7540 294.250061
  7545 298.923357
  7550 293.935514
  7555 291.493486
  7560 295.475904
  7565 298.121172
  7570 299.288203
  7575 295.064343
  7580 299.925099
  7585 293.851548
  7590 303.582530
  7595 302.683446
  7600 303.393201
  7605 292.095220
  7610 298.477244
  7615 291.046067
  7620 302.194924
  7625 294.180751
  7630 298.821438
  7635 296.971541
  7640 304.556915
  7645 295.699370
  7650 299.065398
  7655 301.904900
  7660 300.846690
  7665 303.819858
  7670 290.902962
  7675 298.807596
  7680 292.517824
  7685 291.146675
  7690 299.157637
  7695 296.369139
  7700 300.752291
  7705 295.570477
  7710 293.795762
  7715 295.770051
  7720 293.477803
  7725 294.454548
  7730 294.089466
  7735 303.673711
  7740 302.014043
  7745 295.561781
  7750 293.657607
  7755 300.348366
  7760 305.504933
  7765 294.821128
  7770 303.645953
  7775 303.691447
  7780 294.012458
  7785 305.080414
  7790 293.366765
  7795 298.405597
  7800 295.609934
  7805 301.274936
  7810 293.116960
  7815 296.237425
  7820 292.792417
  7825 302.485547
  7830 293.438605
  7835 299.937272
  7840 301.084197
  7845 293.499616
  7850 296.394729
  7855 299.202632
  7860 305.595881
  7865 305.332018
  7870 292.048295
  7875 295.563295
  7880 305.079803
  7885 297.758477
  7890 304.595239
  7895 299.731460
  7900 296.326502
  7905 295.917789
  7910 295.097373
  7915 296.660414
  7920 293.611973
  7925 299.117775
  7930 303.173379
  7935 296.931798
  7940 294.356038
  7945 300.694389
  7950 292.141619
  7955 296.182793
  7960 292.089808
  7965 300.560745
  7970 303.219042
  7975 296.400893
  7980 290.894401
  7985 301.076329
  7990 293.097883
  7995 296.118022
  8000 296.694213
  8005 303.266860
  8010 295.950948
  8015 299.708541
  8020 293.586759
  8025 293.813247
  8030 305.636125
  8035 293.532423
  8040 297.664514
  8045 290.932250
  8050 300.883870
  8055 293.019585
  8060 290.739391
  8065 293.392257
  8070 296.070068
  8075 303.956609
  8080 291.739528
  8085 294.240263
  8090 297.262517
  8095 291.851150
  8100 297.761904
  8105 295.069986
  8110 296.612731
  8115 305.060717
  8120 296.388313
  8125 298.445208
  8130 298.207390
  8135 305.030722
  8140 291.219577
  8145 296.675145
  8150 300.048394
  8155 302.990644
  8160 301.110570
  8165 299.841120
  8170 295.700365
  8175 303.427912
  8180 295.106345
  8185 297.767674
  8190 298.593549
  8195 297.699066
  8200 290.719147
  8205 290.662307
  8210 298.153438
  8215 295.380534
  8220 303.294062
  8225 303.789757
  8230 292.011806
  8235 298.693703
  8240 299.842856
  8245 295.056212
  8250 292.472141
  8255 295.968111
  8260 292.229443
  8265 297.931366
  8270 291.948856
  8275 294.633469
  8280 292.953590
  8285 303.572213
  8290 304.393036
  8295 294.086662
  8300 295.288184
  8305 293.872427
  8310 304.508443
  8315 299.968725
  8320 293.726037
  8325 304.512365
  8330 300.023163
  8335 292.413862
  8340 295.087148
  8345 291.433243
  8350 303.572944
  8355 293.782677
  8360 304.889238
  8365 298.929678
  8370 293.625152
  8375 290.651415
  8380 297.700220
  8385 302.976891
  8390 298.116053
  8395 295.755120
  8400 291.504549
  8405 299.884259
  8410 293.134475
  8415 295.324482
  8420 303.088969
  8425 301.255879
  8430 298.410092
  8435 295.307921
  8440 303.412409
  8445 293.720453
  8450 299.971222
  8455 297.571458
  8460 298.077411
  8465 300.285792
  8470 299.614790
  8475 300.099684
  8480 291.662836
  8485 295.676024
  8490 295.210824
  8495 304.357359
  8500 301.480328
  8505 299.599960
  8510 296.637498
  8515 293.495109
  8520 294.843026
  8525 297.241990
  8530 299.034627
  8535 301.759109
  8540 304.050294
  8545 292.581300
  8550 303.010547
  8555 304.096818
  8560 297.380461
  8565 297.585761
  8570 301.842746
  8575 294.602383
  8580 293.406612
  8585 292.324906
  8590 297.487009
  8595 304.985780
  8600 305.234589
  8605 302.827585
  8610 298.914763
  8615 301.895043
  8620 292.171884
  8625 305.017237
  8630 295.974609
  8635 290.760989
  8640 295.618071
  8645 290.949660
  8650 290.835833
  8655 294.571137
  8660 293.134417
  8665 297.002113
  8670 294.297451
  8675 302.720317
  8680 297.158304
  8685 304.008951
  8690 300.165159
  8695 292.063737
  8700 290.915829
  8705 303.263310
  8710 303.574614
  8715 296.800736
  8720 295.544580
  8725 304.327706
  8730 290.924895
  8735 292.423280
  8740 305.515777
  8745 302.185055
  8750 303.209283
  8755 304.991793
  8760 302.398210
  8765 293.256348
  8770 293.548566
  8775 303.953313
  8780 296.939450
  8785 296.353616
  8790 300.587349
  8795 302.539571
  8800 303.697173
  8805 293.445036
  8810 299.266520
  8815 295.026289
  8820 293.910930
  8825 302.532167
  8830 291.885287
  8835 290.846990
  8840 296.522101
  8845 291.500784
  8850 294.934901
  8855 291.128311
  8860 295.907432
  8865 297.949870
  8870 304.704882
  8875 295.053622
  8880 296.064914
  8885 304.526883
  8890 293.388156
  8895 292.749361
  8900 297.082294
  8905 302.835857
  8910 291.956921
  8915 300.727406
  8920 292.997505
  8925 295.469723
  8930 298.666713
  8935 302.867600
  8940 298.325125
  8945 303.723649
  8950 300.219973
  8955 302.869100
  8960 294.178246
  8965 296.511629
  8970 303.907538
  8975 294.621973
  8980 297.896639
  8985 305.581517
  8990 296.096267
  8995 294.461276
  9000 303.631790
  9005 297.545510
  9010 297.904587
  9015 292.715828
  9020 292.240688
  9025 300.639733
  9030 301.984245
  9035 291.167620
  9040 302.196752
  9045 301.367617
  9050 292.847362
  9055 295.669119
  9060 301.285408
  9065 297.391599
  9070 294.697948
  9075 303.321966
  9080 303.738664
  9085 305.626684
  9090 296.386383
  9095 299.739864
  9100 297.749040
  9105 304.295949
  9110 296.922503
  9115 305.504646
  9120 291.859765
  9125 299.335557
  9130 296.692528
  9135 297.108097
  9140 294.699336
  9145 301.837182
  9150 299.897509
  9155 304.432249
  9160 302.752278
  9165 305.138579
  9170 301.831285
  9175 304.528147
  9180 301.719254
  9185 296.696558
  9190 293.050200
  9195 291.378665
  9200 302.315970
  9205 293.000814
  9210 293.506027
  9215 294.988780
  9220 305.145492
  9225 301.493821
  9230 292.890262
  9235 298.282325
  9240 301.739744
  9245 305.380679
  9250 297.851418
  9255 301.776008
  9260 296.703385
  9265 299.453577
  9270 296.532564
  9275 297.218569
  9280 295.184249
  9285 294.655999
  9290 294.993570
  9295 291.600920
  9300 294.947926
  9305 300.288029
  9310 295.974089
  9315 295.055804
  9320 299.930511
  9325 305.425013
  9330 304.564152
  9335 300.772092
  9340 304.298224
  9345 298.274269
  9350 293.181291
  9355 298.736329
  9360 305.562223
  9365 300.118546
  9370 299.389492
  9375 292.327860
  9380 303.709544
  9385 295.283526
  9390 298.351668
  9395 303.439364
  9400 291.319387
  9405 292.795724
  9410 296.302089
  9415 295.709611
  9420 299.578070
  9425 296.587085
  9430 297.011305
  9435 298.549645
  9440 293.000009
  9445 291.831059
  9450 297.711273
  9455 292.837560
  9460 295.511960
  9465 292.262424
  9470 292.552576
  9475 298.153069
  9480 292.205238
  9485 299.810879
  9490 298.884142
  9495 296.256959
  9500 294.452273
  9505 297.109965
  9510 300.999095
  9515 293.075543
  9520 300.277955
  9525 296.462978
  9530 298.424212
  9535 302.366692
  9540 290.937228
  9545 297.983383
  9550 295.494723
  9555 297.201782
  9560 303.788355
  9565 291.688652
  9570 292.507585
  9575 305.138364
  9580 302.224557
  9585 303.698740
  9590 305.078032
  9595 300.001889
  9600 301.655972
  9605 303.108337
  9610 305.577409
  9615 303.974995
  9620 293.760887
  9625 300.686652
  9630 298.040697
  9635 300.841257
  9640 305.599144
  9645 291.390935
  9650 294.226073
  9655 295.545533
  9660 304.693806
  9665 293.886970
  9670 303.143771
  9675 293.575593
  9680 305.262276
  9685 296.301304
  9690 301.897487
  9695 295.569034
  9700 303.806754
  9705 292.828475
  9710 292.209486
  9715 292.940008
  9720 292.562567
  9725 294.507671
  9730 294.625699
  9735 293.363118
  9740 301.701234
  9745 304.528354
  9750 299.590706
  9755 293.888245
  9760 294.734705
  9765 303.426885
  9770 302.347539
  9775 292.451838
  9780 295.523699
  9785 301.693532
  9790 295.284399
  9795 290.693187
  9800 291.468996
  9805 300.162799
  9810 293.392311
  9815 297.164843
  9820 300.892504
  9825 292.057849
  9830 304.017193
  9835 299.862782
  9840 303.963392
  9845 299.726965
  9850 292.801969
  9855 301.981822
  9860 296.714380
  9865 304.808889
  9870 304.493457
  9875 299.528096
  9880 293.563147
  9885 300.694753
  9890 293.567854
  9895 303.812607
  9900 294.349230
  9905 303.588611
  9910 292.923761
  9915 292.235120
  9920 295.416714
  9925 293.636465
  9930 295.012564
  9935 296.677527
  9940 290.918095
  9945 302.745875
  9950 298.133255
  9955 304.592365
  9960 298.504383
  9965 297.010756
  9970 292.399420
  9975 299.543911
  9980 291.759662
  9985 302.590865
  9990 305.181623
  9995 303.814247
 10000 298.257145
 10005 299.815399
 10010 302.303823
 10015 299.764884
 10020 299.971456
 10025 301.945195
 10030 291.638153
 10035 300.036024
 10040 296.949181
 10045 301.365543
 10050 295.541332
 10055 300.789601
 10060 296.423301
 10065 291.362932
 10070 303.128772
 10075 299.298676
 10080 291.866326
 10085 294.358415
 10090 304.847135
 10095 304.327847
 10100 299.177524
 10105 293.402351
 10110 299.870022
 10115 293.288987
 10120 294.063845
 10125 301.339423
 10130 302.836221
 10135 303.507349
 10140 291.986121
 10145 291.723600
 10150 303.546113
 10155 293.299909
 10160 297.811903
 10165 290.978430
 10170 298.079402
 10175 295.932967
 10180 301.253660
 10185 293.881096
 10190 296.698705
 10195 297.247721
 10200 291.486265
 10205 299.610852
 10210 304.674931
 10215 298.308091
 10220 304.348678
 10225 291.675438
 10230 295.378517
 10235 291.561079
 10240 296.183306
 10245 304.416537
 10250 296.005773
 10255 290.902980
 10260 302.412209
 10265 297.391568
 10270 299.552103
 10275 300.857765
 10280 297.585118
 10285 294.679556
 10290 303.040287
 10295 295.992967
 10300 298.525608
 10305 305.133657
 10310 298.971348
 10315 297.466688
 10320 292.946456
 10325 304.042596
 10330 305.358921
 10335 290.748049
 10340 296.944693
 10345 305.231706
 10350 301.512334
 10355 299.416214
 10360 293.435839
 10365 295.192249
 10370 293.626969
 10375 294.685271
 10380 294.606695
 10385 303.823641
 10390 291.490247
 10395 302.345171
 10400 296.512480
 10405 295.890902
 10410 303.475631
 10415 300.108398
 10420 292.998059
 10425 291.267452
 10430 292.326678
 10435 299.917293
 10440 304.785015
 10445 305.487489
 10450 291.304192
 10455 298.588455
 10460 305.595479
 10465 296.643028
 10470 300.496613
 10475 291.095932
 10480 295.579050
 10485 299.793964
 10490 293.770464
 10495 304.104051
 10500 291.787702
 10505 296.473241
 10510 304.683741
 10515 298.156100
 10520 302.297824
 10525 303.142832
 10530 298.278472
 10535 296.517326
 10540 294.121066
 10545 295.995253
 10550 291.068262
 10555 301.951491
 10560 292.982654
 10565 294.948051
 10570 304.823403
 10575 298.819336
 10580 292.600421
 10585 295.897466
 10590 297.007172
 10595 301.343621
 10600 296.048037
 10605 298.956500
 10610 299.757607
 10615 291.449341
 10620 291.080780
 10625 299.992707
 10630 296.302256
 10635 296.262689
 10640 299.750370
 10645 293.793579
 10650 303.781726
 10655 298.927003
 10660 305.575510
 10665 296.481830
 10670 292.486402
 10675 299.207910
 10680 303.447549
 10685 299.062297
 10690 301.324170
 10695 293.791935
 10700 305.166200
 10705 304.779851
 10710 302.830934
 10715 295.116631
 10720 295.705883
 10725 295.591731
 10730 292.188444
 10735 292.447708
 10740 299.779286
 10745 305.227175
 10750 301.711092
 10755 298.278305
 10760 295.024989
 10765 291.561867
 10770 292.943798
 10775 291.019703
 10780 304.264974
 10785 294.465865
 10790 291.072095
 10795 303.794561
 10800 301.738336
