     5 303.507446
    10 300.485865
    15 297.746353
    20 296.052862
    25 293.469042
    30 304.607200
    35 293.720978
    40 299.931447
    45 292.928853
    50 293.329137
    55 303.345402
    60 304.321791
    65 293.420655
    70 301.590418
    75 301.908297
    80 297.505465
    85 298.209046
    90 300.770188
    95 296.430036
   100 296.011779
   105 303.757746
   110 294.314630
   115 302.530577
   120 301.468899
   125 292.056277
   130 300.104545
   135 299.712133
   140 297.680313
   145 295.250915
   150 299.854335
   155 298.941438
   160 301.731412
   165 304.450345
   170 299.300971
   175 301.871368
   180 297.219107
   185 295.051831
   190 300.636127
   195 290.717759
   200 305.528787
   205 301.291597
   210 293.073806
   215 297.647424
   220 300.213051
   225 295.155128
   230 291.236300
   235 294.735767
   240 304.762193
   245 296.072967
   250 290.830950
   255 294.730852
   260 299.040950
   265 296.156665
   270 290.928459
   275 299.553085
   280 297.148010
   285 297.307994
   290 293.188697
   295 299.313053
   300 305.015443
   305 304.079206
   310 293.281659
   315 298.967669
   320 291.394492
   325 304.590759
   330 302.966465
   335 299.159706
   340 294.164616
   345 293.106882
   350 298.114223
   355 298.380213
   360 292.128717
   365 293.797283
   370 301.517807
   375 302.001758
   380 296.099425
   385 296.265778
   390 292.814126
   395 294.059056
   400 290.978935
   405 294.873795
   410 301.078072
   415 300.249151
   420 303.892012
   425 293.214672
   430 305.564130
   435 304.255634
   440 302.416062
   445 302.022357
   450 293.896023
   455 293.411716
   460 298.398714
   465 300.048205
   470 303.505658
   475 297.100815
   480 295.418758
   485 300.562172
   490 301.976370
   495 291.645548
   500 295.884305
   505 298.044736
   510 295.541821
   515 301.937578
   520 298.333558
   525 299.126501
   530 291.973170
   535 292.234516
   540 294.796228
   545 303.258086
   550 292.328055
   555 298.251439
   560 290.988286
   565 305.248051
   570 300.205264
   575 298.695924
   580 303.016968
   585 295.365316
   590 303.630515
   595 301.210265
   600 298.520990
   605 298.997928
   610 305.369084
   615 291.599000
   620 298.287436
   625 292.350354
   630 300.348236
   635 297.191301
   640 303.213166
   645 300.592332
   650 304.301769
   655 295.283708
   660 295.345086
   665 291.935238
   670 297.934264
   675 295.797145
   680 290.976628
   685 293.244283
   690 297.713217
   695 298.504843
   700 296.147565
   705 294.232972
   710 293.510509
   715 300.259446
   720 299.910514
   725 294.628431
   730 295.365389
   735 298.158966
   740 293.078347
   745 298.083289
   750 301.264643
   755 300.590001
   760 299.100823
   765 301.018754
   770 300.868529
   775 294.456394
   780 295.579770
   785 303.654399
   790 292.199489
   795 303.343650
   800 292.054667
   805 296.114444
   810 301.353031
   815 293.391368
   820 303.760372
   825 300.045581
   830 293.278030
   835 301.733044
   840 305.519576
   845 302.349817
   850 303.068398
   855 302.321775
   860 301.035608
   865 290.903756
   870 296.961662
   875 301.145305
   880 304.593983
   885 293.560452
   890 291.993266
   895 294.345896
   900 304.549647
   905 294.179325
   910 304.885968
   915 302.190727
   920 300.903545
   925 291.758113
   930 296.441786
   935 297.136936
   940 304.504475
   945 304.220689
   950 298.317375
   955 296.211177
   960 300.836158
   965 300.109530
   970 295.071768
   975 297.032791
   980 300.675662
   985 297.051022
   990 291.474734
   995 302.467443
  1000 291.252031
  1005 290.817210
  1010 299.904451
  1015 295.009741
  1020 302.019060
  1025 298.325645
  1030 291.613200
  1035 303.677188
  1040 294.877655
  1045 301.545066
  1050 298.957005
  1055 295.760757
  1060 298.993358
  1065 293.644889
  1070 297.908474
  1075 294.023792
  1080 291.625368
  1085 297.598201
  1090 305.306157
  1095 296.451996
  1100 292.509048
  1105 299.919527
  1110 291.322520
  1115 299.734833
  1120 304.021893
  1125 295.589707
  1130 290.697620
  1135 302.155671
  1140 293.565157
  1145 304.469199
  1150 305.243839
  1155 303.947499
  1160 300.462322
  1165 291.359423
  1170 299.698373
  1175 305.542622
  1180 300.149593
  1185 300.615895
  1190 297.325191
  1195 301.044265
  1200 296.721174
  1205 292.953631
  1210 298.808295
  1215 302.462569
  1220 297.705947
  1225 300.393683
  1230 300.888863
  1235 300.214069
  1240 298.129561
  1245 302.807967
  1250 302.824264
  1255 298.222595
  1260 301.487087
  1265 303.777431
  1270 292.669424
  1275 302.715382
  1280 292.147424
  1285 294.618471
  1290 301.053995
  1295 297.662165
  1300 294.356053
  1305 292.182459
  1310 294.653003
  1315 298.438376
  1320 302.134883
  1325 293.221501
  1330 291.505278
  1335 301.110233
  1340 290.828828
  1345 301.579095
  1350 292.618240
  1355 304.883087
  1360 295.317151
  1365 298.227698
  1370 301.748012
  1375 301.767984
  1380 293.652509
  1385 303.532172
  1390 300.380485
  1395 292.154018
  1400 300.506586
  1405 293.698317
  1410 302.940322
  1415 295.948399
  1420 299.930511
  1425 290.988397
  1430 294.857551
  1435 297.785052
  1440 292.779560
  1445 303.359903
  1450 295.441043
  1455 298.326717
  1460 299.164551
  1465 305.228919
  1470 293.818511
  1475 304.831170
  1480 297.721896
  1485 291.035942
  1490 294.873941
  1495 291.449721
  1500 302.648907
  1505 298.985636
  1510 303.681375
  1515 301.429038
  1520 295.015422
  1525 295.450257
  1530 294.154630
  1535 300.970263
  1540 297.413045
  1545 295.200443
  1550 302.581596
  1555 296.478084
  1560 304.907995
  1565 301.179611
  1570 296.439915
  1575 295.404682
  1580 294.299924
  1585 298.507506
  1590 290.717821
  1595 305.015275
  1600 294.096826
  1605 294.894525
  1610 304.096520
  1615 299.569816
  1620 295.297000
  1625 292.267537
  1630 295.806177
  1635 292.528999
  1640 295.362763
  1645 302.817860
  1650 299.518097
  1655 295.893957
  1660 304.861483
  1665 294.547611
  1670 304.075659
  1675 302.669727
  1680 296.458953
  1685 304.916284
  1690 299.174901
  1695 295.999303
  1700 294.365063
  1705 301.799964
  1710 294.915432
  1715 295.936311
  1720 293.212207
  1725 299.019781
  1730 304.702878
  1735 302.424987
  1740 296.152471
  1745 300.728439
  1750 305.032360
  1755 291.958848
  1760 293.498489
  1765 298.494991
  1770 300.946328
  1775 300.592366
  1780 302.049613
  1785 300.225804
  1790 298.981511
  1795 291.641278
  1800 291.097363
  1805 300.422895
  1810 302.936915
  1815 301.631621
  1820 303.009281
  1825 302.355611
  1830 296.595700
  1835 291.058864
  1840 291.228945
  1845 296.918261
  1850 300.067295
  1855 304.953267
  1860 302.245319
  1865 304.110040
  1870 298.443486
  1875 304.474156
  1880 294.970027
  1885 305.348986
  1890 294.209663
  1895 299.503951
  1900 299.150605
  1905 290.916311
  1910 296.808646
  1915 299.816731
  1920 291.881760
  1925 304.882427
  1930 301.113317
  1935 295.606371
  1940 296.333450
  1945 302.357299
  1950 291.863310
  1955 291.862919
  1960 292.574256
  1965 295.584928
  1970 291.479615
  1975 301.654846
  1980 292.157090
  1985 299.313000
  1990 295.108370
  1995 297.407068
  2000 299.440472
  2005 292.643740
  2010 299.061845
  2015 290.956037
  2020 302.401738
  2025 297.076606
  2030 293.422214
  2035 294.851578
  2040 291.899244
  2045 300.358414
  2050 296.649543
  2055 297.555963
  2060 304.234582
  2065 291.227038
  2070 301.904951
  2075 303.663066
  2080 297.693821
  2085 302.937417
  2090 295.882991
  2095 296.614298
  2100 300.366147
  2105 299.436100
  2110 298.445447
  2115 300.452316
  2120 293.479394
  2125 297.514210
  2130 291.167438
  2135 293.394080
  2140 304.877171
  2145 299.845682
  2150 299.000319
  2155 293.795712
  2160 301.480012
  2165 291.479264
  2170 299.811847
  2175 304.618609
  2180 295.164866
  2185 299.593302
  2190 294.788938
  2195 291.094463
  2200 297.066619
  2205 295.969795
  2210 303.257497
  2215 295.428813
  2220 302.228656
  2225 300.773590
  2230 304.661804
  2235 305.446936
  2240 304.856026
  2245 294.009317
  2250 302.734638
  2255 301.592330
  2260 294.066747
  2265 301.723103
  2270 299.768159
  2275 302.697592
  2280 301.668674
  2285 290.742601
  2290 305.197905
  2295 304.273295
  2300 295.258936
  2305 302.622140
  2310 304.676708
  2315 299.991970
  2320 302.844180
  2325 298.350718
  2330 296.556689
  2335 293.149008
  2340 295.773508
  2345 303.360281
  2350 297.242158
  2355 295.506750
  2360 300.356464
  2365 304.680035
  2370 293.064079
  2375 300.976292
  2380 296.254599
  2385 303.314526
  2390 296.142517
  2395 300.714651
  2400 297.137269
  2405 298.974579
  2410 298.753123
  2415 301.732143
  2420 304.913014
  2425 292.651551
  2430 291.784030
  2435 292.834216
  2440 295.940528
  2445 304.155381
  2450 294.484267
  2455 299.644178
  2460 296.606893
  2465 296.617124
  2470 294.432871
  2475 294.878167
  2480 296.175786
  2485 298.733571
  2490 292.962093
  2495 304.791394
  2500 299.715612
  2505 305.045477
  2510 295.134940
  2515 296.557325
  2520 304.082440
  2525 294.281734
  2530 298.029841
  2535 302.596757
  2540 296.242198
  2545 298.577503
  2550 298.141875
  2555 302.726523
  2560 293.004181
  2565 292.367036
  2570 300.745473
  2575 295.897249
  2580 300.481916
  2585 298.772112
  2590 291.614450
  2595 303.388975
  2600 299.074549
  2605 291.613222
  2610 300.811768
  2615 294.146846
  2620 296.533161
  2625 297.223803
  2630 301.917448
  2635 295.306932
  2640 294.754905
  2645 298.684862
  2650 298.923557
  2655 298.334792
  2660 304.743433
  2665 293.721805
  2670 295.730832
  2675 299.929225
  2680 299.402737
  2685 305.467384
  2690 298.496477
  2695 303.745947
  2700 299.462670
  2705 292.003380
  2710 300.270585
  2715 299.102890
  2720 296.439138
  2725 305.318371
  2730 295.329066
  2735 292.414912
  2740 295.937757
  2745 305.599223
  2750 296.892641
  2755 300.446087
  2760 301.190093
  2765 296.511597
  2770 296.840293
  2775 304.376800
  2780 296.376643
  2785 302.999664
  2790 303.973457
  2795 291.686466
  2800 305.200514
  2805 291.150866
  2810 300.552466
  2815 298.436369
  2820 303.919355
  2825 292.650354
  2830 296.417463
  2835 303.096104
  2840 290.780487
  2845 291.761426
  2850 292.139572
  2855 302.420404
  2860 301.213152
  2865 294.353296
  2870 295.981330
  2875 292.398176
  2880 295.978918
  2885 299.513517
  2890 298.130164
  2895 302.067720
  2900 302.295573
  2905 293.909667
  2910 293.897605
  2915 291.911944
  2920 297.256291
  2925 298.738632
  2930 301.065709
  2935 304.352786
  2940 299.530540
  2945 290.780661
  2950 297.211977
  2955 294.405144
  2960 303.810378
  2965 296.822907
  2970 302.485574
  2975 293.962401
  2980 296.396555
  2985 293.138744
  2990 300.719554
  2995 290.754988
  3000 292.142158
  3005 293.540245
  3010 302.434592
  3015 300.317081
  3020 296.372504
  3025 298.923739
  3030 294.552327
  3035 297.326052
  3040 298.274446
  3045 297.698366
  3050 293.487068
  3055 303.583666
  3060 300.437818
  3065 304.200549
  3070 298.381696
  3075 296.873660
  3080 293.447511
  3085 298.766728
  3090 295.251652
  3095 293.279583
  3100 291.422554
  3105 295.851780
  3110 304.829746
  3115 305.360356
  3120 291.548412
  3125 301.083323
  3130 301.656395
  3135 297.860446
  3140 303.971772
  3145 299.093748
  3150 298.012856
  3155 293.835731
  3160 295.769096
  3165 295.189277
  3170 302.732450
  3175 292.926674
  3180 298.247159
  3185 292.095360
  3190 292.808349
  3195 304.689719
  3200 294.256630
  3205 302.223501
  3210 293.336478
  3215 297.607979
  3220 293.716414
  3225 293.573136
  3230 303.611465
  3235 296.986210
  3240 299.814796
  3245 304.716475
  3250 293.722531
  3255 302.321323
  3260 299.446100
  3265 296.416381
  3270 294.570702
  3275 301.365793
  3280 291.516457
  3285 291.517239
  3290 293.329474
  3295 297.678333
  3300 302.509675
  3305 301.378687
  3310 294.707189
  3315 305.478775
  3320 295.298071
  3325 301.733682
  3330 301.030825
  3335 295.343880
  3340 298.726903
  3345 301.542628
  3350 299.177323
  3355 299.188049
  3360 304.944941
  3365 301.605642
  3370 290.712139
  3375 299.420491
  3380 305.499124
  3385 292.041297
  3390 294.158441
  3395 305.490732
  3400 295.573855
  3405 299.942320
  3410 297.208121
  3415 305.268494
  3420 298.846927
  3425 301.104309
  3430 294.825276
  3435 293.534559
  3440 292.552657
  3445 296.035329
  3450 301.695090
  3455 300.600382
  3460 293.570092
  3465 305.173831
  3470 303.020584
  3475 303.837170
  3480 295.234924
  3485 296.422463
  3490 299.312699
  3495 301.315256
  3500 291.269051
  3505 290.967415
  3510 300.932142
  3515 300.177846
  3520 296.295868
  3525 296.457635
  3530 291.231437
  3535 290.664138
  3540 298.410026
  3545 304.730294
  3550 291.725598
  3555 292.769232
  3560 295.822762
  3565 301.669249
  3570 291.015026
  3575 295.215773
  3580 299.144862
  3585 300.159813
  3590 298.947711
  3595 298.368232
  3600 295.788992
  3605 294.444610
  3610 303.187163
  3615 293.925707
  3620 295.800544
  3625 305.165563
  3630 296.437440
  3635 304.582920
  3640 304.213789
  3645 300.065437
  3650 291.577922
  3655 298.441466
  3660 291.159071
  3665 304.330396
  3670 298.855883
  3675 298.283876
  3680 297.339920
  3685 294.635725
  3690 292.777356
  3695 301.969261
  3700 292.839636
  3705 305.259069
  3710 295.992971
  3715 301.284622
  3720 302.688780
  3725 295.277618
  3730 294.640003
  3735 302.605768
  3740 296.015496
  3745 294.826570
  3750 298.001528
  3755 305.060412
  3760 300.643512
  3765 291.037382
  3770 296.171866
  3775 301.919908
  3780 292.078127
  3785 296.253108
  3790 291.273282
  3795 303.980538
  3800 291.696539
  3805 298.027260
  3810 298.949009
  3815 299.982611
  3820 304.058556
  3825 292.309332
  3830 299.834778
  3835 305.337022
  3840 304.134298
  3845 293.313156
  3850 291.050470
  3855 296.717228
  3860 302.089146
  3865 304.693041
  3870 291.059673
  3875 300.662234
  3880 304.987904
  3885 300.308989
  3890 295.544126
  3895 295.663296
  3900 298.767667
  3905 297.494194
  3910 300.375123
  3915 304.226799
  3920 293.461827
  3925 293.698094
  3930 304.253231
  3935 294.402289
  3940 292.750774
  3945 298.419042
  3950 292.027427
  3955 305.469918
  3960 294.424224
  3965 299.332565
  3970 300.593966
  3975 299.068125
  3980 297.488798
  3985 295.431906
  3990 303.758090
  3995 293.336264
  4000 304.512456
  4005 293.888318
  4010 302.970726
  4015 301.613607
  4020 290.981675
  4025 300.303453
  4030 304.594489
  4035 290.706921
  4040 297.730127
  4045 296.371490
  4050 298.404910
  4055 296.166744
  4060 293.175282
  4065 290.821105
  4070 293.727382
  4075 295.993597
  4080 301.086016
  4085 299.575875
  4090 294.964592
  4095 299.865935
  4100 305.220372
  4105 298.157468
  4110 298.685691
  4115 290.906700
  4120 302.305955
  4125 304.966388
  4130 291.499363
  4135 304.100610
  4140 296.605556
  4145 296.281010
  4150 298.680496
  4155 302.200844
  4160 303.523508
  4165 299.676545
  4170 297.648395
  4175 303.522185
  4180 295.708166
  4185 293.240514
  4190 304.682459
  4195 299.830957
  4200 301.919342
  4205 302.136228
  4210 298.527288
  4215 298.361723
  4220 301.346973
  4225 304.361280
  4230 300.177887
  4235 302.094388
  4240 301.641884
  4245 304.670164
  4250 291.223650
  4255 291.931778
  4260 293.004593
  4265 297.735846
  4270 291.008342
  4275 301.050434
  4280 302.398049
  4285 299.283221
  4290 295.254350
  4295 292.219172
  4300 295.881347
  4305 301.432770
  4310 294.837675
  4315 294.202492
  4320 301.217509
  4325 290.954488
  4330 297.460180
  4335 304.578720
  4340 304.850081
  4345 303.907545
  4350 297.562290
  4355 303.267639
  4360 294.886688
  4365 292.003291
  4370 301.466937
  4375 297.241976
  4380 300.954883
  4385 294.521043
  4390 293.402856
  4395 295.836320
  4400 298.458672
  4405 300.401444
  4410 302.835713
  4415 303.010837
  4420 299.613141
  4425 299.446638
  4430 299.501586
  4435 303.254938
  4440 296.077976
  4445 297.194754
  4450 299.259186
  4455 305.333950
  4460 299.440691
  4465 294.948730
  4470 298.353278
  4475 293.378629
  4480 291.294504
  4485 299.653827
  4490 298.788958
  4495 295.770797
  4500 292.593158
  4505 301.522945
  4510 304.182065
  4515 300.125897
  4520 291.661867
  4525 292.752026
  4530 295.988335
  4535 294.746509
  4540 293.103058
  4545 301.127810
  4550 300.335414
  4555 305.334121
  4560 295.440833
  4565 295.475331
  4570 300.006244
  4575 304.422505
  4580 298.550347
  4585 304.676162
  4590 304.042622
  4595 301.908710
  4600 301.804721
  4605 293.763505
  4610 291.849619
  4615 296.064360
  4620 301.161384
  4625 292.191549
  4630 302.905812
  4635 300.094476
  4640 300.869624
  4645 297.701014
  4650 297.663067
  4655 297.243146
  4660 303.655894
  4665 299.521139
  4670 303.484102
  4675 292.031125
  4680 298.571716
  4685 299.036754
  4690 297.830906
  4695 304.794202
  4700 291.287519
  4705 302.953090
  4710 295.796299
  4715 295.058364
  4720 292.174122
  4725 293.820733
  4730 293.283396
  4735 299.625409
  4740 292.890836
  4745 292.342900
  4750 301.684472
  4755 292.480452
  4760 299.594078
  4765 293.370341
  4770 291.828354
  4775 301.320447
  4780 297.119397
  4785 292.293044
  4790 300.760541
  4795 305.423041
  4800 301.690680
  4805 300.133388
  4810 303.591902
  4815 292.346954
  4820 304.579262
  4825 291.719530
  4830 304.658635
  4835 294.599118
  4840 295.384809
  4845 304.222375
  4850 296.851208
  4855 297.499365
  4860 291.805532
  4865 300.924605
  4870 292.190541
  4875 294.735479
  4880 302.091428
  4885 296.381584
  4890 293.602970
  4895 303.214437
  4900 294.828080
  4905 297.845645
  4910 304.030420
  4915 296.862575
  4920 295.421341
  4925 299.499490
  4930 292.895429
  4935 292.310232
  4940 303.470785
  4945 296.116745
  4950 302.696541
  4955 295.296521
  4960 295.713409
  4965 303.326746
  4970 293.807299
  4975 297.260913
  4980 304.316775
  4985 301.543425
  4990 294.488783
  4995 291.940017
  5000 297.973790
  5005 295.775870
  5010 297.567269
  5015 292.447372
  5020 297.137137
  5025 298.737611
  5030 293.940007
  5035 294.261855
  5040 298.969737
  5045 294.671952
  5050 291.133630
  5055 297.036431
  5060 291.983878
  5065 305.190052
  5070 304.674933
  5075 300.667249
  5080 295.718415
  5085 293.295754
  5090 304.568436
  5095 293.468076
  5100 294.630543
  5105 292.464911
  5110 299.898042
  5115 296.183978
  5120 295.967445
  5125 296.475700
  5130 305.629548
  5135 298.666783
  5140 304.848424
  5145 303.354597
  5150 298.428999
  5155 300.886991
  5160 295.050620
  5165 302.089119
  5170 302.394833
  5175 293.769798
  5180 295.489631
  5185 301.760597
  5190 303.821747
  5195 296.139083
  5200 303.414527
  5205 290.821561
  5210 298.597939
  5215 304.219298
  5220 302.699331
  5225 301.620824
  5230 305.581806
  5235 291.035246
  5240 295.600750
  5245 305.544711
  5250 300.877871
  5255 296.065120
  5260 299.409416
  5265 302.853514
  5270 291.321043
  5275 304.309392
  5280 295.961259
  5285 291.860076
  5290 304.838485
  5295 294.604582
  5300 295.249448
  5305 292.834764
  5310 295.952480
  5315 296.688992
  5320 295.020668
  5325 294.558998
  5330 298.309907
  5335 298.649594
  5340 297.903742
  5345 291.932888
  5350 296.550759
  5355 295.241814
  5360 299.174254
  5365 296.612930
  5370 304.542178
  5375 296.605112
  5380 304.815719
  5385 298.566654
  5390 302.893418
  5395 298.826572
  5400 303.885164
  5405 301.153286
  5410 304.623332
  5415 293.970518
  5420 293.156879
  5425 295.880731
  5430 298.502725
  5435 296.382571
  5440 290.688988
  5445 305.519850
  5450 304.656029
  5455 291.087703
  5460 290.867825
  5465 302.032302
  5470 292.968127
  5475 297.589242
  5480 302.336920
  5485 291.928593
  5490 297.490993
  5495 299.820309
  5500 300.822545
  5505 296.967563
  5510 302.082469
  5515 302.449438
  5520 297.004203
  5525 304.307539
  5530 291.455100
  5535 290.967240
  5540 301.630420
  5545 304.048840
  5550 292.756722
  5555 297.967120
  5560 304.072668
  5565 297.014260
  5570 298.151919
  5575 305.455924
  5580 297.212277
  5585 305.594760
  5590 300.200851
  5595 304.954478
  5600 294.768108
  5605 304.134221
  5610 295.606194
  5615 302.740420
  5620 303.235125
  5625 296.983966
  5630 291.833791
  5635 299.825053
  5640 299.510387
  5645 302.186970
  5650 302.252410
  5655 295.625077
  5660 300.267204
  5665 305.278930
  5670 295.976186
  5675 290.752703
  5680 291.337321
  5685 303.619400
  5690 293.212113
  5695 298.676135
  5700 291.865527
  5705 293.964523
  5710 293.013705
  5715 290.991388
  5720 291.171609
  5725 297.670446
  5730 297.036288
  5735 302.012332
  5740 292.316246
  5745 297.284288
  5750 293.075295
  5755 297.199755
  5760 295.934253
  5765 295.653791
  5770 292.131913
  5775 299.182627
  5780 290.659501
  5785 302.718032
  5790 294.906344
  5795 292.827212
  5800 291.158180
  5805 293.669740
  5810 295.869525
  5815 294.519322
  5820 298.370501
  5825 292.688795
  5830 292.236657
  5835 299.954533
  5840 291.426754
  5845 296.651198
  5850 292.344864
  5855 302.507301
  5860 304.145316
  5865 291.845380
  5870 297.978265
  5875 299.554451
  5880 300.722072
  5885 298.101226
  5890 294.700677
  5895 299.432619
  5900 304.331984
  5905 300.773446
  5910 300.616153
  5915 304.689327
  5920 305.189203
  5925 301.352481
  5930 304.043479
  5935 304.132524
  5940 303.299789
  5945 292.827436
  5950 303.442358
  5955 292.703399
  5960 298.072210
  5965 304.676559
  5970 299.146568
  5975 293.101845
  5980 301.532812
  5985 296.789589
  5990 302.008221
  5995 295.093033
  6000 292.663711
  6005 299.604237
  6010 299.326719
  6015 293.759389
  6020 291.719462
  6025 300.519478
  6030 294.701828
  6035 303.561763
  6040 296.412524
  6045 294.110203
  6050 301.374804
  6055 291.334865
  6060 301.561546
  6065 305.582203
  6070 299.853232
  6075 293.500380
  6080 299.043913
  6085 295.151131
  6090 304.360616
  6095 298.237291
  6100 299.063895
  6105 299.387168
  6110 300.836408
  6115 298.019050
  6120 295.376779
  6125 292.808498
  6130 304.815945
  6135 301.568879
  6140 293.722293
  6145 303.033541
  6150 296.129620
  6155 297.535090
  6160 295.628488
  6165 294.810228
  6170 304.831712
  6175 303.429776
  6180 293.542839
  6185 292.874960
  6190 296.438294
  6195 296.085334
  6200 300.641465
  6205 303.289843
  6210 295.347131
  6215 302.031788
  6220 292.836937
  6225 303.097847
  6230 292.560609
  6235 298.016244
  6240 303.940088
  6245 298.478798
  6250 295.151395
  6255 292.078114
  6260 292.964782
  6265 296.851975
  6270 294.008870
  6275 302.587936
  6280 304.811978
  6285 303.011824
  6290 304.316268
  6295 295.083969
  6300 293.147370
  6305 300.559601
  6310 298.272967
  6315 295.599436
  6320 294.964844
  6325 297.667780
  6330 295.615809
  6335 305.451424
  6340 295.980446
  6345 297.347142
  6350 304.030447
  6355 297.155525
  6360 290.761676
  6365 294.099119
  6370 303.199854
  6375 292.689632
  6380 298.089016
  6385 303.906329
  6390 304.316159
  6395 292.161186
  6400 293.817493
  6405 295.392542
  6410 304.885605
  6415 303.975416
  6420 294.168227
  6425 299.794911
  6430 298.687381
  6435 302.834523
  6440 294.530924
  6445 298.755074
  6450 296.368389
  6455 297.037967
  6460 295.763792
  6465 291.729769
  6470 290.814071
  6475 302.893056
  6480 292.834731
  6485 301.378379
  6490 302.435197
  6495 303.022938
  6500 301.932362
  6505 303.250612
  6510 296.896788
  6515 297.054953
  6520 302.799598
  6525 292.856941
  6530 301.546796
  6535 295.202323
  6540 303.097241
  6545 293.149760
  6550 293.536556
  6555 296.109542
  6560 293.306171
  6565 298.499291
  6570 298.661840
  6575 302.138164
  6580 298.350013
  6585 295.565899
  6590 302.881618
  6595 291.130440
  6600 296.747215
  6605 303.029066
  6610 298.347707
  6615 294.619019
  6620 301.943414
  6625 293.848716
  6630 296.791947
  6635 304.736961
  6640 292.209951
  6645 291.384318
  6650 302.073745
  6655 295.267922
  6660 303.577547
  6665 305.456737
  6670 299.489694
  6675 291.233688
  6680 296.892875
  6685 292.110589
  6690 300.083528
  6695 304.686793
  6700 293.457092
  6705 297.501046
  6710 293.751126
  6715 296.226157
  6720 303.091964
  6725 303.235442
  6730 301.807766
  6735 304.906378
  6740 298.672069
  6745 295.960496
  6750 305.235889
  6755 301.817639
  6760 295.057996
  6765 298.872313
  6770 299.950357
  6775 296.706120
  6780 303.058648
  6785 294.810520
  6790 291.484489
  6795 298.303288
  6800 297.972744
  6805 290.881692
  6810 298.394225
  6815 291.367817
  6820 298.234639
  6825 301.412346
  6830 292.915982
  6835 301.209948
  6840 293.391170
  6845 297.260236
  6850 299.539585
  6855 291.403298
  6860 304.350642
  6865 300.113375
  6870 295.223084
  6875 297.632536
  6880 299.065489
  6885 299.923648
  6890 299.799632
  6895 291.405225
  6900 298.841745
  6905 293.660301
  6910 304.859122
  6915 298.503520
  6920 293.585688
  6925 302.403185
  6930 305.362593
  6935 292.007691
  6940 294.471494
  6945 297.090283
  6950 294.762915
  6955 290.818320
  6960 302.385358
  6965 300.566418
  6970 299.767489
  6975 303.992263
  6980 298.568822
  6985 297.783576
  6990 291.685918
  6995 302.650896
  7000 291.470289
  7005 300.555408
  7010 305.404024
  7015 299.712824
  7020 295.507730
  7025 303.840878
  7030 301.749264
  7035 300.985258
  7040 296.255355
  7045 300.015752
  7050 304.155825
  7055 298.792666
  7060 292.950431
  7065 303.945435
  7070 299.598463
  7075 305.246040
  7080 302.650958
  7085 300.225848
  7090 304.403382
  7095 299.307433
  7100 302.856453
  7105 300.730159
  7110 301.256089
  7115 290.901651
  7120 293.616595
  7125 303.977311
  7130 293.855154
  7135 293.854433
  7140 302.451892
  7145 303.424642
  7150 295.055005
  7155 295.281669
  7160 303.335470
  7165 300.402062
  7170 305.369424
  7175 295.527802
  7180 305.326805
  7185 292.680404
  7190 297.080690
  7195 291.920966
  7200 292.680563
  7205 296.082071
  7210 303.860869
  7215 302.448404
  7220 298.069782
  7225 298.820211
  7230 292.343745
  7235 291.379012
  7240 300.670864
  7245 300.700703
  7250 302.531871
  7255 294.831087
  7260 295.396242
  7265 302.791056
  7270 298.781059
  7275 295.981376
  7280 303.502262
  7285 291.752966
  7290 297.193512
  7295 296.170072
  7300 303.004121
  7305 293.941197
  7310 301.330009
  7315 297.907017
  7320 294.665348
  7325 297.453849
  7330 303.714955
  7335 299.598047
  7340 299.774462
  7345 301.999876
  7350 291.465533
  7355 302.425809
  7360 292.513165
  7365 303.348927
  7370 297.317359
  7375 300.084096
  7380 299.298743
  7385 302.494205
  7390 301.102926
  7395 305.518450
  7400 293.239873
  7405 301.898008
  7410 303.735504
  7415 301.306632
  7420 294.921909
  7425 304.173629
  7430 293.536689
  7435 294.137883
  7440 297.251696
  7445 298.004698
  7450 302.434045
  7455 297.059950
  7460 296.011888
  7465 299.560931
  7470 304.246258
  7475 298.960778
  7480 300.126068
  7485 299.369626
  7490 301.681663
  7495 301.801670
  7500 295.541443
  7505 298.829507
  7510 294.549732
  7515 298.788750
  7520 304.167372
  7525 295.342756
  7530 297.202478
  7535 300.039394
  7540 301.030328
  7545 291.410070
  7550 299.780117
  7555 293.014788
  7560 300.541665
  7565 294.814861
  7570 296.282234
  7575 303.120711
  7580 292.174443
  7585 299.090354
  7590 297.418394
  7595 305.506050
  7600 300.321718
  7605 298.172072
  7610 297.878810
  7615 296.781276
  7620 301.256455
  7625 305.365795
  7630 294.134792
  7635 293.656234
  7640 304.911170
  7645 294.089671
  7650 298.143623
  7655 304.198525
  7660 291.426951
  7665 295.103731
  7670 298.692845
  7675 291.238457
  7680 292.140504
  7685 305.302285
  7690 300.508819
  7695 304.936656
  7700 304.091934
  7705 297.268514
  7710 302.818790
  7715 304.887967
  7720 290.757484
  7725 305.233006
  7730 295.910483
  7735 302.335326
  7740 298.939363
  7745 297.473723
  7750 298.423826
  7755 296.548261
  7760 296.070769
  7765 305.233371
  7770 290.829719
  7775 299.093157
  7780 292.238448
  7785 291.667483
  7790 298.634022
  7795 303.570180
  7800 297.289114
  7805 304.587588
  7810 304.901657
  7815 299.822891
  7820 294.010910
  7825 300.857059
  7830 295.869587
  7835 301.170469
  7840 298.373270
  7845 293.504825
  7850 300.594755
  7855 298.544168
  7860 303.282216
  7865 296.803467
  7870 295.736886
  7875 299.469435
  7880 297.519413
  7885 303.036952
  7890 296.948367
  7895 294.623465
  7900 298.485685
  7905 300.049558
  7910 301.499937
  7915 297.835626
  7920 295.316576
  7925 301.159048
  7930 290.740409
  7935 299.419502
  7940 296.948182
  7945 296.523771
  7950 298.573391
  7955 298.552491
  7960 296.582044
  7965 302.907729
  7970 298.450442
  7975 296.073830
  7980 298.869417
  7985 291.836160
  7990 295.087882
  7995 297.859381
  8000 294.199994
  8005 293.048890
  8010 292.245300
  8015 302.692487
  8020 296.371200
  8025 295.087448
  8030 297.586234
  8035 299.015915
  8040 293.957154
  8045 301.848031
  8050 305.174204
  8055 302.940064
  8060 294.621332
  8065 301.210939
  8070 290.659223
  8075 303.934023
  8080 294.832629
  8085 301.304862
  8090 293.812191
  8095 294.013049
  8100 298.500563
  8105 294.161770
  8110 290.715224
  8115 303.696798
  8120 291.934932
  8125 302.257829
  8130 298.487970
  8135 300.316103
  8140 291.207147
  8145 293.791825
  8150 290.964562
  8155 305.399629
  8160 296.556454
  8165 302.863788
  8170 300.612126
  8175 290.755141
  8180 292.821312
  8185 293.847394
  8190 295.919649
  8195 291.352359
  8200 293.225446
  8205 298.297125
  8210 300.279512
  8215 305.449380
  8220 298.402003
  8225 294.561959
  8230 290.901173
  8235 296.372407
  8240 301.712254
  8245 295.281315
  8250 295.123778
  8255 291.378677
  8260 290.849328
  8265 294.281850
  8270 295.025053
  8275 295.279386
  8280 292.280024
  8285 297.653336
  8290 300.478920
  8295 294.830160
  8300 299.701265
  8305 296.650070
  8310 302.936113
  8315 305.343028
  8320 297.282981
  8325 305.175200
  8330 297.250180
  8335 297.913254
  8340 302.194952
  8345 296.975868
  8350 297.177540
  8355 304.618029
  8360 292.214066
  8365 302.667159
  8370 302.654633
  8375 299.145150
  8380 301.315457
  8385 303.678328
  8390 297.952355
  8395 296.562834
  8400 292.775437
  8405 303.179101
  8410 291.591490
  8415 296.881891
  8420 295.008820
  8425 300.020933
  8430 302.752480
  8435 303.709592
  8440 299.034253
  8445 294.487401
  8450 294.985767
  8455 299.090952
  8460 301.436088
  8465 301.142570
  8470 301.839886
  8475 294.036361
  8480 304.168394
  8485 303.672021
  8490 298.646936
  8495 301.337368
  8500 304.331192
  8505 302.871095
  8510 296.217898
  8515 292.466802
  8520 300.571438
  8525 305.564294
  8530 300.768265
  8535 302.239868
  8540 304.581976
  8545 304.937318
  8550 300.849697
  8555 295.346241
  8560 300.571653
  8565 290.982015
  8570 300.497960
  8575 292.332148
  8580 305.300226
  8585 296.128547
  8590 305.323584
  8595 297.521121
  8600 296.981664
  8605 299.093685
  8610 301.418081
  8615 291.233924
  8620 297.257379
  8625 300.917962
  8630 295.774451
  8635 294.202967
  8640 304.642867
  8645 298.453966
  8650 301.623248
  8655 294.164154
  8660 302.947013
  8665 295.753429
  8670 290.838872
  8675 299.439982
  8680 302.253805
  8685 304.446655
  8690 292.264082
  8695 305.392167
  8700 301.610948
  8705 293.694620
  8710 304.208904
  8715 299.016258
  8720 290.762904
  8725 302.592175
  8730 302.172430
  8735 292.767928
  8740 298.252524
  8745 290.958777
  8750 291.731503
  8755 303.518736
  8760 305.357892
  8765 291.648357
  8770 298.936964
  8775 292.016524
  8780 298.065406
  8785 300.847769
  8790 301.374261
  8795 294.805072
  8800 293.898945
  8805 300.136754
  8810 298.215316
  8815 302.338045
  8820 302.268534
  8825 295.601755
  8830 292.506236
  8835 291.215976
  8840 304.893041
  8845 299.220684
  8850 298.648500
  8855 299.848195
  8860 295.621267
  8865 300.822585
  8870 304.204674
  8875 292.950041
  8880 294.092436
  8885 300.153852
  8890 295.630560
  8895 294.463768
  8900 299.115908
  8905 297.123342
  8910 294.460124
  8915 295.206070
  8920 293.011008
  8925 296.085673
  8930 298.951410
  8935 296.913564
  8940 295.466351
  8945 301.746967
  8950 302.074185
  8955 303.325853
  8960 297.583847
  8965 303.606819
  8970 296.736630
  8975 296.016314
  8980 296.557336
  8985 303.871851
  8990 293.280045
  8995 302.082142
  9000 304.108169
  9005 294.552125
  9010 297.749748
  9015 302.554496
  9020 290.778845
  9025 305.290598
  9030 304.261109
  9035 300.840178
  9040 293.447803
  9045 291.250322
  9050 299.926461
  9055 302.837347
  9060 298.215213
  9065 302.843714
  9070 298.199988
  9075 292.613209
  9080 299.369967
  9085 302.237264
  9090 299.322368
  9095 297.195611
  9100 294.111116
  9105 304.223024
  9110 301.580741
  9115 294.558129
  9120 292.009128
  9125 304.595198
  9130 298.461369
  9135 305.014993
  9140 298.364047
  9145 305.108711
  9150 299.331134
  9155 292.355171
  9160 299.086508
  9165 293.240076
  9170 301.353076
  9175 302.534541
  9180 297.370379
  9185 299.029322
  9190 302.159293
  9195 293.553815
  9200 298.438973
  9205 298.524314
  9210 293.513915
  9215 294.357541
  9220 295.733080
  9225 298.411555
  9230 303.171496
  9235 298.340671
  9240 290.667312
  9245 303.207413
  9250 300.246849
  9255 301.513048
  9260 300.278348
  9265 294.809248
  9270 296.689558
  9275 296.024896
  9280 292.954809
  9285 300.507756
  9290 293.896088
  9295 304.623172
  9300 299.727198
  9305 303.470178
  9310 303.346841
  9315 295.910153
  9320 298.354529
  9325 293.170039
  9330 294.687074
  9335 304.945184
  9340 305.177974
  9345 305.281481
  9350 293.141333
  9355 297.052856
  9360 304.303503
  9365 294.322877
  9370 293.157598
  9375 298.051440
  9380 302.697152
  9385 304.719251
  9390 292.403089
  9395 293.706615
  9400 301.793627
  9405 303.916052
  9410 298.341376
  9415 294.982515
  9420 302.168121
  9425 301.871649
  9430 303.691719
  9435 304.492034
  9440 291.999777
  9445 298.419697
  9450 301.530686
  9455 304.009987
  9460 296.027788
  9465 300.963488
  9470 296.558577
  9475 294.260896
  9480 300.645675
  9485 290.746036
  9490 291.095848
  9495 295.540745
  9500 302.215780
  9505 304.378038
  9510 304.097462
  9515 290.886186
  9520 304.079109
  9525 293.819414
  9530 291.174263
  9535 291.843018
  9540 304.770926
  9545 304.261304
  9550 302.887761
  9555 304.651197
  9560 296.482899
  9565 292.203655
  9570 300.379250
  9575 297.284611
  9580 290.739398
  9585 301.144033
  9590 297.044268
  9595 302.718994
  9600 300.784549
  9605 298.018598
  9610 294.669544
  9615 302.514696
  9620 299.448957
  9625 298.906662
  9630 296.838199
  9635 298.498022
  9640 295.102248
  9645 299.588331
  9650 297.744727
  9655 296.505671
  9660 295.289028
  9665 292.750949
  9670 301.648631
  9675 298.760475
  9680 296.217153
  9685 302.622165
  9690 304.519893
  9695 300.812883
  9700 303.494781
  9705 297.452920
  9710 300.135638
  9715 303.139168
  9720 291.776733
  9725 296.492297
  9730 300.728770
  9735 292.907283
  9740 302.938326
  9745 302.336292
  9750 304.768002
  9755 292.478891
  9760 296.621575
  9765 292.863712
  9770 292.249435
  9775 298.517261
  9780 299.124219
  9785 304.042888
  9790 299.121643
  9795 294.896189
  9800 302.340188
  9805 298.432931
  9810 292.335138
  9815 294.366332
  9820 291.471132
  9825 301.769588
  9830 294.562160
  9835 296.539800
  9840 294.163405
  9845 292.965339
  9850 303.634982
  9855 296.747619
  9860 301.388967
  9865 299.398729
  9870 293.702931
  9875 294.548043
  9880 296.792516
  9885 300.586972
  9890 292.379103
  9895 303.728890
  9900 304.121475
  9905 293.794668
  9910 300.900464
  9915 302.901510
  9920 294.010724
  9925 294.651422
  9930 296.292719
  9935 292.153646
  9940 301.942226
  9945 303.543962
  9950 290.917259
  9955 302.724873
  9960 298.886791
  9965 290.863911
  9970 295.028168
  9975 297.758430
  9980 292.731557
  9985 300.337692
  9990 295.636185
  9995 300.351360
 10000 301.914323
 10005 292.865491
 10010 302.223129
 10015 293.765212
 10020 302.483555
 10025 301.643867
 10030 299.520834
 10035 293.828915
 10040 295.979990
 10045 298.284041
 10050 304.405159
 10055 302.497257
 10060 296.689926
 10065 292.026915
 10070 297.610611
 10075 296.874601
 10080 304.289279
 10085 292.135835
 10090 298.818528
 10095 294.544663
 10100 298.374098
 10105 294.578614
 10110 295.502867
 10115 295.648456
 10120 297.067030
 10125 304.164540
 10130 293.877268
 10135 304.933358
 10140 304.155230
 10145 291.409368
 10150 305.576677
 10155 292.636385
 10160 294.519911
 10165 291.234974
 10170 292.906527
 10175 295.711873
 10180 291.778848
 10185 292.775944
 10190 302.759099
 10195 298.183765
 10200 294.323953
 10205 295.963136
 10210 294.353564
 10215 303.504703
 10220 297.735487
 10225 296.824612
 10230 304.100745
 10235 292.266515
 10240 292.799352
 10245 298.652080
 10250 303.658967
 10255 298.059535
 10260 300.686379
 10265 291.944306
 10270 295.523894
 10275 291.220917
 10280 299.124767
 10285 298.874303
 10290 299.087458
 10295 294.326588
 10300 293.963429
 10305 304.780967
 10310 298.855876
 10315 305.361736
 10320 295.996484
 10325 305.007374
 10330 304.747014
 10335 302.518886
 10340 298.224264
 10345 301.379557
 10350 293.212357
 10355 296.296412
 10360 296.186664
 10365 297.235323
 10370 293.132815
 10375 300.384263
 10380 293.831405
 10385 292.253765
 10390 295.846562
 10395 297.833041
 10400 300.470180
 10405 296.538438
 10410 297.676768
 10415 300.558061
 10420 292.421904
 10425 298.010855
 10430 296.531777
 10435 297.451561
 10440 302.025389
 10445 301.626869
 10450 300.697982
 10455 296.203486
 10460 295.508582
 10465 300.096144
 10470 302.090123
 10475 294.401417
 10480 293.941730
 10485 296.554286
 10490 292.757143
 10495 297.915126
 10500 302.131388
 10505 304.731377
 10510 303.592811
 10515 295.422347
 10520 291.976614
 10525 304.051884
 10530 299.770992
 10535 300.186187
 10540 304.039173
 10545 294.255853
 10550 303.987659
 10555 297.000716
 10560 297.401962
 10565 297.919634
 10570 301.858986
 10575 302.822525
 10580 297.030461
 10585 295.604246
 10590 300.944172
 10595 300.980140
 10600 295.282166
 10605 292.379767
 10610 304.133408
 10615 298.210317
 10620 298.649616
 10625 299.944466
 10630 292.268037
 10635 295.653554
 10640 293.744261
 10645 300.341364
 10650 296.450735
 10655 300.194092
 10660 292.447860
 10665 302.327325
 10670 296.929828
 10675 293.253564
 10680 294.718765
 10685 292.459188
 10690 292.015523
 10695 291.276822
 10700 299.940906
 10705 302.938371
 10710 292.496389
 10715 291.804655
 10720 291.997572
 10725 293.408885
 10730 305.534346
 10735 293.725374
 10740 297.673920
 10745 302.246162
 10750 304.126554
 10755 303.190923
 10760 301.652860
 10765 292.331792
 10770 297.901443
 10775 301.070278
 10780 290.964368
 10785 292.971900
 10790 303.891706
 10795 302.975407
 10800 300.061851
