     5 301.586948
    10 300.381312
    15 292.517048
    20 298.683780
    25 304.490511
    30 297.544786
    35 295.259632
    40 303.039293
    45 301.842343
    50 297.504434
    55 290.782781
    60 291.213325
    65 294.950952
    70 301.269771
    75 294.340719
    80 294.571965
    85 297.468769
    90 291.391117
    95 302.132424
   100 292.096375
   105 291.419909
   110 300.474092
   115 302.901089
   120 290.742284
   125 296.784069
   130 294.073521
   135 295.264561
   140 304.457848
   145 297.564313
   150 295.441140
   155 296.539551
   160 291.113133
   165 291.438682
   170 298.618342
   175 298.270156
   180 302.469475
   185 292.681273
   190 295.152716
   195 298.694705
   200 296.095062
   205 296.844762
   210 301.291786
   215 297.085467
   220 305.506916
   225 294.761265
   230 304.537739
   235 297.679440
   240 296.657741
   245 302.433315
   250 302.803066
   255 298.968563
   260 301.902073
   265 292.205341
   270 301.481173
   275 302.652134
   280 297.560290
   285 292.096280
   290 304.014175
   295 303.888023
   300 301.229653
   305 298.661731
   310 295.097064
   315 293.903274
   320 291.074230
   325 304.798557
   330 301.399955
   335 296.255607
   340 296.587570
   345 299.019947
   350 293.805298
   355 295.884534
   360 302.331616
   365 291.594663
   370 302.161303
   375 299.868398
   380 300.154638
   385 297.618919
   390 298.397372
   395 301.978127
   400 298.149816
   405 303.097564
   410 299.840012
   415 293.265439
   420 293.323634
   425 302.217567
   430 302.371709
   435 304.149704
   440 305.511779
   445 300.908267
   450 297.222157
   455 295.384857
   460 305.464615
   465 293.392298
   470 295.654869
   475 294.942048
   480 291.343604
   485 304.296431
   490 302.131135
   495 299.691505
   500 292.945105
   505 295.361025
   510 300.028342
   515 293.807181
   520 295.165566
   525 304.351319
   530 303.518841
   535 303.233265
   540 294.490781
   545 296.877802
   550 298.236002
   555 295.083650
   560 292.552372
   565 305.049710
   570 302.797738
   575 290.769930
   580 290.838659
   585 305.366465
   590 295.001382
   595 291.095734
   600 298.767459
   605 292.186227
   610 296.752478
   615 305.602736
   620 299.675131
   625 291.320815
   630 302.718327
   635 300.242974
   640 291.983607
   645 304.182364
   650 296.898128
   655 301.717421
   660 301.306918
   665 297.580963
   670 305.531922
   675 302.040774
   680 301.970407
   685 294.316750
   690 293.414941
   695 297.914946
   700 291.693616
   705 294.246491
   710 301.788902
   715 293.511594
   720 301.805659
   725 295.361500
   730 290.729493
   735 297.297239
   740 294.836578
   745 303.184020
   750 294.747612
   755 297.916198
   760 304.280741
   765 293.497449
   770 296.070338
   775 297.035927
   780 304.593210
   785 294.783149
   790 304.660085
   795 293.533102
   800 294.814556
   805 293.068615
   810 297.954384
   815 303.752612
   820 299.553205
   825 300.795388
   830 296.571651
   835 296.931714
   840 301.013094
   845 302.438892
   850 292.958935
   855 299.404116
   860 295.141407
   865 297.465158
   870 291.191634
   875 304.838197
   880 300.478438
   885 300.813427
   890 304.100076
   895 301.851155
   900 305.150810
   905 291.886757
   910 290.826051
   915 298.817786
   920 302.291264
   925 297.455158
   930 300.207589
   935 297.333100
   940 294.102622
   945 303.916626
   950 300.515961
   955 297.176302
   960 299.157583
   965 297.133534
   970 304.726988
   975 303.144353
   980 294.911334
   985 301.218703
   990 291.417970
   995 292.063240
  1000 305.609075
  1005 292.498880
  1010 298.702143
  1015 298.122458
  1020 292.855843
  1025 293.278725
  1030 301.948901
  1035 298.494079
  1040 294.953755
  1045 305.561135
  1050 304.214507
  1055 302.638338
  1060 295.689754
  1065 300.371596
  1070 297.064196
  1075 300.650725
  1080 298.696677
  1085 297.543979
  1090 297.330995
  1095 301.009493
  1100 299.474637
  1105 294.258906
  1110 303.718250
  1115 295.208892
  1120 298.641083
  1125 303.228806
  1130 294.092345
  1135 300.090674
  1140 295.564985
  1145 294.890539
  1150 302.198234
  1155 293.667261
  1160 295.686129
  1165 298.322808
  1170 293.172712
  1175 293.844462
  1180 300.160227
  1185 298.517129
  1190 303.883613
  1195 294.118769
  1200 295.009116
  1205 304.707755
  1210 304.619257
  1215 305.495299
  1220 297.447324
  1225 299.532527
  1230 292.507534
  1235 290.991204
  1240 299.469764
  1245 293.852262
  1250 295.815978
  1255 298.489183
  1260 301.058073
  1265 301.920222
  1270 301.890530
  1275 298.988114
  1280 301.095330
  1285 304.372024
  1290 299.490154
  1295 297.584652
  1300 299.231894
  1305 304.160091
  1310 304.316160
  1315 299.537273
  1320 295.932248
  1325 295.416407
  1330 294.135056
  1335 298.220527
  1340 292.012075
  1345 304.836326
  1350 299.261916
  1355 292.093160
  1360 298.057218
  1365 301.473730
  1370 303.176706
  1375 304.756357
  1380 292.834796
  1385 292.190064
  1390 295.953374
  1395 305.400763
  1400 298.316291
  1405 293.533517
  1410 293.562169
  1415 300.714385
  1420 297.497265
  1425 297.272780
  1430 292.589047
  1435 304.715799
  1440 303.690945
  1445 297.244954
  1450 301.169612
  1455 303.318160
  1460 305.049032
  1465 296.193907
  1470 303.288727
  1475 296.551619
  1480 298.403924
  1485 291.857303
  1490 295.980254
  1495 297.433326
  1500 298.684431
  1505 291.882208
  1510 298.540111
  1515 294.037626
  1520 304.293219
  1525 302.445473
  1530 293.891424
  1535 292.353140
  1540 299.399955
  1545 293.799764
  1550 301.102303
  1555 293.284718
  1560 303.398234
  1565 291.045449
  1570 298.016996
  1575 294.039318
  1580 291.391425
  1585 300.236737
  1590 291.068763
  1595 300.906751
  1600 294.652236
  1605 302.129681
  1610 292.888724
  1615 301.177858
  1620 298.706530
  1625 291.441076
  1630 299.567747
  1635 295.116349
  1640 294.065621
  1645 305.277405
  1650 302.247260
  1655 301.312617
  1660 299.333503
  1665 304.800152
  1670 295.761720
  1675 300.084383
  1680 305.189036
  1685 301.627500
  1690 297.068806
  1695 301.975458
  1700 304.724189
  1705 304.772163
  1710 294.064242
  1715 291.762252
  1720 303.906130
  1725 292.881337
  1730 299.198281
  1735 302.211357
  1740 299.172257
  1745 304.178504
  1750 292.755022
  1755 304.088740
  1760 292.732918
  1765 293.682827
  1770 295.652961
  1775 296.142172
  1780 301.738439
  1785 299.516584
  1790 298.090801
  1795 293.793587
  1800 296.911156
  1805 295.485510
  1810 302.900939
  1815 296.280124
  1820 301.078089
  1825 291.737136
  1830 291.983907
  1835 302.802076
  1840 305.271164
  1845 303.628757
  1850 303.682275
  1855 298.003415
  1860 290.897004
  1865 302.147785
  1870 303.467931
  1875 296.436273
  1880 305.149290
  1885 302.360405
  1890 302.894628
  1895 294.625392
  1900 299.349504
  1905 302.148443
  1910 301.902261
  1915 302.379060
  1920 302.971779
  1925 296.506544
  1930 302.953477
  1935 292.261944
  1940 294.300850
  1945 305.333234
  1950 299.207443
  1955 301.048692
  1960 293.450398
  1965 291.491148
  1970 294.829511
  1975 295.237909
  1980 303.668965
  1985 299.077348
  1990 301.870154
  1995 303.169671
  2000 299.420030
  2005 297.718585
  2010 303.058334
  2015 300.117268
  2020 293.587482
  2025 303.046814
  2030 302.983190
  2035 292.464130
  2040 296.130435
  2045 300.486564
  2050 301.645286
  2055 299.618274
  2060 292.587027
  2065 292.065698
  2070 298.830819
  2075 300.155740
  2080 299.376297
  2085 303.331528
  2090 297.047098
  2095 302.975210
  2100 301.497312
  2105 304.845734
  2110 304.481878
  2115 292.454434
  2120 305.625699
  2125 291.338350
  2130 295.496630
  2135 304.135764
  2140 301.594076
  2145 301.635301
  2150 304.462967
  2155 295.607315
  2160 300.018982
  2165 291.097424
  2170 305.360645
  2175 291.305859
  2180 305.320940
  2185 292.977820
  2190 295.123049
  2195 304.372775
  2200 292.465856
  2205 291.525673
  2210 304.242261
  2215 292.260692
  2220 291.225532
  2225 297.485772
  2230 304.556481
  2235 305.196137
  2240 300.577750
  2245 299.093244
  2250 299.382073
  2255 294.024272
  2260 291.018887
  2265 303.300976
  2270 298.338843
  2275 305.070844
  2280 291.436336
  2285 304.102783
  2290 302.790899
  2295 296.646063
  2300 297.500882
  2305 302.315346
  2310 293.218984
  2315 302.730924
  2320 299.257173
  2325 303.059853
  2330 290.719249
  2335 291.199669
  2340 299.558836
  2345 296.108224
  2350 291.349560
  2355 302.216096
  2360 294.624497
  2365 303.083562
  2370 291.390008
  2375 304.054625
  2380 299.358869
  2385 299.457677
  2390 304.770348
  2395 299.599216
  2400 292.579519
  2405 302.373197
  2410 301.214880
  2415 294.521952
  2420 298.857955
  2425 296.281723
  2430 305.250842
  2435 301.835836
  2440 303.642709
  2445 298.435176
  2450 295.919442
  2455 297.583308
  2460 301.378103
  2465 291.793183
  2470 297.701535
  2475 296.654357
  2480 300.184949
  2485 305.322662
  2490 299.900706
  2495 295.991605
  2500 302.817474
  2505 295.076937
  2510 301.902289
  2515 300.587835
  2520 299.156869
  2525 291.418742
  2530 300.685877
  2535 299.034429
  2540 292.168437
  2545 302.598984
  2550 298.318215
  2555 299.847195
  2560 297.891236
  2565 297.957148
  2570 292.412565
  2575 290.822326
  2580 291.015698
  2585 304.931013
  2590 302.402446
  2595 301.413406
  2600 305.464349
  2605 297.595139
  2610 294.416133
  2615 298.366940
  2620 305.445699
  2625 292.884777
  2630 305.227375
  2635 298.985063
  2640 294.055499
  2645 305.071832
  2650 303.360131
  2655 291.873857
  2660 296.448112
  2665 292.376338
  2670 297.669263
  2675 293.596438
  2680 302.399638
  2685 292.872948
  2690 305.200229
  2695 297.905108
  2700 299.015945
  2705 305.034071
  2710 303.792699
  2715 290.960866
  2720 298.227558
  2725 294.925337
  2730 291.312844
  2735 298.965738
  2740 299.199934
  2745 301.028823
  2750 296.253720
  2755 299.115925
  2760 304.225003
  2765 300.777731
  2770 303.110468
  2775 300.194756
  2780 291.510545
  2785 293.591911
  2790 304.337964
  2795 304.195970
  2800 295.434785
  2805 300.767155
  2810 303.049394
  2815 295.274982
  2820 299.951437
  2825 303.678281
  2830 299.663062
  2835 303.639575
  2840 297.592601
  2845 291.765396
  2850 299.627327
  2855 301.539897
  2860 297.739331
  2865 298.890677
  2870 303.998421
  2875 295.903579
  2880 302.084322
  2885 304.766221
  2890 302.869072
  2895 295.129371
  2900 292.689300
  2905 295.203731
  2910 292.764858
  2915 291.941841
  2920 298.753495
  2925 296.259352
  2930 294.517027
  2935 292.884175
  2940 299.109469
  2945 302.049219
  2950 298.635080
  2955 300.217234
  2960 292.288545
  2965 296.423405
  2970 293.839984
  2975 294.630428
  2980 303.607702
  2985 293.180041
  2990 300.944646
  2995 297.768959
  3000 294.723346
  3005 301.738507
  3010 299.688786
  3015 290.755917
  3020 294.595141
  3025 295.979654
  3030 303.131481
  3035 296.930307
  3040 299.086966
  3045 301.722518
  3050 304.336834
  3055 299.060401
  3060 303.970198
  3065 293.251335
  3070 298.456031
  3075 301.689255
  3080 293.376220
  3085 292.310565
  3090 302.636355
  3095 296.292176
  3100 304.825433
  3105 303.532625
  3110 299.343235
  3115 292.487188
  3120 299.202617
  3125 300.667734
  3130 300.993526
  3135 297.754115
  3140 295.201397
  3145 293.421999
  3150 292.921127
  3155 296.346038
  3160 291.619753
  3165 294.024354
  3170 301.190189
  3175 300.974721
  3180 304.132070
  3185 297.725163
  3190 294.264663
  3195 303.779301
  3200 301.722020
  3205 297.638019
  3210 298.640949
  3215 304.332787
  3220 301.489239
  3225 295.647382
  3230 295.102012
  3235 296.461151
  3240 302.272629
  3245 303.959883
  3250 297.469520
  3255 292.861126
  3260 295.131296
  3265 303.912435
  3270 293.221927
  3275 298.592250
  3280 291.587895
  3285 304.550501
  3290 300.045725
  3295 298.066568
  3300 296.005983
  3305 293.752233
  3310 302.948343
  3315 301.314641
  3320 295.611215
  3325 295.233030
  3330 290.862568
  3335 299.768633
  3340 300.222200
  3345 296.567648
  3350 291.582566
  3355 292.217202
  3360 302.424517
  3365 303.013156
  3370 293.029218
  3375 291.620258
  3380 302.668226
  3385 291.676728
  3390 297.194312
  3395 299.109176
  3400 292.641917
  3405 294.060621
  3410 300.214923
  3415 291.794096
  3420 303.482046
  3425 305.343102
  3430 294.491688
  3435 292.740821
  3440 296.391423
  3445 302.343251
  3450 300.493999
  3455 295.505300
  3460 294.129625
  3465 302.114012
  3470 303.976684
  3475 305.498290
  3480 291.005498
  3485 302.203032
  3490 303.648704
  3495 294.442001
  3500 296.484952
  3505 303.781539
  3510 293.628848
  3515 295.161200
  3520 291.468732
  3525 295.776414
  3530 303.017272
  3535 303.629035
  3540 292.984396
  3545 294.799105
  3550 292.796349
  3555 290.689712
  3560 290.820226
  3565 302.026485
  3570 300.304180
  3575 300.904098
  3580 294.658413
  3585 301.292064
  3590 302.128265
  3595 293.183428
  3600 292.462942
  3605 305.045204
  3610 300.478681
  3615 304.633273
  3620 296.110420
  3625 302.125186
  3630 297.504580
  3635 300.303993
  3640 292.112310
  3645 305.196103
  3650 299.003819
  3655 304.228766
  3660 292.496402
  3665 291.900825
  3670 300.686359
  3675 297.191314
  3680 293.678060
  3685 294.869666
  3690 295.205016
  3695 291.345776
  3700 297.590190
  3705 304.605800
  3710 299.455941
  3715 304.509277
  3720 293.682038
  3725 301.021834
  3730 302.797175
  3735 301.356886
  3740 305.088836
  3745 299.965413
  3750 301.832810
  3755 301.026867
  3760 293.945457
  3765 292.242524
  3770 296.487611
  3775 303.540698
  3780 303.648398
  3785 305.426729
  3790 290.987725
  3795 303.991488
  3800 297.407223
  3805 294.539334
  3810 300.248470
  3815 303.835335
  3820 303.670766
  3825 297.100308
  3830 292.459728
  3835 290.669185
  3840 295.289004
  3845 302.597329
  3850 298.633211
  3855 291.796040
  3860 290.942902
  3865 296.223838
  3870 293.007806
  3875 298.823328
  3880 303.094255
  3885 295.884165
  3890 295.499135
  3895 299.959779
  3900 297.235233
  3905 302.527618
  3910 304.114287
  3915 294.932743
  3920 301.356945
  3925 299.305197
  3930 302.633854
  3935 301.071235
  3940 293.364904
  3945 295.274727
  3950 304.720006
  3955 303.175832
  3960 293.359787
  3965 294.721479
  3970 303.623504
  3975 304.167471
  3980 292.216683
  3985 299.833088
  3990 295.979932
  3995 302.185883
  4000 293.846320
  4005 291.272195
  4010 293.152754
  4015 297.638983
  4020 292.254356
  4025 293.452897
  4030 304.613531
  4035 301.751141
  4040 291.665639
  4045 299.061221
  4050 291.015346
  4055 297.756595
  4060 301.832656
  4065 297.366919
  4070 290.784584
  4075 291.478599
  4080 301.410490
  4085 300.222990
  4090 290.759781
  4095 302.801138
  4100 291.596205
  4105 305.540753
  4110 301.973423
  4115 301.199165
  4120 291.512905
  4125 299.054544
  4130 299.749700
  4135 301.756938
  4140 298.669248
  4145 297.438105
  4150 297.316187
  4155 302.354642
  4160 303.405877
  4165 295.041940
  4170 300.252454
  4175 300.444422
  4180 295.289247
  4185 292.053461
  4190 296.177658
  4195 300.733204
  4200 298.834432
  4205 296.824716
  4210 295.164145
  4215 294.270824
  4220 299.513192
  4225 297.566709
  4230 303.826691
  4235 291.641069
  4240 303.755503
  4245 292.970379
  4250 293.700118
  4255 293.227415
  4260 291.334403
  4265 304.923690
  4270 299.955366
  4275 303.077368
  4280 290.665116
  4285 300.457376
  4290 297.711498
  4295 299.979013
  4300 291.524488
  4305 293.344187
  4310 298.545197
  4315 297.837015
  4320 298.069886
  4325 298.567488
  4330 303.449818
  4335 295.743586
  4340 291.970466
  4345 300.768347
  4350 298.648968
  4355 292.266223
  4360 300.269315
  4365 302.260006
  4370 300.925218
  4375 302.994728
  4380 302.079636
  4385 297.080890
  4390 300.528842
  4395 305.395809
  4400 293.506266
  4405 301.290214
  4410 293.774948
  4415 304.985617
  4420 304.226746
  4425 301.889009
  4430 295.907207
  4435 290.842552
  4440 298.121563
  4445 300.873406
  4450 304.989408
  4455 292.905508
  4460 300.741508
  4465 296.203357
  4470 299.119196
  4475 291.462277
  4480 301.787056
  4485 299.137425
  4490 299.895477
  4495 300.071086
  4500 298.896408
  4505 295.676247
  4510 291.496702
  4515 303.392546
  4520 303.458920
  4525 301.456808
  4530 293.808467
  4535 292.564679
  4540 297.185059
  4545 303.505942
  4550 292.831475
  4555 299.043671
  4560 301.833777
  4565 297.134270
  4570 296.247731
  4575 291.700231
  4580 301.954597
  4585 297.964117
  4590 297.792002
  4595 300.326270
  4600 295.201617
  4605 301.203272
  4610 300.952167
  4615 301.755001
  4620 298.627897
  4625 292.793978
  4630 295.066102
  4635 304.972030
  4640 305.619660
  4645 296.788904
  4650 296.029035
  4655 293.617788
  4660 295.486147
  4665 301.775048
  4670 297.407590
  4675 290.913287
  4680 301.817102
  4685 291.201728
  4690 292.067970
  4695 293.076323
  4700 298.547014
  4705 293.191378
  4710 297.343576
  4715 297.274078
  4720 293.273134
  4725 300.002476
  4730 296.960600
  4735 299.784913
  4740 293.057559
  4745 295.040140
  4750 291.596269
  4755 296.825035
  4760 299.563329
  4765 299.399336
  4770 300.363796
  4775 300.126112
  4780 302.780383
  4785 300.794958
  4790 292.557573
  4795 292.604306
  4800 302.627229
  4805 293.353284
  4810 295.779741
  4815 293.750586
  4820 304.697285
  4825 296.611495
  4830 292.398281
  4835 293.240612
  4840 291.159167
  4845 304.259510
  4850 302.062032
  4855 304.504066
  4860 297.365889
  4865 298.827280
  4870 292.757670
  4875 293.289673
  4880 298.030078
  4885 296.588974
  4890 301.168304
  4895 301.310064
  4900 302.742374
  4905 300.250526
  4910 297.894347
  4915 299.189471
  4920 299.552050
  4925 296.393223
  4930 299.933241
  4935 296.813334
  4940 302.276185
  4945 300.715406
  4950 295.387522
  4955 296.484747
  4960 295.683288
  4965 305.554014
  4970 299.075971
  4975 292.588907
  4980 295.236992
  4985 299.515231
  4990 293.844872
  4995 293.385648
  5000 304.554759
  5005 297.026693
  5010 293.351898
  5015 301.660228
  5020 294.739047
  5025 297.230867
  5030 297.125175
  5035 305.628249
  5040 293.955013
  5045 303.393271
  5050 291.707042
  5055 300.147747
  5060 300.119427
  5065 297.050355
  5070 292.824622
  5075 293.360611
  5080 301.554370
  5085 295.882603
  5090 304.678847
  5095 293.053852
  5100 297.790149
  5105 291.081452
  5110 302.668255
  5115 304.953536
  5120 296.293551
  5125 300.035175
  5130 291.123621
  5135 291.182244
  5140 301.436959
  5145 294.976961
  5150 304.836342
  5155 305.294228
  5160 305.077272
  5165 299.932607
  5170 300.297381
  5175 296.658490
  5180 294.380931
  5185 294.874336
  5190 294.758147
  5195 303.993461
  5200 292.884087
  5205 293.558151
  5210 299.303933
  5215 298.707194
  5220 293.468276
  5225 298.319682
  5230 299.082492
  5235 302.666497
  5240 296.572364
  5245 290.871182
  5250 293.591528
  5255 299.057752
  5260 299.960047
  5265 296.227847
  5270 300.290504
  5275 294.450400
  5280 299.463770
  5285 304.264856
  5290 301.756643
  5295 290.671555
  5300 303.384713
  5305 301.198519
  5310 293.848554
  5315 290.673555
  5320 291.276617
  5325 302.283184
  5330 299.299551
  5335 298.521882
  5340 291.936313
  5345 297.959957
  5350 293.438973
  5355 300.819176
  5360 304.901102
  5365 295.622513
  5370 291.873018
  5375 296.928089
  5380 297.510992
  5385 294.446437
  5390 298.298419
  5395 293.027142
  5400 292.835740
  5405 294.617174
  5410 297.834846
  5415 291.306612
  5420 304.633853
  5425 303.348370
  5430 292.378939
  5435 302.169628
  5440 291.897755
  5445 297.437178
  5450 304.264276
  5455 293.148944
  5460 295.978494
  5465 299.236499
  5470 298.811635
  5475 293.618280
  5480 291.588888
  5485 290.797461
  5490 302.297075
  5495 295.511378
  5500 298.883697
  5505 291.418435
  5510 296.310331
  5515 302.804365
  5520 295.850174
  5525 304.293221
  5530 302.868571
  5535 294.746516
  5540 295.868274
  5545 304.353919
  5550 302.409201
  5555 302.327718
  5560 300.166407
  5565 304.462293
  5570 295.168847
  5575 302.456467
  5580 293.156913
  5585 299.389694
  5590 301.812448
  5595 298.959007
  5600 296.448062
  5605 298.766219
  5610 298.373331
  5615 293.345257
  5620 294.764553
  5625 297.433490
  5630 299.286084
  5635 302.068742
  5640 300.745712
  5645 296.148299
  5650 299.204103
  5655 298.359374
  5660 296.584048
  5665 304.659163
  5670 292.957604
  5675 301.006678
  5680 296.491076
  5685 295.296601
  5690 297.462004
  5695 301.255745
  5700 301.949987
  5705 305.602667
  5710 300.576004
  5715 303.630838
  5720 300.235445
  5725 297.748953
  5730 298.879119
  5735 291.411329
  5740 297.476712
  5745 304.554824
  5750 295.306604
  5755 294.312587
  5760 302.280606
  5765 290.868675
  5770 302.837640
  5775 297.932745
  5780 298.468108
  5785 300.108888
  5790 290.882904
  5795 302.026520
  5800 302.709571
  5805 298.974884
  5810 295.159501
  5815 296.079807
  5820 295.254515
  5825 296.569485
  5830 294.929719
  5835 301.974378
  5840 301.131609
  5845 298.015038
  5850 295.692997
  5855 293.271837
  5860 294.753252
  5865 303.829094
  5870 292.465054
  5875 299.087709
  5880 298.871270
  5885 294.278316
  5890 303.190690
  5895 293.059010
  5900 302.187212
  5905 303.025872
  5910 298.820712
  5915 298.161360
  5920 303.697124
  5925 302.614914
  5930 297.503318
  5935 303.654439
  5940 295.073101
  5945 301.652383
  5950 300.882197
  5955 305.285477
  5960 301.433709
  5965 298.882881
  5970 300.904348
  5975 303.117031
  5980 305.483217
  5985 301.324687
  5990 302.968290
  5995 291.875752
  6000 297.300176
  6005 300.329094
  6010 302.915251
  6015 300.827154
  6020 295.051169
  6025 294.070238
  6030 297.930729
  6035 299.253767
  6040 292.019211
  6045 296.993467
  6050 304.694394
  6055 298.875307
  6060 304.765517
  6065 305.299648
  6070 292.512078
  6075 302.984112
  6080 300.617056
  6085 303.042627
  6090 297.690579
  6095 290.770971
  6100 291.322125
  6105 298.846617
  6110 304.840480
  6115 297.512482
  6120 304.119099
  6125 293.784077
  6130 298.537217
  6135 300.848686
  6140 297.785006
  6145 293.126986
  6150 302.136148
  6155 298.798602
  6160 300.167824
  6165 302.121767
  6170 292.465195
  6175 297.831128
  6180 298.607825
  6185 295.475659
  6190 304.900536
  6195 293.119372
  6200 293.892156
  6205 293.868573
  6210 299.076137
  6215 298.890351
  6220 294.282017
  6225 305.569371
  6230 300.401150
  6235 301.651598
  6240 295.325117
  6245 304.588879
  6250 301.005116
  6255 298.253243
  6260 297.851763
  6265 294.400029
  6270 303.393836
  6275 305.031365
  6280 292.040340
  6285 292.986908
  6290 291.565471
  6295 297.820550
  6300 301.177638
  6305 294.453324
  6310 299.079251
  6315 292.058424
  6320 303.347324
  6325 301.688482
  6330 301.428841
  6335 296.866050
  6340 291.569168
  6345 299.052534
  6350 295.280232
  6355 299.237548
  6360 292.788636
  6365 294.577262
  6370 293.855507
  6375 297.913822
  6380 291.360322
  6385 295.948905
  6390 296.337788
  6395 298.774616
  6400 302.950729
  6405 291.520448
  6410 298.093546
  6415 299.671599
  6420 292.063542
  6425 293.883539
  6430 299.016156
  6435 292.473249
  6440 302.495864
  6445 291.549524
  6450 292.338284
  6455 291.512252
  6460 292.665286
  6465 297.700499
  6470 305.060418
  6475 303.369085
  6480 295.834139
  6485 295.245496
  6490 296.035871
  6495 292.899994
  6500 290.986990
  6505 301.702037
  6510 300.067217
  6515 296.094925
  6520 300.234201
  6525 300.805471
  6530 296.029534
  6535 301.493736
  6540 294.372695
  6545 300.119746
  6550 294.722750
  6555 305.325883
  6560 299.654698
  6565 302.881795
  6570 302.157593
  6575 299.179205
  6580 294.210549
  6585 303.339066
  6590 299.584922
  6595 295.057512
  6600 297.178763
  6605 300.788025
  6610 297.987770
  6615 294.419360
  6620 304.601538
  6625 295.073083
  6630 296.910522
  6635 301.943735
  6640 302.593299
  6645 302.688449
  6650 300.844832
  6655 293.341023
  6660 299.335851
  6665 304.482171
  6670 296.387872
  6675 303.882449
  6680 302.401694
  6685 300.295571
  6690 293.007484
  6695 299.251319
  6700 300.335481
  6705 300.760762
  6710 295.086962
  6715 305.029240
  6720 293.565814
  6725 297.122630
  6730 297.740193
  6735 293.363533
  6740 299.959732
  6745 299.302676
  6750 301.402648
  6755 304.677829
  6760 296.595765
  6765 294.248251
  6770 299.656717
  6775 300.838663
  6780 303.250301
  6785 298.996174
  6790 296.146415
  6795 301.899146
  6800 303.195952
  6805 304.519554
  6810 290.840817
  6815 298.057684
  6820 297.635814
  6825 298.319960
  6830 303.969172
  6835 302.679751
  6840 296.633400
  6845 295.817979
  6850 305.589822
  6855 304.353251
  6860 299.841152
  6865 303.281421
  6870 298.335819
  6875 296.309125
  6880 292.658036
  6885 293.638307
  6890 298.015701
  6895 301.127984
  6900 293.809166
  6905 296.328730
  6910 295.537695
  6915 292.300281
  6920 304.743833
  6925 300.702818
  6930 304.678870
  6935 297.447745
  6940 296.278577
  6945 302.987653
  6950 294.727663
  6955 295.052815
  6960 295.185707
  6965 293.916141
  6970 298.041063
  6975 295.105417
  6980 299.970321
  6985 292.421475
  6990 304.826431
  6995 297.498849
  7000 302.460360
  7005 303.364058
  7010 302.905896
  7015 300.936565
  7020 299.818555
  7025 290.956090
  7030 305.358882
  7035 302.525077
  7040 300.210664
  7045 293.472120
  7050 301.750596
  7055 304.738122
  7060 294.417440
  7065 301.183306
  7070 295.787606
  7075 301.273838
  7080 294.329124
  7085 303.626019
  7090 297.267630
  7095 294.193836
  7100 299.329795
  7105 295.547732
  7110 303.491702
  7115 298.519334
  7120 292.640292
  7125 291.439976
  7130 301.450921
  7135 290.743753
  7140 301.824130
  7145 292.615175
  7150 302.206159
  7155 301.916079
  7160 292.088721
  7165 298.128988
  7170 303.840703
  7175 296.208328
  7180 300.256016
  7185 297.920899
  7190 300.751608
  7195 297.066868
  7200 291.981729
  7205 300.128067
  7210 301.111970
  7215 295.851197
  7220 296.829317
  7225 300.360233
  7230 302.167404
  7235 294.027521
  7240 295.501092
  7245 291.603901
  7250 297.042121
  7255 291.016327
  7260 292.746604
  7265 301.680394
  7270 291.651681
  7275 293.473653
  7280 292.116943
  7285 299.069235
  7290 304.623516
  7295 303.660567
  7300 300.590612
  7305 302.195415
  7310 304.107760
  7315 292.283726
  7320 303.616985
  7325 295.229740
  7330 293.671991
  7335 304.533269
  7340 291.338770
  7345 301.215119
  7350 299.973319
  7355 305.053517
  7360 297.487035
  7365 292.919171
  7370 304.027542
  7375 302.195963
  7380 301.795474
  7385 302.518264
  7390 297.883724
  7395 293.539310
  7400 293.287715
  7405 296.017509
  7410 301.006032
  7415 302.864039
  7420 300.056658
  7425 293.132782
  7430 291.421807
  7435 295.408280
  7440 300.271294
  7445 301.612148
  7450 294.417437
  7455 302.124062
  7460 305.547869
  7465 298.550362
  7470 297.685499
  7475 291.093757
  7480 304.485119
  7485 299.211754
  7490 292.862597
  7495 298.254846
  7500 292.042523
  7505 294.336715
  7510 301.165840
  7515 294.274608
  7520 304.742863
  7525 290.902351
  7530 305.173376
  7535 303.484781
  7540 303.830260
  7545 295.699218
  7550 299.322458
  7555 292.981302
  7560 305.303344
  7565 295.210119
  7570 296.530885
  7575 294.860341
  7580 297.669021
  7585 294.779451
  7590 296.383400
  7595 296.922574
  7600 298.254925
  7605 304.827152
  7610 292.166108
  7615 305.319719
  7620 300.018770
  7625 302.470460
  7630 297.663521
  7635 291.270716
  7640 301.505546
  7645 290.671522
  7650 292.857729
  7655 294.343633
  7660 290.675519
  7665 291.917410
  7670 305.176365
  7675 301.650169
  7680 291.367695
  7685 303.555192
  7690 304.064779
  7695 294.221218
  7700 304.515509
  7705 292.458989
  7710 302.021757
  7715 304.131966
  7720 298.235772
  7725 302.787347
  7730 300.063497
  7735 299.853700
  7740 305.261663
  7745 300.475542
  7750 305.590858
  7755 305.391085
  7760 298.012953
  7765 291.474382
  7770 300.283848
  7775 298.945361
  7780 295.606464
  7785 292.444012
  7790 298.672416
  7795 292.381826
  7800 300.525162
  7805 300.891642
  7810 297.464876
  7815 296.333332
  7820 305.590686
  7825 290.716332
  7830 294.003770
  7835 305.002991
  7840 300.305419
  7845 304.029051
  7850 304.846121
  7855 292.725530
  7860 293.335981
  7865 303.285462
  7870 297.216035
  7875 301.781511
  7880 296.742300
  7885 301.665467
  7890 295.966113
  7895 300.921544
  7900 293.136217
  7905 299.188412
  7910 298.652042
  7915 301.265816
  7920 299.756410
  7925 301.702104
  7930 295.189475
  7935 301.186504
  7940 304.773463
  7945 304.924745
  7950 294.249472
  7955 290.750248
  7960 298.398960
  7965 292.191599
  7970 291.337424
  7975 302.202022
  7980 297.347401
  7985 295.657756
  7990 294.041766
  7995 293.431894
  8000 304.163656
  8005 296.230578
  8010 300.022663
  8015 294.934439
  8020 302.145989
  8025 303.010424
  8030 303.407161
  8035 302.786010
  8040 290.820275
  8045 291.706108
  8050 298.957418
  8055 295.739470
  8060 295.123547
  8065 293.580412
  8070 298.257317
  8075 293.487438
  8080 292.661244
  8085 294.869662
  8090 294.155161
  8095 292.174618
  8100 292.891144
  8105 299.162115
  8110 302.095574
  8115 292.491599
  8120 291.264926
  8125 294.760596
  8130 297.794746
  8135 291.628593
  8140 301.773890
  8145 304.355405
  8150 296.412446
  8155 291.490780
  8160 299.396047
  8165 293.961740
  8170 304.455361
  8175 290.653491
  8180 292.370593
  8185 291.468418
  8190 304.571621
  8195 303.494810
  8200 303.081303
  8205 292.281540
  8210 304.422571
  8215 299.716645
  8220 304.319093
  8225 304.356299
  8230 297.078728
  8235 294.374761
  8240 291.804243
  8245 293.146485
  8250 298.425950
  8255 303.557720
  8260 301.720204
  8265 298.696702
  8270 298.541828
  8275 303.186155
  8280 297.351186
  8285 305.073459
  8290 300.482171
  8295 304.453468
  8300 303.717912
  8305 305.267371
  8310 291.777780
  8315 298.243768
  8320 300.309968
  8325 298.674621
  8330 290.661877
  8335 291.187169
  8340 293.019235
  8345 294.871009
  8350 292.144893
  8355 292.193750
  8360 294.090820
  8365 296.852684
  8370 298.626642
  8375 295.480376
  8380 299.608312
  8385 302.923352
  8390 296.110862
  8395 298.556844
  8400 297.143255
  8405 301.310911
  8410 294.370838
  8415 295.805803
  8420 294.457261
  8425 299.157727
  8430 303.671059
  8435 297.618181
  8440 301.955976
  8445 294.117398
  8450 294.259867
  8455 294.454502
  8460 296.519159
  8465 300.941054
  8470 301.251355
  8475 296.579268
  8480 292.966624
  8485 295.488023
  8490 294.112821
  8495 296.693803
  8500 292.857794
  8505 301.236813
  8510 302.324221
  8515 295.358634
  8520 296.323628
  8525 295.140599
  8530 304.239522
  8535 303.788553
  8540 293.022204
  8545 297.100250
  8550 291.377746
  8555 301.540255
  8560 290.660842
  8565 304.330402
  8570 291.523785
  8575 293.883371
  8580 295.788691
  8585 296.992664
  8590 295.715948
  8595 303.838733
  8600 303.295928
  8605 292.649739
  8610 301.718687
  8615 303.953607
  8620 292.361693
  8625 295.684822
  8630 299.664920
  8635 295.409764
  8640 304.958554
  8645 299.764448
  8650 300.739131
  8655 290.671832
  8660 294.135330
  8665 298.927478
  8670 293.958122
  8675 304.099096
  8680 299.310389
  8685 300.635197
  8690 298.667962
  8695 303.508654
  8700 299.659637
  8705 302.013267
  8710 292.106381
  8715 294.503943
  8720 296.812070
  8725 294.539121
  8730 295.485442
  8735 294.096890
  8740 299.317039
  8745 291.598902
  8750 290.754987
  8755 303.036191
  8760 291.270840
  8765 305.297947
  8770 300.057490
  8775 297.612567
  8780 291.452056
  8785 302.621297
  8790 292.950917
  8795 297.120901
  8800 298.254018
  8805 303.504597
  8810 304.053499
  8815 299.100271
  8820 291.441674
  8825 304.382013
  8830 304.104470
  8835 300.941017
  8840 302.057360
  8845 301.665964
  8850 291.111864
  8855 305.563577
  8860 298.176616
  8865 299.942115
  8870 302.245943
  8875 293.310195
  8880 290.769547
  8885 300.431985
  8890 305.010959
  8895 300.681667
  8900 297.540424
  8905 291.555075
  8910 294.657677
  8915 291.906312
  8920 297.149472
  8925 294.352256
  8930 293.570271
  8935 300.581093
  8940 292.507908
  8945 294.642891
  8950 305.226026
  8955 293.635758
  8960 300.256758
  8965 304.690459
  8970 299.124850
  8975 297.796977
  8980 296.345223
  8985 297.928202
  8990 295.620109
  8995 305.470697
  9000 295.303550
  9005 300.084175
  9010 299.732506
  9015 290.767708
  9020 293.810253
  9025 298.120084
  9030 298.152721
  9035 302.817915
  9040 295.454540
  9045 300.151945
  9050 295.158758
  9055 302.262178
  9060 297.407503
  9065 292.967935
  9070 291.500774
  9075 293.017147
  9080 296.940195
  9085 292.389266
  9090 303.091730
  9095 296.216805
  9100 303.476332
  9105 300.441994
  9110 292.534625
  9115 298.025497
  9120 304.301850
  9125 291.677198
  9130 291.512196
  9135 291.429233
  9140 293.161185
  9145 304.830749
  9150 302.792798
  9155 293.195621
  9160 296.435959
  9165 300.338396
  9170 294.931402
  9175 304.533985
  9180 298.838963
  9185 301.790383
  9190 300.066058
  9195 299.326641
  9200 304.537586
  9205 298.209846
  9210 292.147021
  9215 303.795872
  9220 305.138644
  9225 305.094689
  9230 300.107042
  9235 297.060610
  9240 305.567159
  9245 294.099363
  9250 292.553073
  9255 300.591447
  9260 294.151531
  9265 300.187562
  9270 302.737256
  9275 303.111990
  9280 297.614731
  9285 292.820275
  9290 301.160943
  9295 293.685020
  9300 293.877942
  9305 302.431004
  9310 297.031524
  9315 295.053363
  9320 303.729661
  9325 305.339457
  9330 300.583450
  9335 300.566116
  9340 301.569533
  9345 304.232034
  9350 294.120916
  9355 304.384668
  9360 296.561204
  9365 294.782611
  9370 292.278408
  9375 296.368299
  9380 304.525304
  9385 297.821898
  9390 302.968639
  9395 297.443167
  9400 292.882068
  9405 298.994288
  9410 297.009979
  9415 304.156503
  9420 295.716731
  9425 300.989944
  9430 297.960529
  9435 302.901517
  9440 305.146163
  9445 291.950657
  9450 292.716753
  9455 301.409297
  9460 300.610742
  9465 305.649727
  9470 292.201821
  9475 302.543804
  9480 295.026516
  9485 291.127570
  9490 295.882086
  9495 296.932447
  9500 304.329944
  9505 294.902130
  9510 304.381627
  9515 291.281682
  9520 291.919244
  9525 298.431647
  9530 294.431440
  9535 297.508340
  9540 304.310295
  9545 301.574236
  9550 300.538936
  9555 303.859756
  9560 303.345915
  9565 294.690932
  9570 302.805305
  9575 291.024147
  9580 298.044820
  9585 303.570660
  9590 297.722695
  9595 305.396418
  9600 295.001398
  9605 301.600979
  9610 298.541249
  9615 294.585084
  9620 292.658804
  9625 301.749278
  9630 297.088394
  9635 299.153841
  9640 296.208397
  9645 295.525876
  9650 296.617688
  9655 305.588258
  9660 300.580236
  9665 303.685564
  9670 291.638970
  9675 303.291974
  9680 294.897962
  9685 293.821001
  9690 301.606175
  9695 303.678614
  9700 295.538790
  9705 300.458469
  9710 293.408338
  9715 300.281226
  9720 303.162869
  9725 294.539988
  9730 304.385194
  9735 292.124354
  9740 297.350318
  9745 303.089730
  9750 296.208856
  9755 304.816072
  9760 295.740069
  9765 304.513080
  9770 292.687873
  9775 303.203172
  9780 290.984160
  9785 304.312316
  9790 298.022399
  9795 292.330275
  9800 301.891245
  9805 297.665691
  9810 291.296147
  9815 304.726786
  9820 293.155462
  9825 299.767227
  9830 290.691437
  9835 304.528444
  9840 292.619314
  9845 299.677391
  9850 291.822311
  9855 295.214677
  9860 293.595248
  9865 302.664649
  9870 299.233361
  9875 294.021202
  9880 294.766243
  9885 290.895318
  9890 299.979898
  9895 304.148425
  9900 293.879624
  9905 298.471253
  9910 294.047025
  9915 304.140915
  9920 298.900796
  9925 297.308191
  9930 305.615218
  9935 291.854941
  9940 291.973957
  9945 300.055454
  9950 305.005036
  9955 297.124943
  9960 294.723556
  9965 291.524722
  9970 299.263735
  9975 300.134413
  9980 297.619480
  9985 302.278701
  9990 295.327974
  9995 290.985940
 10000 304.807429
 10005 304.908969
 10010 300.053658
 10015 298.492915
 10020 297.531564
 10025 303.744274
 10030 301.030921
 10035 294.050197
 10040 303.138986
 10045 295.370206
 10050 296.078875
 10055 291.526355
 10060 300.558489
 10065 301.847895
 10070 298.281021
 10075 296.577180
 10080 304.765399
 10085 304.543378
 10090 294.767439
 10095 296.451345
 10100 298.919008
 10105 296.206493
 10110 293.535077
 10115 294.004770
 10120 299.963182
 10125 303.116779
 10130 295.136136
 10135 295.122697
 10140 292.957782
 10145 293.039984
 10150 294.990876
 10155 293.666955
 10160 293.721914
 10165 290.774893
 10170 295.333545
 10175 293.689202
 10180 293.525225
 10185 291.048953
 10190 295.224857
 10195 297.192794
 10200 295.850416
 10205 301.392854
 10210 303.841612
 10215 301.318174
 10220 297.640923
 10225 298.228410
 10230 298.097518
 10235 303.814055
 10240 292.130110
 10245 296.229019
 10250 303.730632
 10255 296.216083
 10260 301.652293
 10265 305.369552
 10270 298.049631
 10275 294.457217
 10280 293.702484
 10285 292.125661
 10290 293.303745
 10295 303.236597
 10300 295.392481
 10305 302.877257
 10310 296.526464
 10315 300.043525
 10320 305.127949
 10325 305.538887
 10330 305.260522
 10335 297.538626
 10340 297.762671
 10345 293.524864
 10350 291.896862
 10355 299.455762
 10360 298.248897
 10365 301.610994
 10370 295.556824
 10375 302.227980
 10380 298.323132
 10385 293.638843
 10390 296.190311
 10395 296.351769
 10400 299.041744
 10405 293.331436
 10410 301.642024
 10415 298.207935
 10420 294.227849
 10425 301.241395
 10430 305.282193
 10435 295.314218
 10440 298.614228
 10445 304.572718
 10450 304.944742
 10455 299.341522
 10460 295.914463
 10465 301.088559
 10470 297.869380
 10475 292.572758
 10480 299.899032
 10485 294.846691
 10490 292.709712
 10495 301.686828
 10500 291.286892
 10505 302.343805
 10510 294.514786
 10515 298.998377
 10520 292.531627
 10525 297.209958
 10530 298.536473
 10535 296.605547
 10540 296.692066
 10545 292.262523
 10550 304.019112
 10555 292.928190
 10560 304.867936
 10565 294.261245
 10570 291.887737
 10575 298.958659
 10580 301.082886
 10585 296.317202
 10590 296.428990
 10595 294.119934
 10600 300.731539
 10605 300.150576
 10610 300.270148
 10615 298.701953
 10620 294.373501
 10625 290.700686
 10630 301.867356
 10635 298.442720
 10640 303.747415
 10645 303.351062
 10650 302.919847
 10655 299.834992
 10660 298.576759
 10665 295.658328
 10670 290.818070
 10675 300.220081
 10680 297.772911
 10685 297.113362
 10690 302.042542
 10695 300.064457
 10700 291.866732
 10705 299.985137
 10710 299.669694
 10715 294.296092
 10720 303.374270
 10725 300.649076
 10730 297.223843
 10735 300.456057
 10740 299.382912
 10745 301.160287
 10750 301.876496
 10755 295.151419
 10760 293.994222
 10765 303.771269
 10770 295.161903
 10775 297.892066
 10780 298.742735
 10785 297.382488
 10790 294.069217
 10795 302.802317
 10800 295.676492
