    0.62267334692306     0.62267334526381  1629.54467349071547    -0.35000000000000    -0.35000000000000
    0.62267334692306     0.67267334526381  1322.44857280850033    -0.35000000000000    -0.30000000000000
    0.62267334692306     0.72267334526381  1115.99772068086008    -0.35000000000000    -0.25000000000000
    0.62267334692306     0.77267334526381   981.99786030298583    -0.35000000000000    -0.20000000000000
    0.62267334692306     0.82267334526381   899.28960689650421    -0.35000000000000    -0.15000000000000
    0.62267334692306     0.87267334526381   852.20796113707991    -0.35000000000000    -0.10000000000000
    0.62267334692306     0.92267334526381   829.97735314190197    -0.35000000000000    -0.05000000000000
    0.62267334692306     0.97267334526381   825.01347720563047    -0.35000000000000    -0.00000000000000
    0.62267334692306     1.02267334526381   831.97277108160506    -0.35000000000000     0.05000000000000
    0.62267334692306     1.07267334526381   847.44160659860586    -0.35000000000000     0.10000000000000
    0.62267334692306     1.12267334526381   869.14598706943298    -0.35000000000000     0.15000000000000
    0.62267334692306     1.17267334526381   894.51581504607930    -0.35000000000000     0.20000000000000
    0.62267334692306     1.22267334526381   921.70774614309676    -0.35000000000000     0.25000000000000
    0.62267334692306     1.27267334526381   950.04144085925009    -0.35000000000000     0.30000000000000
    0.62267334692306     1.32267334526381   978.66677437436920    -0.35000000000000     0.35000000000000
    0.62267334692306     1.37267334526381  1006.84734847341019    -0.35000000000000     0.40000000000000
    0.62267334692306     1.42267334526381  1033.52402299674304    -0.35000000000000     0.45000000000000
    0.62267334692306     1.47267334526381  1057.94586352148326    -0.35000000000000     0.50000000000000
    0.62267334692306     1.52267334526381  1079.79907086737330    -0.35000000000000     0.55000000000000
    0.62267334692306     1.57267334526381  1099.73104469992995    -0.35000000000000     0.60000000000000
    0.62267334692306     1.62267334526381  1119.41880868211570    -0.35000000000000     0.65000000000000
    0.62267334692306     1.67267334526381  1140.00881646731045    -0.35000000000000     0.70000000000000
    0.62267334692306     1.72267334526381  1161.37201297642309    -0.35000000000000     0.75000000000000
    0.62267334692306     1.77267334526381  1182.71019008838311    -0.35000000000000     0.80000000000000
    0.62267334692306     1.82267334526381  1203.94461947081322    -0.35000000000000     0.85000000000000
    0.62267334692306     1.87267334526381  1224.64988231641428    -0.35000000000000     0.90000000000000
    0.62267334692306     1.92267334526381  1243.82292083723792    -0.35000000000000     0.95000000000000
    0.62267334692306     1.97267334526381  1260.77674892890468    -0.35000000000000     1.00000000000000
    0.62267334692306     2.02267334526381  1275.45998523393087    -0.35000000000000     1.05000000000000
    0.62267334692306     2.07267334526381  1288.35372660711255    -0.35000000000000     1.10000000000000
 
    0.67267334692306     0.62267334526381  1315.14069312771039    -0.30000000000000    -0.35000000000000
    0.67267334692306     0.67267334526381  1009.41775015609574    -0.30000000000000    -0.30000000000000
    0.67267334692306     0.72267334526381   803.79746694619473    -0.30000000000000    -0.25000000000000
    0.67267334692306     0.77267334526381   670.20150960770752    -0.30000000000000    -0.20000000000000
    0.67267334692306     0.82267334526381   587.55320672850053    -0.30000000000000    -0.15000000000000
    0.67267334692306     0.87267334526381   540.65227964248800    -0.30000000000000    -0.10000000000000
    0.67267334692306     0.92267334526381   518.60992864805871    -0.30000000000000    -0.05000000000000
    0.67267334692306     0.97267334526381   513.74527998645681    -0.30000000000000    -0.00000000000000
    0.67267334692306     1.02267334526381   520.75836825299018    -0.30000000000000     0.05000000000000
    0.67267334692306     1.07267334526381   536.26145460921623    -0.30000000000000     0.10000000000000
    0.67267334692306     1.12267334526381   557.87313967860655    -0.30000000000000     0.15000000000000
    0.67267334692306     1.17267334526381   582.98838558893431    -0.30000000000000     0.20000000000000
    0.67267334692306     1.22267334526381   609.93051646009246    -0.30000000000000     0.25000000000000
    0.67267334692306     1.27267334526381   638.15334432852433    -0.30000000000000     0.30000000000000
    0.67267334692306     1.32267334526381   666.95419877974803    -0.30000000000000     0.35000000000000
    0.67267334692306     1.37267334526381   695.55195510655506    -0.30000000000000     0.40000000000000
    0.67267334692306     1.42267334526381   722.98744936250796    -0.30000000000000     0.45000000000000
    0.67267334692306     1.47267334526381   748.82129698387905    -0.30000000000000     0.50000000000000
    0.67267334692306     1.52267334526381   772.66596432252061    -0.30000000000000     0.55000000000000
    0.67267334692306     1.57267334526381   794.89573312920390    -0.30000000000000     0.60000000000000
    0.67267334692306     1.62267334526381   816.82117274948621    -0.30000000000000     0.65000000000000
    0.67267334692306     1.67267334526381   839.17515758629122    -0.30000000000000     0.70000000000000
    0.67267334692306     1.72267334526381   861.72362730964096    -0.30000000000000     0.75000000000000
    0.67267334692306     1.77267334526381   883.77349629382206    -0.30000000000000     0.80000000000000
    0.67267334692306     1.82267334526381   905.32422236057414    -0.30000000000000     0.85000000000000
    0.67267334692306     1.87267334526381   926.03040560270802    -0.30000000000000     0.90000000000000
    0.67267334692306     1.92267334526381   945.01678070236335    -0.30000000000000     0.95000000000000
    0.67267334692306     1.97267334526381   961.68619178762594    -0.30000000000000     1.00000000000000
    0.67267334692306     2.02267334526381   975.99669546801204    -0.30000000000000     1.05000000000000
    0.67267334692306     2.07267334526381   988.42028886396906    -0.30000000000000     1.10000000000000
 
    0.72267334692306     0.62267334526381  1103.40320534963030    -0.25000000000000    -0.35000000000000
    0.72267334692306     0.67267334526381   798.54279949801537    -0.25000000000000    -0.30000000000000
    0.72267334692306     0.72267334526381   593.57365011834725    -0.25000000000000    -0.25000000000000
    0.72267334692306     0.77267334526381   460.23756490883272    -0.25000000000000    -0.20000000000000
    0.72267334692306     0.82267334526381   377.81018361931501    -0.25000000000000    -0.15000000000000
    0.72267334692306     0.87267334526381   331.04841979651474    -0.25000000000000    -0.10000000000000
    0.72267334692306     0.92267334526381   308.96076329547714    -0.25000000000000    -0.05000000000000
    0.72267334692306     0.97267334526381   303.93585187138660    -0.25000000000000    -0.00000000000000
    0.72267334692306     1.02267334526381   310.77993019359519    -0.25000000000000     0.05000000000000
    0.72267334692306     1.07267334526381   326.07755947757232    -0.25000000000000     0.10000000000000
    0.72267334692306     1.12267334526381   347.30947739185308    -0.25000000000000     0.15000000000000
    0.72267334692306     1.17267334526381   371.96519149161418    -0.25000000000000     0.20000000000000
    0.72267334692306     1.22267334526381   398.53449373995738    -0.25000000000000     0.25000000000000
    0.72267334692306     1.27267334526381   426.51869362363789    -0.25000000000000     0.30000000000000
    0.72267334692306     1.32267334526381   455.21791627897233    -0.25000000000000     0.35000000000000
    0.72267334692306     1.37267334526381   483.88309581639624    -0.25000000000000     0.40000000000000
    0.72267334692306     1.42267334526381   511.74955668976145    -0.25000000000000     0.45000000000000
    0.72267334692306     1.47267334526381   538.38076812638656    -0.25000000000000     0.50000000000000
    0.72267334692306     1.52267334526381   563.35027138724911    -0.25000000000000     0.55000000000000
    0.72267334692306     1.57267334526381   586.84824658646073    -0.25000000000000     0.60000000000000
    0.72267334692306     1.62267334526381   609.87395332848223    -0.25000000000000     0.65000000000000
    0.72267334692306     1.67267334526381   632.90328913325300    -0.25000000000000     0.70000000000000
    0.72267334692306     1.72267334526381   655.69116466248465    -0.25000000000000     0.75000000000000
    0.72267334692306     1.77267334526381   677.65953874027059    -0.25000000000000     0.80000000000000
    0.72267334692306     1.82267334526381   698.90617804733074    -0.25000000000000     0.85000000000000
    0.72267334692306     1.87267334526381   719.18511586955310    -0.25000000000000     0.90000000000000
    0.72267334692306     1.92267334526381   737.72324329843616    -0.25000000000000     0.95000000000000
    0.72267334692306     1.97267334526381   753.96021924751597    -0.25000000000000     1.00000000000000
    0.72267334692306     2.02267334526381   767.83496066744272    -0.25000000000000     1.05000000000000
    0.72267334692306     2.07267334526381   779.80133076220136    -0.25000000000000     1.10000000000000
 
    0.77267334692306     0.62267334526381   965.59707055241449    -0.20000000000000    -0.35000000000000
    0.77267334692306     0.67267334526381   661.17138635909544    -0.20000000000000    -0.30000000000000
    0.77267334692306     0.72267334526381   456.46829266750831    -0.20000000000000    -0.25000000000000
    0.77267334692306     0.77267334526381   323.36370429591443    -0.20000000000000    -0.20000000000000
    0.77267334692306     0.82267334526381   241.08093814139897    -0.20000000000000    -0.15000000000000
    0.77267334692306     0.87267334526381   194.26358929672438    -0.20000000000000    -0.10000000000000
    0.77267334692306     0.92267334526381   171.96090995053851    -0.20000000000000    -0.05000000000000
    0.77267334692306     0.97267334526381   166.69012021292633    -0.20000000000000    -0.00000000000000
    0.77267334692306     1.02267334526381   173.31660902916678    -0.20000000000000     0.05000000000000
    0.77267334692306     1.07267334526381   188.31242722704451    -0.20000000000000     0.10000000000000
    0.77267334692306     1.12267334526381   209.12322570335641    -0.20000000000000     0.15000000000000
    0.77267334692306     1.17267334526381   233.37615059411314    -0.20000000000000     0.20000000000000
    0.77267334692306     1.22267334526381   259.63997288079213    -0.20000000000000     0.25000000000000
    0.77267334692306     1.27267334526381   287.39901012138739    -0.20000000000000     0.30000000000000
    0.77267334692306     1.32267334526381   315.93844435224878    -0.20000000000000     0.35000000000000
    0.77267334692306     1.37267334526381   344.63091534923637    -0.20000000000000     0.40000000000000
    0.77267334692306     1.42267334526381   372.73944050534283    -0.20000000000000     0.45000000000000
    0.77267334692306     1.47267334526381   399.80516797688972    -0.20000000000000     0.50000000000000
    0.77267334692306     1.52267334526381   425.41543082194869    -0.20000000000000     0.55000000000000
    0.77267334692306     1.57267334526381   449.62498960504104    -0.20000000000000     0.60000000000000
    0.77267334692306     1.62267334526381   473.18575355753683    -0.20000000000000     0.65000000000000
    0.77267334692306     1.67267334526381   496.40809310740929    -0.20000000000000     0.70000000000000
    0.77267334692306     1.72267334526381   519.06588310675693    -0.20000000000000     0.75000000000000
    0.77267334692306     1.77267334526381   540.69419684679599    -0.20000000000000     0.80000000000000
    0.77267334692306     1.82267334526381   561.48678816927497    -0.20000000000000     0.85000000000000
    0.77267334692306     1.87267334526381   581.27810560732098    -0.20000000000000     0.90000000000000
    0.77267334692306     1.92267334526381   599.35964340207761    -0.20000000000000     0.95000000000000
    0.77267334692306     1.97267334526381   615.18500898020557    -0.20000000000000     1.00000000000000
    0.77267334692306     2.02267334526381   628.67662287233270    -0.20000000000000     1.05000000000000
    0.77267334692306     2.07267334526381   640.27507630643584    -0.20000000000000     1.10000000000000
 
    0.82267334692306     0.62267334526381   880.20781400311478    -0.15000000000000    -0.35000000000000
    0.82267334692306     0.67267334526381   575.86326948736701    -0.15000000000000    -0.30000000000000
    0.82267334692306     0.72267334526381   371.38357611361437    -0.15000000000000    -0.25000000000000
    0.82267334692306     0.77267334526381   238.42471207795870    -0.15000000000000    -0.20000000000000
    0.82267334692306     0.82267334526381   156.09721540181886    -0.15000000000000    -0.15000000000000
    0.82267334692306     0.87267334526381   109.07056864631340    -0.15000000000000    -0.10000000000000
    0.82267334692306     0.92267334526381    86.50199114808333    -0.15000000000000    -0.05000000000000
    0.82267334692306     0.97267334526381    81.00471788834398    -0.15000000000000    -0.00000000000000
    0.82267334692306     1.02267334526381    87.39114117080021    -0.15000000000000     0.05000000000000
    0.82267334692306     1.07267334526381   102.07000925865168    -0.15000000000000     0.10000000000000
    0.82267334692306     1.12267334526381   122.53454987251598    -0.15000000000000     0.15000000000000
    0.82267334692306     1.17267334526381   146.48700858215261    -0.15000000000000     0.20000000000000
    0.82267334692306     1.22267334526381   172.52423837249808    -0.15000000000000     0.25000000000000
    0.82267334692306     1.27267334526381   200.09140672830199    -0.15000000000000     0.30000000000000
    0.82267334692306     1.32267334526381   228.50197431881270    -0.15000000000000     0.35000000000000
    0.82267334692306     1.37267334526381   257.16993683276064    -0.15000000000000     0.40000000000000
    0.82267334692306     1.42267334526381   285.33935604354406    -0.15000000000000     0.45000000000000
    0.82267334692306     1.47267334526381   312.57898620993569    -0.15000000000000     0.50000000000000
    0.82267334692306     1.52267334526381   338.50501840034644    -0.15000000000000     0.55000000000000
    0.82267334692306     1.57267334526381   363.06723981983896    -0.15000000000000     0.60000000000000
    0.82267334692306     1.62267334526381   386.83160345878707    -0.15000000000000     0.65000000000000
    0.82267334692306     1.67267334526381   410.00340625810315    -0.15000000000000     0.70000000000000
    0.82267334692306     1.72267334526381   432.39040077972277    -0.15000000000000     0.75000000000000
    0.82267334692306     1.77267334526381   453.63245655785533    -0.15000000000000     0.80000000000000
    0.82267334692306     1.82267334526381   473.99652837632834    -0.15000000000000     0.85000000000000
    0.82267334692306     1.87267334526381   493.36958679673796    -0.15000000000000     0.90000000000000
    0.82267334692306     1.92267334526381   511.08065768274594    -0.15000000000000     0.95000000000000
    0.82267334692306     1.97267334526381   526.58845520064187    -0.15000000000000     1.00000000000000
    0.82267334692306     2.02267334526381   539.80357011122805    -0.15000000000000     1.05000000000000
    0.82267334692306     2.07267334526381   551.15663389336157    -0.15000000000000     1.10000000000000
 
    0.87267334692306     0.62267334526381   831.26326523980731    -0.10000000000000    -0.35000000000000
    0.87267334692306     0.67267334526381   527.10316200698333    -0.10000000000000    -0.30000000000000
    0.87267334692306     0.72267334526381   322.76451096443134    -0.10000000000000    -0.25000000000000
    0.87267334692306     0.77267334526381   189.75225711159783    -0.10000000000000    -0.20000000000000
    0.87267334692306     0.82267334526381   107.21666428206186    -0.10000000000000    -0.15000000000000
    0.87267334692306     0.87267334526381    59.93045690386339    -0.10000000000000    -0.10000000000000
    0.87267334692306     0.92267334526381    37.14444403059429    -0.10000000000000    -0.05000000000000
    0.87267334692306     0.97267334526381    31.44746138373330    -0.10000000000000    -0.00000000000000
    0.87267334692306     1.02267334526381    37.59239414963986    -0.10000000000000     0.05000000000000
    0.87267334692306     1.07267334526381    52.00511885985679    -0.10000000000000     0.10000000000000
    0.87267334692306     1.12267334526381    72.19631235568636    -0.10000000000000     0.15000000000000
    0.87267334692306     1.17267334526381    95.91847879380339    -0.10000000000000     0.20000000000000
    0.87267334692306     1.22267334526381   121.78397933858241    -0.10000000000000     0.25000000000000
    0.87267334692306     1.27267334526381   149.21302003885830    -0.10000000000000     0.30000000000000
    0.87267334692306     1.32267334526381   177.52414774598060    -0.10000000000000     0.35000000000000
    0.87267334692306     1.37267334526381   206.10778945444144    -0.10000000000000     0.40000000000000
    0.87267334692306     1.42267334526381   234.22928729682098    -0.10000000000000     0.45000000000000
    0.87267334692306     1.47267334526381   261.49958275264794    -0.10000000000000     0.50000000000000
    0.87267334692306     1.52267334526381   287.55769045138891    -0.10000000000000     0.55000000000000
    0.87267334692306     1.57267334526381   312.26878724514813    -0.10000000000000     0.60000000000000
    0.87267334692306     1.62267334526381   336.06978491837776    -0.10000000000000     0.65000000000000
    0.87267334692306     1.67267334526381   359.10439270954942    -0.10000000000000     0.70000000000000
    0.87267334692306     1.72267334526381   381.22404545244763    -0.10000000000000     0.75000000000000
    0.87267334692306     1.77267334526381   402.14420406171814    -0.10000000000000     0.80000000000000
    0.87267334692306     1.82267334526381   422.17631632907376    -0.10000000000000     0.85000000000000
    0.87267334692306     1.87267334526381   441.24139744829267    -0.10000000000000     0.90000000000000
    0.87267334692306     1.92267334526381   458.69289093709472    -0.10000000000000     0.95000000000000
    0.87267334692306     1.97267334526381   473.99251323224087    -0.10000000000000     1.00000000000000
    0.87267334692306     2.02267334526381   487.04321840310320    -0.10000000000000     1.05000000000000
    0.87267334692306     2.07267334526381   498.26828144619901    -0.10000000000000     1.10000000000000
 
    0.92267334692306     0.62267334526381   807.74058301930120    -0.05000000000000    -0.35000000000000
    0.92267334692306     0.67267334526381   503.76565940707917    -0.05000000000000    -0.30000000000000
    0.92267334692306     0.72267334526381   299.38130053557597    -0.05000000000000    -0.25000000000000
    0.92267334692306     0.77267334526381   166.15517613116299    -0.05000000000000    -0.20000000000000
    0.92267334692306     0.82267334526381    83.35443671273333    -0.05000000000000    -0.15000000000000
    0.92267334692306     0.87267334526381    35.85176856740759    -0.05000000000000    -0.10000000000000
    0.92267334692306     0.92267334526381    12.88571822520294    -0.05000000000000    -0.05000000000000
    0.92267334692306     0.97267334526381     6.99303344139048    -0.05000000000000    -0.00000000000000
    0.92267334692306     1.02267334526381    12.93283379414697    -0.05000000000000     0.05000000000000
    0.92267334692306     1.07267334526381    27.12213883369577    -0.05000000000000     0.10000000000000
    0.92267334692306     1.12267334526381    47.08405814981552    -0.05000000000000     0.15000000000000
    0.92267334692306     1.17267334526381    70.62157711805298    -0.05000000000000     0.20000000000000
    0.92267334692306     1.22267334526381    96.36069539214441    -0.05000000000000     0.25000000000000
    0.92267334692306     1.27267334526381   123.69475387936041    -0.05000000000000     0.30000000000000
    0.92267334692306     1.32267334526381   151.90408341346051    -0.05000000000000     0.35000000000000
    0.92267334692306     1.37267334526381   180.38067308849986    -0.05000000000000     0.40000000000000
    0.92267334692306     1.42267334526381   208.42271656850448    -0.05000000000000     0.45000000000000
    0.92267334692306     1.47267334526381   235.67801615470330    -0.05000000000000     0.50000000000000
    0.92267334692306     1.52267334526381   261.78536354391917    -0.05000000000000     0.55000000000000
    0.92267334692306     1.57267334526381   286.54428899447635    -0.05000000000000     0.60000000000000
    0.92267334692306     1.62267334526381   310.31567072708776    -0.05000000000000     0.65000000000000
    0.92267334692306     1.67267334526381   333.22112169719708    -0.05000000000000     0.70000000000000
    0.92267334692306     1.72267334526381   355.14259068640763    -0.05000000000000     0.75000000000000
    0.92267334692306     1.77267334526381   375.83363162585033    -0.05000000000000     0.80000000000000
    0.92267334692306     1.82267334526381   395.63357500652887    -0.05000000000000     0.85000000000000
    0.92267334692306     1.87267334526381   414.48897244057821    -0.05000000000000     0.90000000000000
    0.92267334692306     1.92267334526381   431.77172431994200    -0.05000000000000     0.95000000000000
    0.92267334692306     1.97267334526381   446.94792868766967    -0.05000000000000     1.00000000000000
    0.92267334692306     2.02267334526381   459.91822810456347    -0.05000000000000     1.05000000000000
    0.92267334692306     2.07267334526381   471.10114894835590    -0.05000000000000     1.10000000000000
 
    0.97267334692306     0.62267334526381   801.88497659425559    -0.00000000000000    -0.35000000000000
    0.97267334692306     0.67267334526381   497.99842400971215    -0.00000000000000    -0.30000000000000
    0.97267334692306     0.72267334526381   293.44906971207183    -0.00000000000000    -0.25000000000000
    0.97267334692306     0.77267334526381   159.97591048111053    -0.00000000000000    -0.20000000000000
    0.97267334692306     0.82267334526381    76.94927432996019    -0.00000000000000    -0.15000000000000
    0.97267334692306     0.87267334526381    29.24959331911441    -0.00000000000000    -0.10000000000000
    0.97267334692306     0.92267334526381     6.08946967196198    -0.00000000000000    -0.05000000000000
    0.97267334692306     0.97267334526381     0.01544311411772    -0.00000000000000    -0.00000000000000
    0.97267334692306     1.02267334526381     5.76566415322509    -0.00000000000000     0.05000000000000
    0.97267334692306     1.07267334526381    19.75296022737120    -0.00000000000000     0.10000000000000
    0.97267334692306     1.12267334526381    39.52021660255605    -0.00000000000000     0.15000000000000
    0.97267334692306     1.17267334526381    62.91231989764742    -0.00000000000000     0.20000000000000
    0.97267334692306     1.22267334526381    88.55325367365299    -0.00000000000000     0.25000000000000
    0.97267334692306     1.27267334526381   115.78601625967553    -0.00000000000000     0.30000000000000
    0.97267334692306     1.32267334526381   143.87757535465880    -0.00000000000000     0.35000000000000
    0.97267334692306     1.37267334526381   172.23778722659313    -0.00000000000000     0.40000000000000
    0.97267334692306     1.42267334526381   200.19512577576120    -0.00000000000000     0.45000000000000
    0.97267334692306     1.47267334526381   227.41122004618410    -0.00000000000000     0.50000000000000
    0.97267334692306     1.52267334526381   253.50540624590485    -0.00000000000000     0.55000000000000
    0.97267334692306     1.57267334526381   278.23326365658113    -0.00000000000000     0.60000000000000
    0.97267334692306     1.62267334526381   301.93263454601811    -0.00000000000000     0.65000000000000
    0.97267334692306     1.67267334526381   324.72244813340831    -0.00000000000000     0.70000000000000
    0.97267334692306     1.72267334526381   346.48622739234611    -0.00000000000000     0.75000000000000
    0.97267334692306     1.77267334526381   366.99507246306587    -0.00000000000000     0.80000000000000
    0.97267334692306     1.82267334526381   386.61163550801598    -0.00000000000000     0.85000000000000
    0.97267334692306     1.87267334526381   405.30295595770031    -0.00000000000000     0.90000000000000
    0.97267334692306     1.92267334526381   422.45576559137601    -0.00000000000000     0.95000000000000
    0.97267334692306     1.97267334526381   437.54356677292446    -0.00000000000000     1.00000000000000
    0.97267334692306     2.02267334526381   450.46964389961522    -0.00000000000000     1.05000000000000
    0.97267334692306     2.07267334526381   461.64891995360574    -0.00000000000000     1.10000000000000
 
    1.02267334692306     0.62267334526381   808.22203920658092     0.05000000000000    -0.35000000000000
    1.02267334692306     0.67267334526381   504.37406875361773     0.05000000000000    -0.30000000000000
    1.02267334692306     0.72267334526381   299.65008808437074     0.05000000000000    -0.25000000000000
    1.02267334692306     0.77267334526381   165.96045374914843     0.05000000000000    -0.20000000000000
    1.02267334692306     0.82267334526381    82.69753131611878     0.05000000000000    -0.15000000000000
    1.02267334692306     0.87267334526381    34.76092529422317     0.05000000000000    -0.10000000000000
    1.02267334692306     0.92267334526381    11.39865996990238     0.05000000000000    -0.05000000000000
    1.02267334692306     0.97267334526381     5.13631099432632     0.05000000000000    -0.00000000000000
    1.02267334692306     1.02267334526381    10.69879926700992     0.05000000000000     0.05000000000000
    1.02267334692306     1.07267334526381    24.50886744858758     0.05000000000000     0.10000000000000
    1.02267334692306     1.12267334526381    44.12411928959455     0.05000000000000     0.15000000000000
    1.02267334692306     1.17267334526381    67.39861751196941     0.05000000000000     0.20000000000000
    1.02267334692306     1.22267334526381    92.93211566430864     0.05000000000000     0.25000000000000
    1.02267334692306     1.27267334526381   120.04065597660292     0.05000000000000     0.30000000000000
    1.02267334692306     1.32267334526381   147.99787809712848     0.05000000000000     0.35000000000000
    1.02267334692306     1.37267334526381   176.23628065533239     0.05000000000000     0.40000000000000
    1.02267334692306     1.42267334526381   204.09707385250636     0.05000000000000     0.45000000000000
    1.02267334692306     1.47267334526381   231.23315465354585     0.05000000000000     0.50000000000000
    1.02267334692306     1.52267334526381   257.24190397412781     0.05000000000000     0.55000000000000
    1.02267334692306     1.57267334526381   281.86593224245939     0.05000000000000     0.60000000000000
    1.02267334692306     1.62267334526381   305.45552199907729     0.05000000000000     0.65000000000000
    1.02267334692306     1.67267334526381   328.11715699855972     0.05000000000000     0.70000000000000
    1.02267334692306     1.72267334526381   349.72322361276008     0.05000000000000     0.75000000000000
    1.02267334692306     1.77267334526381   370.05696692094273     0.05000000000000     0.80000000000000
    1.02267334692306     1.82267334526381   389.50001356688551     0.05000000000000     0.85000000000000
    1.02267334692306     1.87267334526381   408.03420633932490     0.05000000000000     0.90000000000000
    1.02267334692306     1.92267334526381   425.05904910018603     0.05000000000000     0.95000000000000
    1.02267334692306     1.97267334526381   440.05832978261867     0.05000000000000     1.00000000000000
    1.02267334692306     2.02267334526381   452.94050621000270     0.05000000000000     1.05000000000000
    1.02267334692306     2.07267334526381   464.11633464180125     0.05000000000000     1.10000000000000
 
    1.07267334692306     0.62267334526381   823.23610973427697     0.10000000000000    -0.35000000000000
    1.07267334692306     0.67267334526381   519.40771936947726     0.10000000000000    -0.30000000000000
    1.07267334692306     0.72267334526381   314.47812412539565     0.10000000000000    -0.25000000000000
    1.07267334692306     0.77267334526381   180.49385468105015     0.10000000000000    -0.20000000000000
    1.07267334692306     0.82267334526381    96.92027542626261     0.10000000000000    -0.15000000000000
    1.07267334692306     0.87267334526381    48.72265134515874     0.10000000000000    -0.10000000000000
    1.07267334692306     0.92267334526381    25.14012202022832     0.10000000000000    -0.05000000000000
    1.07267334692306     0.97267334526381    18.67747420952696     0.10000000000000    -0.00000000000000
    1.07267334692306     1.02267334526381    24.06366190614290     0.10000000000000     0.05000000000000
    1.07267334692306     1.07267334526381    37.73674150361126     0.10000000000000     0.10000000000000
    1.07267334692306     1.12267334526381    57.23336706777513     0.10000000000000     0.15000000000000
    1.07267334692306     1.17267334526381    80.38957025914215     0.10000000000000     0.20000000000000
    1.07267334692306     1.22267334526381   105.79645108570185     0.10000000000000     0.25000000000000
    1.07267334692306     1.27267334526381   132.75902075832823     0.10000000000000     0.30000000000000
    1.07267334692306     1.32267334526381   160.56518649151303     0.10000000000000     0.35000000000000
    1.07267334692306     1.37267334526381   188.65877083878490     0.10000000000000     0.40000000000000
    1.07267334692306     1.42267334526381   216.37512426184662     0.10000000000000     0.45000000000000
    1.07267334692306     1.47267334526381   243.35731228651457     0.10000000000000     0.50000000000000
    1.07267334692306     1.52267334526381   269.19966836359754     0.10000000000000     0.55000000000000
    1.07267334692306     1.57267334526381   293.66284745056487     0.10000000000000     0.60000000000000
    1.07267334692306     1.62267334526381   317.10419742467616     0.10000000000000     0.65000000000000
    1.07267334692306     1.67267334526381   339.61317588185898     0.10000000000000     0.70000000000000
    1.07267334692306     1.72267334526381   361.05997217787467     0.10000000000000     0.75000000000000
    1.07267334692306     1.77267334526381   381.23211227315642     0.10000000000000     0.80000000000000
    1.07267334692306     1.82267334526381   400.52007679637825     0.10000000000000     0.85000000000000
    1.07267334692306     1.87267334526381   418.91427681119353     0.10000000000000     0.90000000000000
    1.07267334692306     1.92267334526381   435.82396078646559     0.10000000000000     0.95000000000000
    1.07267334692306     1.97267334526381   450.74164845472751     0.10000000000000     1.00000000000000
    1.07267334692306     2.02267334526381   463.57893838755228     0.10000000000000     1.05000000000000
    1.07267334692306     2.07267334526381   474.74083678718762     0.10000000000000     1.10000000000000
 
    1.12267334692306     0.62267334526381   844.60925748635987     0.15000000000000    -0.35000000000000
    1.12267334692306     0.67267334526381   540.68020706653681     0.15000000000000    -0.30000000000000
    1.12267334692306     0.72267334526381   335.37612591089260     0.15000000000000    -0.25000000000000
    1.12267334692306     0.77267334526381   200.97906008535801     0.15000000000000    -0.20000000000000
    1.12267334692306     0.82267334526381   117.06501528774015     0.15000000000000    -0.15000000000000
    1.12267334692306     0.87267334526381    68.59748541729437     0.15000000000000    -0.10000000000000
    1.12267334692306     0.92267334526381    44.78743176004104     0.15000000000000    -0.05000000000000
    1.12267334692306     0.97267334526381    38.13105273577594     0.15000000000000    -0.00000000000000
    1.12267334692306     1.02267334526381    43.36643030015148     0.15000000000000     0.05000000000000
    1.12267334692306     1.07267334526381    56.92168546816379     0.15000000000000     0.10000000000000
    1.12267334692306     1.12267334526381    76.29056773820071     0.15000000000000     0.15000000000000
    1.12267334692306     1.17267334526381    99.30433209762987     0.15000000000000     0.20000000000000
    1.12267334692306     1.22267334526381   124.55579762654156     0.15000000000000     0.25000000000000
    1.12267334692306     1.27267334526381   151.34715322690545     0.15000000000000     0.30000000000000
    1.12267334692306     1.32267334526381   178.97374529455169     0.15000000000000     0.35000000000000
    1.12267334692306     1.37267334526381   206.86625783337013     0.15000000000000     0.40000000000000
    1.12267334692306     1.42267334526381   234.35604571946169     0.15000000000000     0.45000000000000
    1.12267334692306     1.47267334526381   261.09360685453998     0.15000000000000     0.50000000000000
    1.12267334692306     1.52267334526381   286.70168799906673     0.15000000000000     0.55000000000000
    1.12267334692306     1.57267334526381   310.95854670609538     0.15000000000000     0.60000000000000
    1.12267334692306     1.62267334526381   334.21012408972319     0.15000000000000     0.65000000000000
    1.12267334692306     1.67267334526381   356.54737752678966     0.15000000000000     0.70000000000000
    1.12267334692306     1.72267334526381   377.84842192564997     0.15000000000000     0.75000000000000
    1.12267334692306     1.77267334526381   397.88984431934364     0.15000000000000     0.80000000000000
    1.12267334692306     1.82267334526381   417.06021723511276     0.15000000000000     0.85000000000000
    1.12267334692306     1.87267334526381   435.35410872460011     0.15000000000000     0.90000000000000
    1.12267334692306     1.92267334526381   452.18478912770399     0.15000000000000     0.95000000000000
    1.12267334692306     1.97267334526381   467.04615627709313     0.15000000000000     1.00000000000000
    1.12267334692306     2.02267334526381   479.84725744651359     0.15000000000000     1.05000000000000
    1.12267334692306     2.07267334526381   490.98629817007452     0.15000000000000     1.10000000000000
 
    1.17267334692306     0.62267334526381   869.82280793866516     0.20000000000000    -0.35000000000000
    1.17267334692306     0.67267334526381   565.62364073324068     0.20000000000000    -0.30000000000000
    1.17267334692306     0.72267334526381   359.85730862326045     0.20000000000000    -0.25000000000000
    1.17267334692306     0.77267334526381   225.05918477640125     0.20000000000000    -0.20000000000000
    1.17267334692306     0.82267334526381   140.84551532620981     0.20000000000000    -0.15000000000000
    1.17267334692306     0.87267334526381    92.14699384972687     0.20000000000000    -0.10000000000000
    1.17267334692306     0.92267334526381    68.15082767677995     0.20000000000000    -0.05000000000000
    1.17267334692306     0.97267334526381    61.34750517211114     0.20000000000000    -0.00000000000000
    1.17267334692306     1.02267334526381    66.46435209979086     0.20000000000000     0.05000000000000
    1.17267334692306     1.07267334526381    79.90038428029175     0.20000000000000     0.10000000000000
    1.17267334692306     1.12267334526381    99.12540397143130     0.20000000000000     0.15000000000000
    1.17267334692306     1.17267334526381   121.97875219107505     0.20000000000000     0.20000000000000
    1.17267334692306     1.22267334526381   147.06588592384810     0.20000000000000     0.25000000000000
    1.17267334692306     1.27267334526381   173.68798842413162     0.20000000000000     0.30000000000000
    1.17267334692306     1.32267334526381   201.12081634774268     0.20000000000000     0.35000000000000
    1.17267334692306     1.37267334526381   228.77190632073894     0.20000000000000     0.40000000000000
    1.17267334692306     1.42267334526381   255.97955126906959     0.20000000000000     0.45000000000000
    1.17267334692306     1.47267334526381   282.42814684772065     0.20000000000000     0.50000000000000
    1.17267334692306     1.52267334526381   307.77665715691046     0.20000000000000     0.55000000000000
    1.17267334692306     1.57267334526381   331.80068788805897     0.20000000000000     0.60000000000000
    1.17267334692306     1.62267334526381   354.83983767824930     0.20000000000000     0.65000000000000
    1.17267334692306     1.67267334526381   377.00761527693271     0.20000000000000     0.70000000000000
    1.17267334692306     1.72267334526381   398.18949455657923     0.20000000000000     0.75000000000000
    1.17267334692306     1.77267334526381   418.13840348178826     0.20000000000000     0.80000000000000
    1.17267334692306     1.82267334526381   437.23548205953671     0.20000000000000     0.85000000000000
    1.17267334692306     1.87267334526381   455.47732807953923     0.20000000000000     0.90000000000000
    1.17267334692306     1.92267334526381   472.27483191658541     0.20000000000000     0.95000000000000
    1.17267334692306     1.97267334526381   487.11445696078124     0.20000000000000     1.00000000000000
    1.17267334692306     2.02267334526381   499.89684257179249     0.20000000000000     1.05000000000000
    1.17267334692306     2.07267334526381   511.01323779966197     0.20000000000000     1.10000000000000
 
    1.22267334692306     0.62267334526381   896.90143836026414     0.25000000000000    -0.35000000000000
    1.22267334692306     0.67267334526381   592.43354574205785     0.25000000000000    -0.30000000000000
    1.22267334692306     0.72267334526381   386.28895063780556     0.25000000000000    -0.25000000000000
    1.22267334692306     0.77267334526381   251.18571095794982     0.25000000000000    -0.20000000000000
    1.22267334692306     0.82267334526381   166.74654883892117     0.25000000000000    -0.15000000000000
    1.22267334692306     0.87267334526381   117.87724144583808     0.25000000000000    -0.10000000000000
    1.22267334692306     0.92267334526381    93.75472264157133     0.25000000000000    -0.05000000000000
    1.22267334692306     0.97267334526381    86.85270004100016     0.25000000000000    -0.00000000000000
    1.22267334692306     1.02267334526381    91.86212455739155     0.25000000000000     0.05000000000000
    1.22267334692306     1.07267334526381   105.17154060784060     0.25000000000000     0.10000000000000
    1.22267334692306     1.12267334526381   124.24079148856003     0.25000000000000     0.15000000000000
    1.22267334692306     1.17267334526381   146.93132242762681     0.25000000000000     0.20000000000000
    1.22267334692306     1.22267334526381   171.87213736842318     0.25000000000000     0.25000000000000
    1.22267334692306     1.27267334526381   198.33641447074547     0.25000000000000     0.30000000000000
    1.22267334692306     1.32267334526381   225.57203947199901     0.25000000000000     0.35000000000000
    1.22267334692306     1.37267334526381   252.96992150511824     0.25000000000000     0.40000000000000
    1.22267334692306     1.42267334526381   279.88887048620813     0.25000000000000     0.45000000000000
    1.22267334692306     1.47267334526381   306.05727499206660     0.25000000000000     0.50000000000000
    1.22267334692306     1.52267334526381   331.15240946519066     0.25000000000000     0.55000000000000
    1.22267334692306     1.57267334526381   354.94415148672260     0.25000000000000     0.60000000000000
    1.22267334692306     1.62267334526381   377.78099514500343     0.25000000000000     0.65000000000000
    1.22267334692306     1.67267334526381   399.80128269688953     0.25000000000000     0.70000000000000
    1.22267334692306     1.72267334526381   420.89071701907665     0.25000000000000     0.75000000000000
    1.22267334692306     1.77267334526381   440.77495388262332     0.25000000000000     0.80000000000000
    1.22267334692306     1.82267334526381   459.82756686058030     0.25000000000000     0.85000000000000
    1.22267334692306     1.87267334526381   478.04602358814861     0.25000000000000     0.90000000000000
    1.22267334692306     1.92267334526381   494.83462081560572     0.25000000000000     0.95000000000000
    1.22267334692306     1.97267334526381   509.66801665495416     0.25000000000000     1.00000000000000
    1.22267334692306     2.02267334526381   522.43693056775601     0.25000000000000     1.05000000000000
    1.22267334692306     2.07267334526381   533.52770631559054     0.25000000000000     1.10000000000000
 
    1.27267334692306     0.62267334526381   925.18743332880968     0.30000000000000    -0.35000000000000
    1.27267334692306     0.67267334526381   620.58197072533085     0.30000000000000    -0.30000000000000
    1.27267334692306     0.72267334526381   414.18809407171307     0.30000000000000    -0.25000000000000
    1.27267334692306     0.77267334526381   278.85845210959928     0.30000000000000    -0.20000000000000
    1.27267334692306     0.82267334526381   194.22858213554036     0.30000000000000    -0.15000000000000
    1.27267334692306     0.87267334526381   145.22237873883728     0.30000000000000    -0.10000000000000
    1.27267334692306     0.92267334526381   121.00545674021896     0.30000000000000    -0.05000000000000
    1.27267334692306     0.97267334526381   114.00224939990767     0.30000000000000    -0.00000000000000
    1.27267334692306     1.02267334526381   118.88742384099874     0.30000000000000     0.05000000000000
    1.27267334692306     1.07267334526381   132.05037668104615     0.30000000000000     0.10000000000000
    1.27267334692306     1.12267334526381   150.94764257673978     0.30000000000000     0.15000000000000
    1.27267334692306     1.17267334526381   173.47097507222293     0.30000000000000     0.20000000000000
    1.27267334692306     1.22267334526381   198.25477296030681     0.30000000000000     0.25000000000000
    1.27267334692306     1.27267334526381   224.53703540966922     0.30000000000000     0.30000000000000
    1.27267334692306     1.32267334526381   251.55402317157700     0.30000000000000     0.35000000000000
    1.27267334692306     1.37267334526381   278.69713798713246     0.30000000000000     0.40000000000000
    1.27267334692306     1.42267334526381   305.34807272171179     0.30000000000000     0.45000000000000
    1.27267334692306     1.47267334526381   331.26056905867472     0.30000000000000     0.50000000000000
    1.27267334692306     1.52267334526381   356.12241013076687     0.30000000000000     0.55000000000000
    1.27267334692306     1.57267334526381   379.70801816706000     0.30000000000000     0.60000000000000
    1.27267334692306     1.62267334526381   402.37518039680185     0.30000000000000     0.65000000000000
    1.27267334692306     1.67267334526381   424.27147380019926     0.30000000000000     0.70000000000000
    1.27267334692306     1.72267334526381   445.27861193204137     0.30000000000000     0.75000000000000
    1.27267334692306     1.77267334526381   465.09926858503411     0.30000000000000     0.80000000000000
    1.27267334692306     1.82267334526381   484.10187064931074     0.30000000000000     0.85000000000000
    1.27267334692306     1.87267334526381   502.28423638919196     0.30000000000000     0.90000000000000
    1.27267334692306     1.92267334526381   519.04406725982278     0.30000000000000     0.95000000000000
    1.27267334692306     1.97267334526381   533.84677020071013     0.30000000000000     1.00000000000000
    1.27267334692306     2.02267334526381   546.57759183485223     0.30000000000000     1.05000000000000
    1.27267334692306     2.07267334526381   557.62286302723760     0.30000000000000     1.10000000000000
 
    1.32267334692306     0.62267334526381   953.82786768049118     0.35000000000000    -0.35000000000000
    1.32267334692306     0.67267334526381   649.35889816470944     0.35000000000000    -0.30000000000000
    1.32267334692306     0.72267334526381   442.84838854787563     0.35000000000000    -0.25000000000000
    1.32267334692306     0.77267334526381   307.35395744686298     0.35000000000000    -0.20000000000000
    1.32267334692306     0.82267334526381   222.59132502240368     0.35000000000000    -0.15000000000000
    1.32267334692306     0.87267334526381   173.48551887922736     0.35000000000000    -0.10000000000000
    1.32267334692306     0.92267334526381   149.16738222014010     0.35000000000000    -0.05000000000000
    1.32267334692306     0.97267334526381   142.04636634208896     0.35000000000000    -0.00000000000000
    1.32267334692306     1.02267334526381   146.79648464890488     0.35000000000000     0.05000000000000
    1.32267334692306     1.07267334526381   159.80693840847994     0.35000000000000     0.10000000000000
    1.32267334692306     1.12267334526381   178.52360151589050     0.35000000000000     0.15000000000000
    1.32267334692306     1.17267334526381   200.85597165430522     0.35000000000000     0.20000000000000
    1.32267334692306     1.22267334526381   225.44446958074809     0.35000000000000     0.25000000000000
    1.32267334692306     1.27267334526381   251.50925875944927     0.35000000000000     0.30000000000000
    1.32267334692306     1.32267334526381   278.29532193804948     0.35000000000000     0.35000000000000
    1.32267334692306     1.37267334526381   305.21038817903082     0.35000000000000     0.40000000000000
    1.32267334692306     1.42267334526381   331.63687961183473     0.35000000000000     0.45000000000000
    1.32267334692306     1.47267334526381   357.34039991907377     0.35000000000000     0.50000000000000
    1.32267334692306     1.52267334526381   382.02503985123678     0.35000000000000     0.55000000000000
    1.32267334692306     1.57267334526381   405.46944700420249     0.35000000000000     0.60000000000000
    1.32267334692306     1.62267334526381   428.02718543854462     0.35000000000000     0.65000000000000
    1.32267334692306     1.67267334526381   449.83711748569999     0.35000000000000     0.70000000000000
    1.32267334692306     1.72267334526381   470.77945566317328     0.35000000000000     0.75000000000000
    1.32267334692306     1.77267334526381   490.54167876465146     0.35000000000000     0.80000000000000
    1.32267334692306     1.82267334526381   509.48739928228770     0.35000000000000     0.85000000000000
    1.32267334692306     1.87267334526381   527.61399858882646     0.35000000000000     0.90000000000000
    1.32267334692306     1.92267334526381   544.31641244119248     0.35000000000000     0.95000000000000
    1.32267334692306     1.97267334526381   559.05807200241588     0.35000000000000     1.00000000000000
    1.32267334692306     2.02267334526381   571.72617740126202     0.35000000000000     1.05000000000000
    1.32267334692306     2.07267334526381   582.71236326603764     0.35000000000000     1.10000000000000
 
    1.37267334692306     0.62267334526381   982.10226401391913     0.40000000000000    -0.35000000000000
    1.37267334692306     0.67267334526381   678.00804782112164     0.40000000000000    -0.30000000000000
    1.37267334692306     0.72267334526381   471.53932116499789     0.40000000000000    -0.25000000000000
    1.37267334692306     0.77267334526381   336.05613381330659     0.40000000000000    -0.20000000000000
    1.37267334692306     0.82267334526381   251.25901533662841     0.40000000000000    -0.15000000000000
    1.37267334692306     0.87267334526381   202.06606117344654     0.40000000000000    -0.10000000000000
    1.37267334692306     0.92267334526381   177.63986646092576     0.40000000000000    -0.05000000000000
    1.37267334692306     0.97267334526381   170.40129206935762     0.40000000000000    -0.00000000000000
    1.37267334692306     1.02267334526381   175.02755268808460     0.40000000000000     0.05000000000000
    1.37267334692306     1.07267334526381   187.89038219806321     0.40000000000000     0.10000000000000
    1.37267334692306     1.12267334526381   206.40378859099087     0.40000000000000     0.15000000000000
    1.37267334692306     1.17267334526381   228.49712126772965     0.40000000000000     0.20000000000000
    1.37267334692306     1.22267334526381   252.83498315934617     0.40000000000000     0.25000000000000
    1.37267334692306     1.27267334526381   278.64751535559799     0.40000000000000     0.30000000000000
    1.37267334692306     1.32267334526381   305.20750329299494     0.40000000000000     0.35000000000000
    1.37267334692306     1.37267334526381   331.93202803994313     0.40000000000000     0.40000000000000
    1.37267334692306     1.42267334526381   358.18140772138497     0.40000000000000     0.45000000000000
    1.37267334692306     1.47267334526381   383.73860329548188     0.40000000000000     0.50000000000000
    1.37267334692306     1.52267334526381   408.32630327518768     0.40000000000000     0.55000000000000
    1.37267334692306     1.57267334526381   431.71238048732289     0.40000000000000     0.60000000000000
    1.37267334692306     1.62267334526381   454.23090817687284     0.40000000000000     0.65000000000000
    1.37267334692306     1.67267334526381   476.00156083632112     0.40000000000000     0.70000000000000
    1.37267334692306     1.72267334526381   496.90924403332713     0.40000000000000     0.75000000000000
    1.37267334692306     1.77267334526381   516.63152867155975     0.40000000000000     0.80000000000000
    1.37267334692306     1.82267334526381   535.52458101120612     0.40000000000000     0.85000000000000
    1.37267334692306     1.87267334526381   553.58513828803052     0.40000000000000     0.90000000000000
    1.37267334692306     1.92267334526381   570.21162568885075     0.40000000000000     0.95000000000000
    1.37267334692306     1.97267334526381   584.87446196456153     0.40000000000000     1.00000000000000
    1.37267334692306     2.02267334526381   597.47042849587569     0.40000000000000     1.05000000000000
    1.37267334692306     2.07267334526381   608.40058416104887     0.40000000000000     1.10000000000000
 
    1.42267334692306     0.62267334526381  1008.96202829384936     0.45000000000000    -0.35000000000000
    1.42267334692306     0.67267334526381   705.56703695331009     0.45000000000000    -0.30000000000000
    1.42267334692306     0.72267334526381   499.49020646949691     0.45000000000000    -0.25000000000000
    1.42267334692306     0.77267334526381   364.22692314521885     0.45000000000000    -0.20000000000000
    1.42267334692306     0.82267334526381   279.47556845277131     0.45000000000000    -0.15000000000000
    1.42267334692306     0.87267334526381   230.22809810707736     0.45000000000000    -0.10000000000000
    1.42267334692306     0.92267334526381   205.71889825504877     0.45000000000000    -0.05000000000000
    1.42267334692306     0.97267334526381   198.39280709434570     0.45000000000000    -0.00000000000000
    1.42267334692306     1.02267334526381   202.91942130427083     0.45000000000000     0.05000000000000
    1.42267334692306     1.07267334526381   215.63391518583808     0.45000000000000     0.10000000000000
    1.42267334692306     1.12267334526381   233.91700923868939     0.45000000000000     0.15000000000000
    1.42267334692306     1.17267334526381   255.72862075604621     0.45000000000000     0.20000000000000
    1.42267334692306     1.22267334526381   279.77874159209250     0.45000000000000     0.25000000000000
    1.42267334692306     1.27267334526381   305.32524793090511     0.45000000000000     0.30000000000000
    1.42267334692306     1.32267334526381   331.66360699758957     0.45000000000000     0.35000000000000
    1.42267334692306     1.37267334526381   358.21241512607810     0.45000000000000     0.40000000000000
    1.42267334692306     1.42267334526381   384.31276079628503     0.45000000000000     0.45000000000000
    1.42267334692306     1.47267334526381   409.77765814152508     0.45000000000000     0.50000000000000
    1.42267334692306     1.52267334526381   434.34002509915570     0.45000000000000     0.55000000000000
    1.42267334692306     1.57267334526381   457.73757758362899     0.45000000000000     0.60000000000000
    1.42267334692306     1.62267334526381   480.27332169140095     0.45000000000000     0.65000000000000
    1.42267334692306     1.67267334526381   502.04516439958877     0.45000000000000     0.70000000000000
    1.42267334692306     1.72267334526381   522.94693240638571     0.45000000000000     0.75000000000000
    1.42267334692306     1.77267334526381   542.64703755512721     0.45000000000000     0.80000000000000
    1.42267334692306     1.82267334526381   561.49270541582143     0.45000000000000     0.85000000000000
    1.42267334692306     1.87267334526381   579.48248199734280     0.45000000000000     0.90000000000000
    1.42267334692306     1.92267334526381   596.02519472594270     0.45000000000000     0.95000000000000
    1.42267334692306     1.97267334526381   610.60558876861751     0.45000000000000     1.00000000000000
    1.42267334692306     2.02267334526381   623.13513614787064     0.45000000000000     1.05000000000000
    1.42267334692306     2.07267334526381   634.02609325488208     0.45000000000000     1.10000000000000
 
    1.47267334692306     0.62267334526381  1033.64330343480492     0.50000000000000    -0.35000000000000
    1.47267334692306     0.67267334526381   731.57405276762131     0.50000000000000    -0.30000000000000
    1.47267334692306     0.72267334526381   526.24290626002323     0.50000000000000    -0.25000000000000
    1.47267334692306     0.77267334526381   391.38302148564549     0.50000000000000    -0.20000000000000
    1.47267334692306     0.82267334526381   306.78396232081582     0.50000000000000    -0.15000000000000
    1.47267334692306     0.87267334526381   257.55625802863733     0.50000000000000    -0.10000000000000
    1.47267334692306     0.92267334526381   233.02591058788448     0.50000000000000    -0.05000000000000
    1.47267334692306     0.97267334526381   225.65639105963055     0.50000000000000    -0.00000000000000
    1.47267334692306     1.02267334526381   230.09906053133727     0.50000000000000     0.05000000000000
    1.47267334692306     1.07267334526381   242.65525443420370     0.50000000000000     0.10000000000000
    1.47267334692306     1.12267334526381   260.68921826611859     0.50000000000000     0.15000000000000
    1.47267334692306     1.17267334526381   282.21084879170371     0.50000000000000     0.20000000000000
    1.47267334692306     1.22267334526381   305.98030090673956     0.50000000000000     0.25000000000000
    1.47267334692306     1.27267334526381   331.27192484641841     0.50000000000000     0.30000000000000
    1.47267334692306     1.32267334526381   357.40341171855835     0.50000000000000     0.35000000000000
    1.47267334692306     1.37267334526381   383.80640632383881     0.50000000000000     0.40000000000000
    1.47267334692306     1.42267334526381   409.81344937209565     0.50000000000000     0.45000000000000
    1.47267334692306     1.47267334526381   435.26581415281817     0.50000000000000     0.50000000000000
    1.47267334692306     1.52267334526381   459.89052813360695     0.50000000000000     0.55000000000000
    1.47267334692306     1.57267334526381   483.38319292220274     0.50000000000000     0.60000000000000
    1.47267334692306     1.62267334526381   506.01094887789986     0.50000000000000     0.65000000000000
    1.47267334692306     1.67267334526381   527.84585217312861     0.50000000000000     0.70000000000000
    1.47267334692306     1.72267334526381   548.78623041531216     0.50000000000000     0.75000000000000
    1.47267334692306     1.77267334526381   568.48957825725711     0.50000000000000     0.80000000000000
    1.47267334692306     1.82267334526381   587.29543678835455     0.50000000000000     0.85000000000000
    1.47267334692306     1.87267334526381   605.21001308423763     0.50000000000000     0.90000000000000
    1.47267334692306     1.92267334526381   621.66114062005215     0.50000000000000     0.95000000000000
    1.47267334692306     1.97267334526381   636.15477378741309     0.50000000000000     1.00000000000000
    1.47267334692306     2.02267334526381   648.62098435433859     0.50000000000000     1.05000000000000
    1.47267334692306     2.07267334526381   659.48423247951689     0.50000000000000     1.10000000000000
 
    1.52267334692306     0.62267334526381  1055.81044447044724     0.55000000000000    -0.35000000000000
    1.52267334692306     0.67267334526381   755.63812446258601     0.55000000000000    -0.30000000000000
    1.52267334692306     0.72267334526381   551.37528157631925     0.55000000000000    -0.25000000000000
    1.52267334692306     0.77267334526381   417.12191522773958     0.55000000000000    -0.20000000000000
    1.52267334692306     0.82267334526381   332.81509923227759     0.55000000000000    -0.15000000000000
    1.52267334692306     0.87267334526381   283.70763788349427     0.55000000000000    -0.10000000000000
    1.52267334692306     0.92267334526381   259.22030243649147     0.55000000000000    -0.05000000000000
    1.52267334692306     0.97267334526381   251.83356639623003     0.55000000000000    -0.00000000000000
    1.52267334692306     1.02267334526381   256.18719592188631     0.55000000000000     0.05000000000000
    1.52267334692306     1.07267334526381   268.57268775812213     0.55000000000000     0.10000000000000
    1.52267334692306     1.12267334526381   286.36719930631421     0.55000000000000     0.15000000000000
    1.52267334692306     1.17267334526381   307.62712721208777     0.55000000000000     0.20000000000000
    1.52267334692306     1.22267334526381   331.14196147640746     0.55000000000000     0.25000000000000
    1.52267334692306     1.27267334526381   356.20103456927313     0.55000000000000     0.30000000000000
    1.52267334692306     1.32267334526381   382.15776706404245     0.55000000000000     0.35000000000000
    1.52267334692306     1.37267334526381   408.46582872067677     0.55000000000000     0.40000000000000
    1.52267334692306     1.42267334526381   434.44896512776154     0.55000000000000     0.45000000000000
    1.52267334692306     1.47267334526381   459.96658763017945     0.55000000000000     0.50000000000000
    1.52267334692306     1.52267334526381   484.73151152112746     0.55000000000000     0.55000000000000
    1.52267334692306     1.57267334526381   508.39612748299078     0.55000000000000     0.60000000000000
    1.52267334692306     1.62267334526381   531.18854821979437     0.55000000000000     0.65000000000000
    1.52267334692306     1.67267334526381   553.14762653149603     0.55000000000000     0.70000000000000
    1.52267334692306     1.72267334526381   574.16696047248752     0.55000000000000     0.75000000000000
    1.52267334692306     1.77267334526381   593.89131167689334     0.55000000000000     0.80000000000000
    1.52267334692306     1.82267334526381   612.65635956341737     0.55000000000000     0.85000000000000
    1.52267334692306     1.87267334526381   630.48366756345251     0.55000000000000     0.90000000000000
    1.52267334692306     1.92267334526381   646.82807377319352     0.55000000000000     0.95000000000000
    1.52267334692306     1.97267334526381   661.22114004233606     0.55000000000000     1.00000000000000
    1.52267334692306     2.02267334526381   673.61328142630543     0.55000000000000     1.05000000000000
    1.52267334692306     2.07267334526381   684.44183915458677     0.55000000000000     1.10000000000000
 
    1.57267334692306     0.62267334526381  1076.00370465327615     0.60000000000000    -0.35000000000000
    1.57267334692306     0.67267334526381   778.03615561482286     0.60000000000000    -0.30000000000000
    1.57267334692306     0.72267334526381   574.99344407287754     0.60000000000000    -0.25000000000000
    1.57267334692306     0.77267334526381   441.42691248336644     0.60000000000000    -0.20000000000000
    1.57267334692306     0.82267334526381   357.45816471707258     0.60000000000000    -0.15000000000000
    1.57267334692306     0.87267334526381   308.49439795665603     0.60000000000000    -0.10000000000000
    1.57267334692306     0.92267334526381   284.05264007103415     0.60000000000000    -0.05000000000000
    1.57267334692306     0.97267334526381   276.63236826946923     0.60000000000000    -0.00000000000000
    1.57267334692306     1.02267334526381   280.87873017255492     0.60000000000000     0.05000000000000
    1.57267334692306     1.07267334526381   293.09925064360277     0.60000000000000     0.10000000000000
    1.57267334692306     1.12267334526381   310.68310129066458     0.60000000000000     0.15000000000000
    1.57267334692306     1.17267334526381   331.70869899141144     0.60000000000000     0.20000000000000
    1.57267334692306     1.22267334526381   354.99037350127662     0.60000000000000     0.25000000000000
    1.57267334692306     1.27267334526381   379.84422439430489     0.60000000000000     0.30000000000000
    1.57267334692306     1.32267334526381   405.66236343631522     0.60000000000000     0.35000000000000
    1.57267334692306     1.37267334526381   431.91477216220153     0.60000000000000     0.40000000000000
    1.57267334692306     1.42267334526381   457.91218810162138     0.60000000000000     0.45000000000000
    1.57267334692306     1.47267334526381   483.52952029388132     0.60000000000000     0.50000000000000
    1.57267334692306     1.52267334526381   508.46850569985975     0.60000000000000     0.55000000000000
    1.57267334692306     1.57267334526381   532.34382828522689     0.60000000000000     0.60000000000000
    1.57267334692306     1.62267334526381   555.34302380144663     0.60000000000000     0.65000000000000
    1.57267334692306     1.67267334526381   577.46461009503957     0.60000000000000     0.70000000000000
    1.57267334692306     1.72267334526381   598.58826251822586     0.60000000000000     0.75000000000000
    1.57267334692306     1.77267334526381   618.34284550088705     0.60000000000000     0.80000000000000
    1.57267334692306     1.82267334526381   637.06344014559079     0.60000000000000     0.85000000000000
    1.57267334692306     1.87267334526381   654.79265448091689     0.60000000000000     0.90000000000000
    1.57267334692306     1.92267334526381   671.01618995195986     0.60000000000000     0.95000000000000
    1.57267334692306     1.97267334526381   685.29177717524715     0.60000000000000     1.00000000000000
    1.57267334692306     2.02267334526381   697.59019853561495     0.60000000000000     1.05000000000000
    1.57267334692306     2.07267334526381   708.36285328246015     0.60000000000000     1.10000000000000
 
    1.62267334692306     0.62267334526381  1095.85109922055585     0.65000000000000    -0.35000000000000
    1.62267334692306     0.67267334526381   800.04568670570893     0.65000000000000    -0.30000000000000
    1.62267334692306     0.72267334526381   598.07472470393213     0.65000000000000    -0.25000000000000
    1.62267334692306     0.77267334526381   465.03579364830773     0.65000000000000    -0.20000000000000
    1.62267334692306     0.82267334526381   381.26951523848675     0.65000000000000    -0.15000000000000
    1.62267334692306     0.87267334526381   332.34677056575424     0.65000000000000    -0.10000000000000
    1.62267334692306     0.92267334526381   307.87894235887279     0.65000000000000    -0.05000000000000
    1.62267334692306     0.97267334526381   300.38677837655632     0.65000000000000    -0.00000000000000
    1.62267334692306     1.02267334526381   304.52122750429794     0.65000000000000     0.05000000000000
    1.62267334692306     1.07267334526381   316.59063865328676     0.65000000000000     0.10000000000000
    1.62267334692306     1.12267334526381   333.98111451333307     0.65000000000000     0.15000000000000
    1.62267334692306     1.17267334526381   354.79244274404073     0.65000000000000     0.20000000000000
    1.62267334692306     1.22267334526381   377.87006191983471     0.65000000000000     0.25000000000000
    1.62267334692306     1.27267334526381   402.55459784677078     0.65000000000000     0.30000000000000
    1.62267334692306     1.32267334526381   428.26610785274988     0.65000000000000     0.35000000000000
    1.62267334692306     1.37267334526381   454.48302102139917     0.65000000000000     0.40000000000000
    1.62267334692306     1.42267334526381   480.50221880809272     0.65000000000000     0.45000000000000
    1.62267334692306     1.47267334526381   506.21856036928625     0.65000000000000     0.50000000000000
    1.62267334692306     1.52267334526381   531.32739537366047     0.65000000000000     0.55000000000000
    1.62267334692306     1.57267334526381   555.41331291837514     0.65000000000000     0.60000000000000
    1.62267334692306     1.62267334526381   578.62508221899498     0.65000000000000     0.65000000000000
    1.62267334692306     1.67267334526381   600.91740586626111     0.65000000000000     0.70000000000000
    1.62267334692306     1.72267334526381   622.15258341400886     0.65000000000000     0.75000000000000
    1.62267334692306     1.77267334526381   641.93763090169853     0.65000000000000     0.80000000000000
    1.62267334692306     1.82267334526381   660.60651496590492     0.65000000000000     0.85000000000000
    1.62267334692306     1.87267334526381   678.22545480165843     0.65000000000000     0.90000000000000
    1.62267334692306     1.92267334526381   694.31236517828586     0.65000000000000     0.95000000000000
    1.62267334692306     1.97267334526381   708.45103364117256     0.65000000000000     1.00000000000000
    1.62267334692306     2.02267334526381   720.63383039495523     0.65000000000000     1.05000000000000
    1.62267334692306     2.07267334526381   731.32876761342015     0.65000000000000     1.10000000000000
 
    1.67267334692306     0.62267334526381  1116.53422629018246     0.70000000000000    -0.35000000000000
    1.67267334692306     0.67267334526381   822.43627468440798     0.70000000000000    -0.30000000000000
    1.67267334692306     0.72267334526381   621.12522022444477     0.70000000000000    -0.25000000000000
    1.67267334692306     0.77267334526381   488.28156370876957     0.70000000000000    -0.20000000000000
    1.67267334692306     0.82267334526381   404.47092161694184     0.70000000000000    -0.15000000000000
    1.67267334692306     0.87267334526381   355.42014262272551     0.70000000000000    -0.10000000000000
    1.67267334692306     0.92267334526381   330.82974619785864     0.70000000000000    -0.05000000000000
    1.67267334692306     0.97267334526381   323.22424654533756     0.70000000000000    -0.00000000000000
    1.67267334692306     1.02267334526381   327.23048158177721     0.70000000000000     0.05000000000000
    1.67267334692306     1.07267334526381   339.14605152007266     0.70000000000000     0.10000000000000
    1.67267334692306     1.12267334526381   356.36190888799206     0.70000000000000     0.15000000000000
    1.67267334692306     1.17267334526381   377.00149467699441     0.70000000000000     0.20000000000000
    1.67267334692306     1.22267334526381   399.92859177820128     0.70000000000000     0.25000000000000
    1.67267334692306     1.27267334526381   424.48789135904565     0.70000000000000     0.30000000000000
    1.67267334692306     1.32267334526381   450.11431914766069     0.70000000000000     0.35000000000000
    1.67267334692306     1.37267334526381   476.29452918937784     0.70000000000000     0.40000000000000
    1.67267334692306     1.42267334526381   502.31852367425415     0.70000000000000     0.45000000000000
    1.67267334692306     1.47267334526381   528.10426496857087     0.70000000000000     0.50000000000000
    1.67267334692306     1.52267334526381   553.34268779917556     0.70000000000000     0.55000000000000
    1.67267334692306     1.57267334526381   577.59629893484748     0.70000000000000     0.60000000000000
    1.67267334692306     1.62267334526381   600.98052144182122     0.70000000000000     0.65000000000000
    1.67267334692306     1.67267334526381   623.40937227537859     0.70000000000000     0.70000000000000
    1.67267334692306     1.72267334526381   644.72772936701858     0.70000000000000     0.75000000000000
    1.67267334692306     1.77267334526381   664.51586503144676     0.70000000000000     0.80000000000000
    1.67267334692306     1.82267334526381   683.10619435503327     0.70000000000000     0.85000000000000
    1.67267334692306     1.87267334526381   700.58951981649352     0.70000000000000     0.90000000000000
    1.67267334692306     1.92267334526381   716.51538939939155     0.70000000000000     0.95000000000000
    1.67267334692306     1.97267334526381   730.49268612419530     0.70000000000000     1.00000000000000
    1.67267334692306     2.02267334526381   742.53651754250200     0.70000000000000     1.05000000000000
    1.67267334692306     2.07267334526381   753.13346920950357     0.70000000000000     1.10000000000000
 
    1.72267334692306     0.62267334526381  1137.99693203581182     0.75000000000000    -0.35000000000000
    1.72267334692306     0.67267334526381   845.03585942743473     0.75000000000000    -0.30000000000000
    1.72267334692306     0.72267334526381   643.95267120352412     0.75000000000000    -0.25000000000000
    1.72267334692306     0.77267334526381   510.98295991784244     0.75000000000000    -0.20000000000000
    1.72267334692306     0.82267334526381   426.90849330881690     0.75000000000000    -0.15000000000000
    1.72267334692306     0.87267334526381   377.59940059920689     0.75000000000000    -0.10000000000000
    1.72267334692306     0.92267334526381   352.81760903803661     0.75000000000000    -0.05000000000000
    1.72267334692306     0.97267334526381   345.05725104235887     0.75000000000000    -0.00000000000000
    1.72267334692306     1.02267334526381   348.90673827691967     0.75000000000000     0.05000000000000
    1.72267334692306     1.07267334526381   360.66355486963448     0.75000000000000     0.10000000000000
    1.72267334692306     1.12267334526381   377.73295373672056     0.75000000000000     0.15000000000000
    1.72267334692306     1.17267334526381   398.25297584401483     0.75000000000000     0.20000000000000
    1.72267334692306     1.22267334526381   421.08557910527895     0.75000000000000     0.25000000000000
    1.72267334692306     1.27267334526381   445.56137794866527     0.75000000000000     0.30000000000000
    1.72267334692306     1.32267334526381   471.12364924373639     0.75000000000000     0.35000000000000
    1.72267334692306     1.37267334526381   497.27098710395057     0.75000000000000     0.40000000000000
    1.72267334692306     1.42267334526381   523.29168725966974     0.75000000000000     0.45000000000000
    1.72267334692306     1.47267334526381   549.12116289309824     0.75000000000000     0.50000000000000
    1.72267334692306     1.52267334526381   574.44337328167387     0.75000000000000     0.55000000000000
    1.72267334692306     1.57267334526381   598.80705603467845     0.75000000000000     0.60000000000000
    1.72267334692306     1.62267334526381   622.30614452330508     0.75000000000000     0.65000000000000
    1.72267334692306     1.67267334526381   644.82010305861684     0.75000000000000     0.70000000000000
    1.72267334692306     1.72267334526381   666.17475124794282     0.75000000000000     0.75000000000000
    1.72267334692306     1.77267334526381   685.92313785939496     0.75000000000000     0.80000000000000
    1.72267334692306     1.82267334526381   704.39761285300210     0.75000000000000     0.85000000000000
    1.72267334692306     1.87267334526381   721.71374541310456     0.75000000000000     0.90000000000000
    1.72267334692306     1.92267334526381   737.45161463956288     0.75000000000000     0.95000000000000
    1.72267334692306     1.97267334526381   751.24432943107934     0.75000000000000     1.00000000000000
    1.72267334692306     2.02267334526381   763.13018454538053     0.75000000000000     1.05000000000000
    1.72267334692306     2.07267334526381   773.61438266580615     0.75000000000000     1.10000000000000
 
    1.77267334692306     0.62267334526381  1159.42707989617452     0.80000000000000    -0.35000000000000
    1.77267334692306     0.67267334526381   867.13400212558474     0.80000000000000    -0.30000000000000
    1.77267334692306     0.72267334526381   665.95838140016167     0.80000000000000    -0.25000000000000
    1.77267334692306     0.77267334526381   532.65137064521343     0.80000000000000    -0.20000000000000
    1.77267334692306     0.82267334526381   448.19620421497234     0.80000000000000    -0.15000000000000
    1.77267334692306     0.87267334526381   398.57267277844687     0.80000000000000    -0.10000000000000
    1.77267334692306     0.92267334526381   373.56718302894501     0.80000000000000    -0.05000000000000
    1.77267334692306     0.97267334526381   365.62623090890361     0.80000000000000    -0.00000000000000
    1.77267334692306     1.02267334526381   369.30105678178950     0.80000000000000     0.05000000000000
    1.77267334692306     1.07267334526381   380.89745171385971     0.80000000000000     0.10000000000000
    1.77267334692306     1.12267334526381   397.83706521247041     0.80000000000000     0.15000000000000
    1.77267334692306     1.17267334526381   418.26593459421451     0.80000000000000     0.20000000000000
    1.77267334692306     1.22267334526381   441.03285706825204     0.80000000000000     0.25000000000000
    1.77267334692306     1.27267334526381   465.44420529909439     0.80000000000000     0.30000000000000
    1.77267334692306     1.32267334526381   490.94868820810018     0.80000000000000     0.35000000000000
    1.77267334692306     1.37267334526381   517.05799148870392     0.80000000000000     0.40000000000000
    1.77267334692306     1.42267334526381   543.05909024466075     0.80000000000000     0.45000000000000
    1.77267334692306     1.47267334526381   568.89634440953193     0.80000000000000     0.50000000000000
    1.77267334692306     1.52267334526381   594.24390015215931     0.80000000000000     0.55000000000000
    1.77267334692306     1.57267334526381   618.64358032719826     0.80000000000000     0.60000000000000
    1.77267334692306     1.62267334526381   642.17735379337319     0.80000000000000     0.65000000000000
    1.77267334692306     1.67267334526381   664.69771435628968     0.80000000000000     0.70000000000000
    1.77267334692306     1.72267334526381   686.01403332947268     0.80000000000000     0.75000000000000
    1.77267334692306     1.77267334526381   705.65437917569261     0.80000000000000     0.80000000000000
    1.77267334692306     1.82267334526381   723.95421047669868     0.80000000000000     0.85000000000000
    1.77267334692306     1.87267334526381   741.05552188827687     0.80000000000000     0.90000000000000
    1.77267334692306     1.92267334526381   756.56922320149806     0.80000000000000     0.95000000000000
    1.77267334692306     1.97267334526381   770.15181558542668     0.80000000000000     1.00000000000000
    1.77267334692306     2.02267334526381   781.86289946269062     0.80000000000000     1.05000000000000
    1.77267334692306     2.07267334526381   792.22300149413502     0.80000000000000     1.10000000000000
 
    1.82267334692306     0.62267334526381  1180.72193723014107     0.85000000000000    -0.35000000000000
    1.82267334692306     0.67267334526381   888.71191895217441     0.85000000000000    -0.30000000000000
    1.82267334692306     0.72267334526381   687.22451485961756     0.85000000000000    -0.25000000000000
    1.82267334692306     0.77267334526381   553.46666461697941     0.85000000000000    -0.20000000000000
    1.82267334692306     0.82267334526381   468.58833960023708     0.85000000000000    -0.15000000000000
    1.82267334692306     0.87267334526381   418.63910385369047     0.85000000000000    -0.10000000000000
    1.82267334692306     0.92267334526381   393.40544965232800     0.85000000000000    -0.05000000000000
    1.82267334692306     0.97267334526381   385.28144383862229     0.85000000000000    -0.00000000000000
    1.82267334692306     1.02267334526381   388.78242331715296     0.85000000000000     0.05000000000000
    1.82267334692306     1.07267334526381   400.22481359616052     0.85000000000000     0.10000000000000
    1.82267334692306     1.12267334526381   417.04815486003963     0.85000000000000     0.15000000000000
    1.82267334692306     1.17267334526381   437.40537542359277     0.85000000000000     0.20000000000000
    1.82267334692306     1.22267334526381   460.12660362154691     0.85000000000000     0.25000000000000
    1.82267334692306     1.27267334526381   484.48637235475644     0.85000000000000     0.30000000000000
    1.82267334692306     1.32267334526381   509.93376206334517     0.85000000000000     0.35000000000000
    1.82267334692306     1.37267334526381   535.99169941732225     0.85000000000000     0.40000000000000
    1.82267334692306     1.42267334526381   561.94734459324707     0.85000000000000     0.45000000000000
    1.82267334692306     1.47267334526381   587.74803569132519     0.85000000000000     0.50000000000000
    1.82267334692306     1.52267334526381   613.05781032853372     0.85000000000000     0.55000000000000
    1.82267334692306     1.57267334526381   637.41746001859826     0.85000000000000     0.60000000000000
    1.82267334692306     1.62267334526381   660.90276894825865     0.85000000000000     0.65000000000000
    1.82267334692306     1.67267334526381   683.34727793114575     0.85000000000000     0.70000000000000
    1.82267334692306     1.72267334526381   704.54871059277355     0.85000000000000     0.75000000000000
    1.82267334692306     1.77267334526381   724.01407763821828     0.85000000000000     0.80000000000000
    1.82267334692306     1.82267334526381   742.08613722676580     0.85000000000000     0.85000000000000
    1.82267334692306     1.87267334526381   758.93524914771740     0.85000000000000     0.90000000000000
    1.82267334692306     1.92267334526381   774.20258064016411     0.85000000000000     0.95000000000000
    1.82267334692306     1.97267334526381   787.56515569188252     0.85000000000000     1.00000000000000
    1.82267334692306     2.02267334526381   799.09917707637669     0.85000000000000     1.05000000000000
    1.82267334692306     2.07267334526381   809.33519099206637     0.85000000000000     1.10000000000000
 
    1.87267334692306     0.62267334526381  1201.50984056053017     0.90000000000000    -0.35000000000000
    1.87267334692306     0.67267334526381   909.47706947732365     0.90000000000000    -0.30000000000000
    1.87267334692306     0.72267334526381   707.55592700882892     0.90000000000000    -0.25000000000000
    1.87267334692306     0.77267334526381   573.31240898409192     0.90000000000000    -0.20000000000000
    1.87267334692306     0.82267334526381   488.01987526871824     0.90000000000000    -0.15000000000000
    1.87267334692306     0.87267334526381   437.76705677025427     0.90000000000000    -0.10000000000000
    1.87267334692306     0.92267334526381   412.32601950416972     0.90000000000000    -0.05000000000000
    1.87267334692306     0.97267334526381   404.03696858636579     0.90000000000000    -0.00000000000000
    1.87267334692306     1.02267334526381   407.37959624413509     0.90000000000000     0.05000000000000
    1.87267334692306     1.07267334526381   418.68260866549622     0.90000000000000     0.10000000000000
    1.87267334692306     1.12267334526381   435.40701456591501     0.90000000000000     0.15000000000000
    1.87267334692306     1.17267334526381   455.71393268507813     0.90000000000000     0.20000000000000
    1.87267334692306     1.22267334526381   478.41043005827180     0.90000000000000     0.25000000000000
    1.87267334692306     1.27267334526381   502.73205336399133     0.90000000000000     0.30000000000000
    1.87267334692306     1.32267334526381   528.12264809173655     0.90000000000000     0.35000000000000
    1.87267334692306     1.37267334526381   554.11498760841278     0.90000000000000     0.40000000000000
    1.87267334692306     1.42267334526381   580.00075633323070     0.90000000000000     0.45000000000000
    1.87267334692306     1.47267334526381   605.72767984499239     0.90000000000000     0.50000000000000
    1.87267334692306     1.52267334526381   630.95123000296735     0.90000000000000     0.55000000000000
    1.87267334692306     1.57267334526381   655.21492620219374     0.90000000000000     0.60000000000000
    1.87267334692306     1.62267334526381   678.59115263899378     0.90000000000000     0.65000000000000
    1.87267334692306     1.67267334526381   700.90101294653107     0.90000000000000     0.70000000000000
    1.87267334692306     1.72267334526381   721.93480661925025     0.90000000000000     0.75000000000000
    1.87267334692306     1.77267334526381   741.18390181794666     0.90000000000000     0.80000000000000
    1.87267334692306     1.82267334526381   759.00278195988142     0.90000000000000     0.85000000000000
    1.87267334692306     1.87267334526381   775.59093964474130     0.90000000000000     0.90000000000000
    1.87267334692306     1.92267334526381   790.61716010133796     0.90000000000000     0.95000000000000
    1.87267334692306     1.97267334526381   803.77422982831251     0.90000000000000     1.00000000000000
    1.87267334692306     2.02267334526381   815.14903164293889     0.90000000000000     1.05000000000000
    1.87267334692306     2.07267334526381   825.27681160547456     0.90000000000000     1.10000000000000
 
    1.92267334692306     0.62267334526381  1220.80547510804558     0.95000000000000    -0.35000000000000
    1.92267334692306     0.67267334526381   928.56964106747137     0.95000000000000    -0.30000000000000
    1.92267334692306     0.72267334526381   726.19465409344400     0.95000000000000    -0.25000000000000
    1.92267334692306     0.77267334526381   591.49570464304895     0.95000000000000    -0.20000000000000
    1.92267334692306     0.82267334526381   505.83606705771206     0.95000000000000    -0.15000000000000
    1.92267334692306     0.87267334526381   455.32697640187882     0.95000000000000    -0.10000000000000
    1.92267334692306     0.92267334526381   429.71841881344994     0.95000000000000    -0.05000000000000
    1.92267334692306     0.97267334526381   421.29755029799048     0.95000000000000    -0.00000000000000
    1.92267334692306     1.02267334526381   424.51007052193654     0.95000000000000     0.05000000000000
    1.92267334692306     1.07267334526381   435.69772952160110     0.95000000000000     0.10000000000000
    1.92267334692306     1.12267334526381   452.34425296857330     0.95000000000000     0.15000000000000
    1.92267334692306     1.17267334526381   472.61992125174947     0.95000000000000     0.20000000000000
    1.92267334692306     1.22267334526381   495.30652536345394     0.95000000000000     0.25000000000000
    1.92267334692306     1.27267334526381   519.59741753449975     0.95000000000000     0.30000000000000
    1.92267334692306     1.32267334526381   544.92919437618286     0.95000000000000     0.35000000000000
    1.92267334692306     1.37267334526381   570.84535879960038     0.95000000000000     0.40000000000000
    1.92267334692306     1.42267334526381   596.64728723206065     0.95000000000000     0.45000000000000
    1.92267334692306     1.47267334526381   622.28237438504971     0.95000000000000     0.50000000000000
    1.92267334692306     1.52267334526381   647.39834615950406     0.95000000000000     0.55000000000000
    1.92267334692306     1.57267334526381   671.54108964161526     0.95000000000000     0.60000000000000
    1.92267334692306     1.62267334526381   694.77992667779995     0.95000000000000     0.65000000000000
    1.92267334692306     1.67267334526381   716.92804503870286     0.95000000000000     0.70000000000000
    1.92267334692306     1.72267334526381   737.77216997572964     0.95000000000000     0.75000000000000
    1.92267334692306     1.77267334526381   756.79482011243931     0.95000000000000     0.80000000000000
    1.92267334692306     1.82267334526381   774.36569562811951     0.95000000000000     0.85000000000000
    1.92267334692306     1.87267334526381   790.71212907333518     0.95000000000000     0.90000000000000
    1.92267334692306     1.92267334526381   805.52621162155788     0.95000000000000     0.95000000000000
    1.92267334692306     1.97267334526381   818.51133452255067     0.95000000000000     1.00000000000000
    1.92267334692306     2.02267334526381   829.75961977920417     0.95000000000000     1.05000000000000
    1.92267334692306     2.07267334526381   839.80660179293648     0.95000000000000     1.10000000000000
 
    1.97267334692306     0.62267334526381  1237.89346601662010     1.00000000000000    -0.35000000000000
    1.97267334692306     0.67267334526381   945.36476099320294     1.00000000000000    -0.30000000000000
    1.97267334692306     0.72267334526381   742.55531812480376     1.00000000000000    -0.25000000000000
    1.97267334692306     0.77267334526381   607.44733621310786     1.00000000000000    -0.20000000000000
    1.97267334692306     0.82267334526381   521.47420721238791     1.00000000000000    -0.15000000000000
    1.97267334692306     0.87267334526381   470.76028876393559     1.00000000000000    -0.10000000000000
    1.97267334692306     0.92267334526381   445.02925413327057     1.00000000000000    -0.05000000000000
    1.97267334692306     0.97267334526381   436.51772630331163     1.00000000000000    -0.00000000000000
    1.97267334692306     1.02267334526381   439.63887091208346     1.00000000000000     0.05000000000000
    1.97267334692306     1.07267334526381   450.74379026553981     1.00000000000000     0.10000000000000
    1.97267334692306     1.12267334526381   467.33448242969666     1.00000000000000     0.15000000000000
    1.97267334692306     1.17267334526381   487.59026248677208     1.00000000000000     0.20000000000000
    1.97267334692306     1.22267334526381   510.27005807470175     1.00000000000000     0.25000000000000
    1.97267334692306     1.27267334526381   534.52864060156537     1.00000000000000     0.30000000000000
    1.97267334692306     1.32267334526381   559.79795100712681     1.00000000000000     0.35000000000000
    1.97267334692306     1.37267334526381   585.63464721969194     1.00000000000000     0.40000000000000
    1.97267334692306     1.42267334526381   611.35338843296279     1.00000000000000     0.45000000000000
    1.97267334692306     1.47267334526381   636.90025112283070     1.00000000000000     0.50000000000000
    1.97267334692306     1.52267334526381   661.91333109465461     1.00000000000000     0.55000000000000
    1.97267334692306     1.57267334526381   685.93675839418358     1.00000000000000     0.60000000000000
    1.97267334692306     1.62267334526381   709.03640059316160     1.00000000000000     0.65000000000000
    1.97267334692306     1.67267334526381   731.02109945875168     1.00000000000000     0.70000000000000
    1.97267334692306     1.72267334526381   751.67805479898152     1.00000000000000     0.75000000000000
    1.97267334692306     1.77267334526381   770.48777494253045     1.00000000000000     0.80000000000000
    1.97267334692306     1.82267334526381   787.83662951626241     1.00000000000000     0.85000000000000
    1.97267334692306     1.87267334526381   803.97664361533998     1.00000000000000     0.90000000000000
    1.97267334692306     1.92267334526381   818.61852884963264     1.00000000000000     0.95000000000000
    1.97267334692306     1.97267334526381   831.47215974270807     1.00000000000000     1.00000000000000
    1.97267334692306     2.02267334526381   842.63093755632701     1.00000000000000     1.05000000000000
    1.97267334692306     2.07267334526381   852.62744739142443     1.00000000000000     1.10000000000000
 
    2.02267334692306     0.62267334526381  1252.68500278940860     1.05000000000000    -0.35000000000000
    2.02267334692306     0.67267334526381   959.78364363361993     1.05000000000000    -0.30000000000000
    2.02267334692306     0.72267334526381   756.54131531524217     1.05000000000000    -0.25000000000000
    2.02267334692306     0.77267334526381   621.05516732389685     1.05000000000000    -0.20000000000000
    2.02267334692306     0.82267334526381   534.81081774147833     1.05000000000000    -0.15000000000000
    2.02267334692306     0.87267334526381   483.93635857432491     1.05000000000000    -0.10000000000000
    2.02267334692306     0.92267334526381   458.12606220951216     1.05000000000000    -0.05000000000000
    2.02267334692306     0.97267334526381   449.56820269497041     1.05000000000000    -0.00000000000000
    2.02267334692306     1.02267334526381   452.64234843912425     1.05000000000000     0.05000000000000
    2.02267334692306     1.07267334526381   463.70052259916247     1.05000000000000     0.10000000000000
    2.02267334692306     1.12267334526381   480.25477149432038     1.05000000000000     0.15000000000000
    2.02267334692306     1.17267334526381   500.49333765804147     1.05000000000000     0.20000000000000
    2.02267334692306     1.22267334526381   523.15936550380877     1.05000000000000     0.25000000000000
    2.02267334692306     1.27267334526381   547.37865265889127     1.05000000000000     0.30000000000000
    2.02267334692306     1.32267334526381   572.58402812079817     1.05000000000000     0.35000000000000
    2.02267334692306     1.37267334526381   598.34783409238423     1.05000000000000     0.40000000000000
    2.02267334692306     1.42267334526381   623.99906117632815     1.05000000000000     0.45000000000000
    2.02267334692306     1.47267334526381   649.48038025067763     1.05000000000000     0.50000000000000
    2.02267334692306     1.52267334526381   674.41595552412036     1.05000000000000     0.55000000000000
    2.02267334692306     1.57267334526381   698.34240240634279     1.05000000000000     0.60000000000000
    2.02267334692306     1.62267334526381   721.32287201223653     1.05000000000000     0.65000000000000
    2.02267334692306     1.67267334526381   743.16527034813282     1.05000000000000     0.70000000000000
    2.02267334692306     1.72267334526381   763.66066184381452     1.05000000000000     0.75000000000000
    2.02267334692306     1.77267334526381   782.29208055560571     1.05000000000000     0.80000000000000
    2.02267334692306     1.82267334526381   799.46126562323525     1.05000000000000     0.85000000000000
    2.02267334692306     1.87267334526381   815.44062995103627     1.05000000000000     0.90000000000000
    2.02267334692306     1.92267334526381   829.95535278136208     1.05000000000000     0.95000000000000
    2.02267334692306     1.97267334526381   842.71918819638722     1.05000000000000     1.00000000000000
    2.02267334692306     2.02267334526381   853.82449861721852     1.05000000000000     1.05000000000000
    2.02267334692306     2.07267334526381   863.79893372238803     1.05000000000000     1.10000000000000
 
    2.07267334692306     0.62267334526381  1265.64594100113050     1.10000000000000    -0.35000000000000
    2.07267334692306     0.67267334526381   972.27961880865314     1.10000000000000    -0.30000000000000
    2.07267334692306     0.72267334526381   768.58592448743070     1.10000000000000    -0.25000000000000
    2.07267334692306     0.77267334526381   632.73824075488881     1.10000000000000    -0.20000000000000
    2.07267334692306     0.82267334526381   546.25445349928873     1.10000000000000    -0.15000000000000
    2.07267334692306     0.87267334526381   495.25629445982065     1.10000000000000    -0.10000000000000
    2.07267334692306     0.92267334526381   469.40545515839051     1.10000000000000    -0.05000000000000
    2.07267334692306     0.97267334526381   460.84247333069379     1.10000000000000    -0.00000000000000
    2.07267334692306     1.02267334526381   463.91039686522572     1.10000000000000     0.05000000000000
    2.07267334692306     1.07267334526381   474.95250981574600     1.10000000000000     0.10000000000000
    2.07267334692306     1.12267334526381   491.48303562971080     1.10000000000000     0.15000000000000
    2.07267334692306     1.17267334526381   511.69992951555639     1.10000000000000     0.20000000000000
    2.07267334692306     1.22267334526381   534.34015753565802     1.10000000000000     0.25000000000000
    2.07267334692306     1.27267334526381   558.51311915798294     1.10000000000000     0.30000000000000
    2.07267334692306     1.32267334526381   583.65854659563524     1.10000000000000     0.35000000000000
    2.07267334692306     1.37267334526381   609.36578773736130     1.10000000000000     0.40000000000000
    2.07267334692306     1.42267334526381   634.97684666209875     1.10000000000000     0.45000000000000
    2.07267334692306     1.47267334526381   660.42819799655376     1.10000000000000     0.50000000000000
    2.07267334692306     1.52267334526381   685.32526831436780     1.10000000000000     0.55000000000000
    2.07267334692306     1.57267334526381   709.19189688139284     1.10000000000000     0.60000000000000
    2.07267334692306     1.62267334526381   732.09059326719864     1.10000000000000     0.65000000000000
    2.07267334692306     1.67267334526381   753.83110126291706     1.10000000000000     0.70000000000000
    2.07267334692306     1.72267334526381   774.20979296666565     1.10000000000000     0.75000000000000
    2.07267334692306     1.77267334526381   792.71338775173956     1.10000000000000     0.80000000000000
    2.07267334692306     1.82267334526381   809.75571483579699     1.10000000000000     0.85000000000000
    2.07267334692306     1.87267334526381   825.62526278722305     1.10000000000000     0.90000000000000
    2.07267334692306     1.92267334526381   840.05844824842904     1.10000000000000     0.95000000000000
    2.07267334692306     1.97267334526381   852.77151431162486     1.10000000000000     1.00000000000000
    2.07267334692306     2.02267334526381   863.85474786960481     1.10000000000000     1.05000000000000
    2.07267334692306     2.07267334526381   873.83010173574235     1.10000000000000     1.10000000000000
 
