      1.995053      35.581589
      2.017117       9.881893
      2.034788     -30.634086
      2.044049      10.432079
      2.062902       5.734961
      2.077581      59.244069
      2.089068     -27.246973
      2.102830      -7.904948
      2.115630      -9.850012
      2.131317      35.841025
      2.146835       7.343819
      2.167017     101.017385
      2.181597      75.488950
      2.196719     102.278938
      2.207922     126.216191
      2.229933     123.408383
      2.242101      93.113410
      2.256747     167.929662
      2.269298     181.832126
      2.283545     211.913893
      2.303241     281.194995
      2.318549     217.381914
      2.333690     289.714086
      2.342735     324.991413
      2.359224     340.122934
      2.375954     359.351565
      2.393717     442.337145
      2.401271     406.770500
      2.418324     379.718092
      2.433707     395.077604
      2.446171     469.921289
      2.465476     502.669274
      2.482714     522.020556
      2.498411     492.445520
      2.512529     570.104240
      2.524606     524.824742
      2.540647     494.413933
      2.552277     563.037999
      2.565522     530.345525
      2.582339     540.910682
      2.604989     555.657915
      2.616063     545.894170
      2.625167     546.081066
      2.644954     535.212846
      2.658381     657.042359
      2.676603     602.824691
      2.692065     606.664232
      2.708348     636.213043
      2.717090     680.417883
      2.731227     632.204852
      2.752564     690.013394
      2.768304     683.635784
      2.784796     662.445203
      2.790244     707.725814
      2.811615     782.619255
      2.829571     765.349461
      2.842603     756.258590
      2.857223     786.024085
      2.872154     851.104519
      2.885847     835.434732
      2.896598     868.008590
      2.911637     794.350982
      2.930416     947.721076
      2.942657     980.928334
      2.960159     937.688272
      2.979157     856.315552
      2.989469    1023.395811
      3.006238    1015.680791
      3.016023    1075.832923
      3.030753    1045.274574
      3.047179    1151.593586
      3.060780    1144.116753
      3.078599    1218.123179
      3.091249    1279.253944
      3.108848    1220.130719
      3.123243    1264.228564
      3.144693    1409.091862
      3.156498    1473.853225
      3.167028    1532.353757
      3.180381    1532.166255
      3.196194    1769.592100
      3.216574    1773.755475
      3.232995    1925.766759
      3.246423    2028.729082
      3.261345    2063.074748
      3.272763    2379.126993
      3.286566    2568.107805
      3.309282    2942.028436
      3.315941    3250.102020
      3.339600    3966.667680
      3.353229    4634.025860
      3.369993    4923.547919
      3.384279    4056.224392
      3.399356    2199.983456
      3.408031    1069.264619
      3.427798     630.359597
      3.442896     547.992185
      3.452520     410.235057
      3.468257     445.681147
      3.487505     439.226314
      3.500668     440.105821
      3.511123     390.438755
      3.526972     330.732748
      3.542602     322.041086
      3.560753     376.609949
      3.579332     380.523378
      3.594036     353.777573
      3.606034     301.125339
      3.623035     329.304209
      3.635275     354.781785
      3.654468     300.636930
      3.665846     339.420725
      3.680668     359.614229
      3.693231     291.977993
      3.705051     376.944584
      3.726781     374.568921
      3.742241     339.793599
      3.756397     302.167540
      3.773414     338.754189
      3.783673     240.411417
      3.795228     339.408853
      3.819740     311.239406
      3.830019     350.698947
      3.843917     321.187689
      3.861556     320.437992
      3.879763     341.266349
      3.887956     275.058833
      3.903007     354.747645
      3.921978     386.545492
      3.939036     316.072950
      3.947018     346.776220
      3.962806     358.037559
      3.975882     361.973742
      3.991197     389.610586
      4.006281     397.888424
      4.026275     323.113411
      4.041217     367.157736
      4.055573     320.357569
      4.065195     339.378757
      4.087647     397.357942
      4.103769     276.993558
      4.118992     347.327429
      4.126706     313.215673
      4.145869     331.222852
      4.164832     396.115844
      4.172736     388.658382
      4.192358     333.773091
      4.207475     367.717037
      4.224772     313.190660
      4.236969     376.924245
      4.250192     420.738240
      4.265880     367.803844
      4.277253     363.609544
      4.295317     413.265508
      4.313950     359.415992
      4.324255     369.621996
      4.342541     367.068048
      4.350900     408.794123
      4.373382     464.114067
      4.386539     440.304488
      4.401088     410.849765
      4.414266     405.133697
      4.425172     454.038578
      4.443800     530.061365
      4.462984     485.961684
      4.478510     557.306209
      4.486077     441.877117
      4.500140     452.408169
      4.521141     513.720693
      4.533047     554.538467
      4.545373     563.378017
      4.567040     587.184875
      4.581821     662.574019
      4.594178     605.283613
      4.614599     634.517568
      4.622275     726.783167
      4.643100     766.205252
      4.658725     790.148054
      4.667850     776.711005
      4.683821     838.438497
      4.697824     961.437420
      4.715662    1087.843336
      4.730865    1233.679405
      4.740590    1378.170733
      4.762312    1641.296279
      4.778731    1555.880130
      4.788309    1053.977053
      4.803212     649.139617
      4.818487     414.060100
      4.834320     409.650789
      4.847172     434.374361
      4.862533     357.450522
      4.881509     420.790731
      4.896351     426.448142
      4.910206     367.556021
      4.925813     436.421090
      4.940203     322.352567
      4.952264     377.685111
      4.966548     463.983999
      4.981507     372.419045
      4.998889     428.808213
      5.014823     407.261529
      5.027669     406.324577
      5.040076     410.287642
      5.056858     403.023060
      5.077130     389.577838
      5.086398     421.314542
      5.105693     467.250210
      5.123467     456.139742
      5.136061     399.576507
      5.148124     382.826353
      5.168444     467.060785
      5.181742     405.335339
      5.193408     437.349867
      5.207740     451.983226
      5.229028     499.390833
      5.236462     413.572061
      5.252176     398.072663
      5.273329     454.694381
      5.288323     550.008813
      5.304328     486.180230
      5.312070     494.815367
      5.333623     453.479192
      5.341227     499.216826
      5.358013     514.951881
      5.371824     521.606959
      5.388835     472.716195
      5.406512     558.351153
      5.418659     469.581616
      5.435644     508.148161
      5.449191     588.872485
      5.466294     574.469538
      5.479976     599.210303
      5.498252     635.592715
      5.507118     574.999248
      5.525865     677.436273
      5.537248     600.802872
      5.557207     745.214914
      5.572522     661.440386
      5.582238     819.079050
      5.599299     792.633238
      5.619555     842.369650
      5.627777     792.633709
      5.643409     928.041443
      5.659491     881.977890
      5.676259     972.511078
      5.686928    1081.607217
      5.706132    1024.872687
      5.720329    1174.676367
      5.739826    1272.105544
      5.753487    1372.016664
      5.769742    1485.699394
      5.778149    1654.885916
      5.798337    1955.789369
      5.808801    2397.562620
      5.829491    2837.310789
      5.844266    3050.338003
      5.852637    2513.912652
      5.874474    1576.735666
      5.887250     914.608341
      5.901902     588.999482
      5.912338     445.870004
      5.927134     489.749272
      5.940900     387.905650
      5.963274     465.036637
      5.975498     433.525969
      5.989754     355.422589
      6.008561     439.826195
      6.022673     392.234192
      6.030510     394.258353
      6.051482     392.354721
      6.069727     375.576036
      6.083897     403.692373
      6.095936     374.324746
      6.110966     411.590715
      6.127580     360.259958
      6.141950     425.502370
      6.153608     453.337700
      6.169484     445.876881
      6.184727     362.048843
      6.204323     358.028524
      6.210594     437.297713
      6.234555     375.004868
      6.245372     393.047870
      6.258603     430.141691
      6.278988     455.637618
      6.290902     475.130605
      6.301886     400.777155
      6.323571     392.796831
      6.334088     447.465825
      6.345889     444.723612
      6.368362     386.357238
      6.376833     485.559904
      6.396923     401.773436
      6.408291     443.355540
      6.428176     354.454356
      6.435484     437.959927
      6.456386     432.374496
      6.467824     442.013064
      6.489896     484.677161
      6.496794     453.908299
      6.510015     498.468715
      6.533087     472.760955
      6.540550     461.608673
      6.558172     448.108291
      6.574696     477.386890
      6.590746     550.673499
      6.608341     519.551380
      6.621608     509.772870
      6.632580     583.008917
      6.650171     607.161857
      6.665496     689.526735
      6.683377     737.208361
      6.697344     780.623028
      6.711696     858.497455
      6.724252     913.081569
      6.739631    1118.167228
      6.759358    1082.203355
      6.774878     910.553975
      6.789608     552.470601
      6.795633     510.978729
      6.818468     438.214508
      6.832244     441.821188
      6.840437     435.338372
      6.860698     414.618395
      6.871248     437.468977
      6.891628     438.013126
      6.908212     401.013363
      6.920953     386.492524
      6.934870     410.290787
      6.947444     425.747786
      6.968391     395.488071
      6.978966     385.084771
      6.997890     336.944232
      7.009805     414.893987
      7.028176     399.038354
      7.037107     337.596965
      7.057775     400.283816
      7.065698     379.787606
      7.081152     453.306601
      7.095910     461.318475
      7.117918     478.992325
      7.130261     446.699918
      7.142949     428.584560
      7.156766     422.126437
      7.176518     377.188657
      7.187037     476.210427
      7.207531     442.429556
      7.221168     478.449897
      7.232625     498.340244
      7.250652     451.783492
      7.265914     458.382079
      7.279361     464.339706
      7.295348     449.248218
      7.305802     532.789258
      7.326787     528.676481
      7.344040     558.563301
      7.350053     648.912787
      7.369376     581.375191
      7.380665     582.778674
      7.399998     695.298779
      7.410416     623.816070
      7.431306     761.506305
      7.444772     750.113258
      7.455039     824.992665
      7.475751     889.172715
      7.489468     953.601409
      7.509629    1138.806369
      7.518654    1252.857630
      7.538700    1354.621482
      7.551350    1461.144075
      7.560646    1245.215577
      7.580590     902.434314
      7.598636     634.181383
      7.608267     489.989489
      7.627949     476.889937
      7.635003     436.330583
      7.653409     469.690806
      7.669618     425.261085
      7.683937     455.637552
      7.704978     515.583385
      7.710064     458.826707
      7.726292     442.081380
      7.747007     461.859214
      7.755152     473.489458
      7.772723     441.417534
      7.789969     406.942559
      7.806823     514.676677
      7.819601     458.352767
      7.838052     567.420220
      7.853540     453.987219
      7.862366     441.153999
      7.884898     467.335408
      7.893633     465.002996
      7.914985     512.381392
      7.922694     525.072247
      7.943768     526.047086
      7.957285     547.563436
      7.969401     544.876190
      7.987599     544.010996
      8.004547     614.022321
      8.015851     596.395376
      8.028969     654.065310
      8.041446     609.496231
      8.061793     701.782892
      8.072193     656.349450
      8.085590     723.884559
      8.109095     718.180839
      8.120039     769.303321
      8.130403     838.394072
      8.145357     972.131295
      8.163055    1034.350387
      8.178457    1141.374594
      8.195964    1162.612744
      8.212734    1308.074425
      8.227395    1592.886076
      8.235438    1763.871814
      8.258950    1992.601049
      8.266627    2131.298958
      8.284743    1945.628839
      8.296107    1341.860106
      8.311770     773.010142
      8.328690     522.241212
      8.346326     455.102152
      8.355032     471.824651
      8.373461     421.563627
      8.389054     383.235706
      8.404579     418.803424
      8.416986     349.712426
      8.436748     340.538336
      8.452762     383.464495
      8.461503     340.876402
      8.481539     329.162421
      8.492361     356.680834
      8.507876     316.098766
      8.528035     385.692306
      8.540154     362.963909
      8.555090     351.181775
      8.574652     404.019797
      8.581984     406.648489
      8.597679     358.551181
      8.614285     362.922771
      8.628284     378.125149
      8.648267     333.868836
      8.658922     367.149294
      8.672460     329.054687
      8.685650     316.978769
      8.704772     394.786411
      8.719636     297.197518
      8.731875     362.609856
      8.753923     439.810053
      8.767411     434.302951
      8.782067     388.367002
      8.796138     344.289048
      8.814802     342.929229
      8.828349     414.150821
      8.842122     355.055045
      8.854307     416.804903
      8.869030     455.772852
      8.882925     388.562116
      8.903907     459.202146
      8.917415     483.204103
      8.925864     516.696573
      8.941614     473.737566
      8.962206     395.382613
      8.974298     416.556459
      8.992568     403.987595
      9.001829     351.912448
      9.021963     338.971941
      9.038076     373.497697
      9.048645     334.749911
      9.062746     306.575555
      9.078112     396.229280
      9.096272     334.012510
      9.105865     322.029531
      9.124073     344.679645
      9.141875     367.871978
      9.158042     386.341431
      9.165146     354.707541
      9.186786     432.556081
      9.199789     428.568220
      9.213814     390.313279
      9.226815     378.526893
      9.243433     357.481797
      9.264344     404.568261
      9.272307     400.127093
      9.290544     333.179737
      9.301185     355.828638
      9.324620     285.381740
      9.337788     374.942230
      9.346555     367.032374
      9.363324     390.429016
      9.382328     350.874037
      9.399397     368.690622
      9.411445     362.453873
      9.425266     386.100070
      9.443149     354.329977
      9.453643     397.992324
      9.466276     300.833755
      9.484624     378.150498
      9.498860     382.316770
      9.516103     369.618739
      9.528660     408.167030
      9.544952     367.252332
      9.555820     370.348972
      9.576795     408.314452
      9.592500     443.277416
      9.601024     383.628963
      9.616132     422.087769
      9.635786     352.374722
      9.649308     298.098718
      9.665832     396.343145
      9.680233     365.025193
      9.690294     381.089166
      9.712764     333.921124
      9.725723     414.216232
      9.743013     421.512620
      9.754935     383.917610
      9.767150     409.885648
      9.781498     358.851572
      9.800786     385.143524
      9.811787     394.217107
      9.834965     362.631883
      9.847066     396.657097
      9.861532     424.510692
      9.871802     439.623902
      9.894278     393.411249
      9.908242     421.868418
      9.918037     449.596558
      9.936141     386.350084
      9.950752     479.083928
      9.962555     447.303907
      9.982203     419.454116
      9.996393     437.414684
     10.014523     498.184956
     10.027541     502.879597
     10.039467     437.890395
     10.053551     470.802708
     10.070124     503.827084
     10.086964     482.759540
     10.103548     487.913845
     10.116514     581.971027
     10.128996     695.708179
     10.147228     693.713200
     10.157766     593.441675
     10.171622     497.801234
     10.190747     475.161860
     10.206846     397.482031
     10.224538     374.955096
     10.231637     374.036555
     10.251530     331.766182
     10.268387     390.587102
     10.277153     355.868428
     10.294118     384.175620
     10.305191     424.387109
     10.324650     375.706912
     10.340268     395.209257
     10.358805     378.427496
     10.371807     410.560616
     10.384954     330.038120
     10.396859     345.148760
     10.418364     384.114648
     10.428451     418.176627
     10.443974     389.823729
     10.455675     330.996698
     10.478846     371.337775
     10.492541     404.358575
     10.509600     346.055596
     10.516964     377.803008
     10.535873     418.075828
     10.546113     374.349390
     10.564143     430.073277
     10.582892     430.972785
     10.597465     460.468522
     10.606562     421.791605
     10.626807     374.537898
     10.636247     407.612562
     10.655442     430.988815
     10.672364     470.036733
     10.680988     422.673895
     10.695781     463.017805
     10.718113     399.691620
     10.734442     442.791657
     10.746936     374.103737
     10.763108     387.758479
     10.771595     423.554676
     10.789543     405.477054
     10.802831     378.472698
     10.818514     360.847160
     10.830005     373.971808
     10.849411     461.288446
     10.869016     377.978193
     10.882810     371.127652
     10.891510     446.115162
     10.909091     426.079586
     10.928947     469.359838
     10.938026     476.475637
     10.956500     378.002328
     10.965560     381.332205
     10.989008     489.555961
     10.999771     463.782701
     11.015041     508.507593
     11.029960     511.337375
     11.047219     453.256984
     11.063031     483.468719
     11.073415     556.824052
     11.087932     552.621876
     11.103847     609.281771
     11.119541     639.312715
     11.137066     606.453133
     11.145767     713.060065
     11.160103     801.059808
     11.183615     851.796760
     11.191831     924.902940
     11.208881     951.438342
     11.220590     919.095666
     11.239576     759.284086
     11.255818     560.207926
     11.272501     513.616507
     11.289898     496.345587
     11.300050     431.100869
     11.316277     378.378964
     11.334487     450.393361
     11.342252     372.296213
     11.357935     364.619819
     11.375344     385.389560
     11.385279     410.103328
     11.408512     403.342848
     11.416327     476.941711
     11.431869     400.859742
     11.445296     382.410518
     11.460532     356.594381
     11.484049     426.450328
     11.494156     394.082463
     11.513852     436.079711
     11.521668     428.747700
     11.536593     470.334486
     11.556913     412.672827
     11.566497     465.611165
     11.584187     450.299396
     11.603545     535.239976
     11.615060     529.089151
     11.630197     506.134580
     11.645440     483.801333
     11.657798     572.569194
     11.671539     576.917755
     11.689405     649.254145
     11.707823     630.946637
     11.724261     574.148196
     11.738538     552.443080
     11.746636     508.352065
     11.761927     417.948030
     11.783491     467.080025
     11.798004     480.545253
     11.805927     441.771677
     11.825685     470.822449
     11.838224     425.295717
     11.859576     431.499087
     11.871592     478.565953
     11.884748     383.341226
     11.897979     423.479998
     11.917574     440.083167
     11.929096     513.463168
     11.943674     455.051917
     11.958153     480.359688
     11.975381     456.360990
     11.985244     539.116495
     12.001412     544.677477
     12.022996     521.423613
     12.032008     513.411121
     12.053201     581.553943
     12.060157     550.843794
     12.080069     644.990816
     12.095245     624.703566
     12.111414     667.579629
     12.124667     724.865516
     12.138379     852.654720
     12.156885     955.989710
     12.171194    1051.920437
     12.189918    1120.372647
     12.197972    1141.540793
     12.215114     929.893110
     12.228666     767.626548
     12.248767     533.377028
     12.263837     445.949964
     12.277965     478.318764
     12.288557     345.879594
     12.309522     370.011802
     12.318134     457.168610
     12.339976     455.643091
     12.347141     425.732129
     12.364346     386.451967
     12.383462     408.736294
     12.397165     415.082931
     12.411710     371.720427
     12.425631     413.577227
     12.443391     358.284015
     12.450747     372.286702
     12.474633     442.158942
     12.489371     337.108037
     12.497371     375.213866
     12.513014     394.315022
     12.533340     373.175981
     12.540143     345.746422
     12.560679     401.769140
     12.579963     398.366094
     12.588589     330.970271
     12.601158     409.873877
     12.619385     376.525104
     12.632272     378.273563
     12.646715     439.940936
     12.662949     384.983989
     12.683192     382.198945
     12.696081     327.026000
     12.714215     362.074479
     12.721222     429.644063
     12.742988     353.224645
     12.751835     366.647646
     12.767282     372.795220
     12.782689     365.620229
     12.800495     351.293730
     12.814216     359.784124
     12.829336     344.938291
     12.847308     358.339874
     12.855387     348.411185
     12.879930     387.437275
     12.885364     382.405776
     12.907700     318.392457
     12.922989     391.308528
     12.936188     395.906120
     12.953399     463.897468
     12.963581     443.571475
     12.980268     378.374497
     12.998754     458.374386
     13.011959     395.835621
     13.024091     437.373064
     13.044502     422.413271
     13.055703     475.985745
     13.068185     424.829571
     13.084843     465.305252
     13.098077     525.523497
     13.110784     503.091680
     13.133763     525.223117
     13.141849     406.136958
     13.159742     469.770760
     13.176817     427.189155
     13.193023     388.812585
     13.202000     396.561260
     13.224036     444.991172
     13.230547     461.528456
     13.250879     455.790636
     13.262559     434.774516
     13.278185     404.783587
     13.298757     514.903134
     13.314869     488.733136
     13.326224     498.778810
     13.335532     441.415646
     13.352319     459.069414
     13.370577     534.970847
     13.382943     496.812175
     13.400519     531.097189
     13.413274     488.427849
     13.427623     581.805369
     13.443647     618.968358
     13.462799     644.110772
     13.476819     757.125209
     13.489653     869.485987
     13.508494     903.091185
     13.523519     928.510703
     13.536857    1032.125763
     13.547963     989.179933
     13.567392     822.480040
     13.577498     612.332563
     13.590675     514.265824
     13.609401     394.643322
     13.626978     396.763411
     13.644707     347.893618
     13.651911     425.746513
     13.670570     430.930997
     13.682890     368.307329
     13.698830     423.224270
     13.713920     443.395243
     13.732154     424.156983
     13.749621     487.467832
     13.761135     437.520263
     13.774654     431.333793
     13.790612     428.801599
     13.800048     390.242336
     13.818828     475.894421
     13.839155     405.318439
     13.854004     518.781418
     13.864386     527.447755
     13.881707     522.129483
     13.894221     615.528527
     13.912636     681.322161
     13.927677     648.739798
     13.936250     747.322623
     13.959240     748.313133
     13.974088     699.230672
     13.985496     638.914139
     14.003643     515.912549
     14.016994     435.517663
     14.034891     411.215894
     14.043120     410.460082
     14.055564     474.311287
     14.073822     447.810748
     14.094291     444.514269
     14.105254     387.183977
     14.116274     429.691326
     14.133601     427.067842
     14.147018     432.174495
     14.166769     417.144611
     14.175071     459.591935
     14.196366     413.587527
     14.213333     386.978654
     14.229330     445.370506
     14.243585     432.600712
     14.254789     429.745340
     14.269465     413.618826
     14.288837     501.298979
     14.295645     473.819551
     14.317483     616.278791
     14.331951     603.170331
     14.340627     673.461070
     14.361322     672.477706
     14.375907     634.339018
     14.388189     602.158764
     14.401893     446.276872
     14.424720     402.589176
     14.437415     371.949837
     14.453335     402.305068
     14.460410     356.835455
     14.475088     360.944115
     14.496399     445.331571
     14.511438     360.199421
     14.526480     401.846438
     14.543176     422.155953
     14.556903     352.366090
     14.572879     431.908351
     14.587423     416.090564
     14.604282     450.226614
     14.615178     414.781050
     14.631167     491.297122
     14.646081     394.742109
     14.664982     477.418659
     14.678264     436.250415
     14.687758     527.216871
     14.707800     563.816842
     14.716047     632.771148
     14.732294     716.357297
     14.754885     733.266818
     14.766246     667.218801
     14.780251     633.854386
     14.797327     504.818136
     14.809287     426.217175
     14.822845     479.973146
     14.842359     368.484966
     14.851124     382.090464
     14.866847     359.623000
     14.888732     365.039604
     14.898608     404.522025
     14.912352     303.739769
     14.931543     379.934830
     14.947242     322.552686
     14.963004     334.021758
     14.971961     341.979386
     14.990770     353.236862
     15.000178     363.333752
     15.021559     382.146685
     15.037194     415.253962
     15.051567     396.386404
     15.069758     422.546499
     15.082798     345.582812
     15.094981     409.289529
     15.107117     437.970753
     15.120327     355.788035
     15.137217     435.374560
     15.154735     358.605886
     15.172758     359.286581
     15.181459     353.327866
     15.198762     404.398316
     15.211375     362.334487
     15.234201     414.538540
     15.242495     351.320260
     15.261013     371.980112
     15.279755     435.149602
     15.291892     384.188404
     15.300935     323.072722
     15.315009     350.303501
     15.338642     344.501770
     15.347476     333.645295
     15.361855     345.937818
     15.379694     382.771229
     15.392445     390.133806
     15.412044     387.908788
     15.425091     371.162389
     15.437205     354.280616
     15.459426     441.733696
     15.473694     419.626354
     15.486739     426.988968
     15.499265     448.374829
     15.518588     476.079056
     15.534663     485.036182
     15.544913     427.840180
     15.556311     445.467305
     15.575983     414.861956
     15.590285     426.371279
     15.603223     427.601341
     15.623871     352.219382
     15.631934     334.291841
     15.650477     340.030438
     15.663406     383.019018
     15.680125     406.434387
     15.697111     422.127513
     15.714221     428.362027
     15.720988     384.050658
     15.739533     453.212213
     15.756642     475.291286
     15.765967     500.056382
     15.785801     505.105075
     15.802652     557.456127
     15.819215     581.296910
     15.831596     565.746034
     15.840470     650.539498
     15.856785     689.704777
     15.877667     700.042893
     15.889648     765.726575
     15.906910     762.640863
     15.917641     671.809278
     15.930485     536.795929
     15.950087     411.105915
     15.962455     347.924651
     15.984421     379.972327
     15.999519     388.214196
     16.010395     318.783409
     16.024412     368.767701
     16.041188     334.941712
     16.057032     311.631089
     16.073735     315.527229
     16.087773     297.045028
     16.097308     375.692791
     16.112058     378.759220
     16.128354     356.312727
     16.149146     268.747072
     16.161566     378.323248
     16.173689     319.624902
     16.192210     318.707007
     16.200310     358.447688
     16.217879     369.813289
     16.237748     375.224989
     16.250619     405.048387
     16.269133     379.685578
     16.283932     286.932087
     16.293174     383.180231
     16.306341     319.396052
     16.322261     350.295863
     16.336203     296.691840
     16.355353     289.710450
     16.368654     376.362846
     16.388757     352.238025
     16.400867     357.740947
     16.410336     394.384277
     16.425939     313.433349
     16.448880     376.678423
     16.463010     389.156043
     16.471929     400.047118
     16.493135     395.785668
     16.504608     380.859677
     16.518893     464.671355
     16.530705     479.327399
     16.546131     456.894386
     16.569182     511.146467
     16.581582     619.874152
     16.592022     587.952625
     16.610200     627.853276
     16.623095     537.119460
     16.642913     475.567186
     16.658047     390.387604
     16.669985     381.022848
     16.689023     401.596864
     16.701047     314.339531
     16.713050     382.761230
     16.728027     353.062747
     16.740178     309.736506
     16.757168     367.463861
     16.778147     376.845820
     16.785472     344.634376
     16.801336     299.663453
     16.823635     391.597429
     16.837000     316.011338
     16.849949     437.649143
     16.863074     424.960101
     16.875400     456.900481
     16.890942     457.726834
     16.905832     430.317729
     16.925870     475.971036
     16.938090     466.700490
     16.952537     518.574478
     16.967277     490.055752
     16.980220     417.610340
     17.000706     388.914020
     17.013008     302.969538
     17.030320     323.539851
     17.044520     269.040068
     17.063807     345.655989
     17.076573     332.729947
     17.092563     308.738642
     17.103106     274.027799
     17.118447     288.775001
     17.132669     308.043354
     17.152838     334.564395
     17.168082     286.054634
     17.176111     354.256154
     17.197102     277.996147
     17.209395     247.893977
     17.220758     291.270346
     17.235734     336.052844
     17.257655     365.241665
     17.273631     325.638960
     17.289507     305.374107
     17.304201     280.069494
     17.315439     291.539685
     17.334756     346.984399
     17.346716     260.995647
     17.364504     299.967776
     17.373207     372.671373
     17.393799     305.068310
     17.401990     337.337866
     17.419841     382.209523
     17.432526     362.784079
     17.446575     370.361021
     17.461537     290.672108
     17.480432     308.644915
     17.490059     338.889637
     17.511318     296.182356
     17.523835     393.286240
     17.541667     361.098165
     17.558249     379.952981
     17.570483     370.449664
     17.582118     387.941761
     17.600422     494.529835
     17.617784     408.944041
     17.626976     400.786397
     17.640554     376.597651
     17.662537     304.379162
     17.677481     298.977234
     17.690296     345.200740
     17.702547     289.622822
     17.717053     308.691888
     17.734880     313.194312
     17.751194     276.957466
     17.764133     295.154955
     17.782464     348.260633
     17.792876     289.404782
     17.814659     324.076365
     17.821909     281.457912
     17.842677     359.213411
     17.852462     358.903745
     17.866922     359.859689
     17.886628     312.811844
     17.896259     329.187410
     17.916479     334.408269
     17.931535     361.523992
     17.945573     414.365447
     17.962574     354.595769
     17.973658     392.273424
     17.991650     353.704218
     18.003302     265.029620
     18.017444     360.841722
     18.033180     335.144553
     18.046419     342.188718
     18.061071     249.418770
     18.075752     319.962030
     18.090135     299.758663
     18.107615     240.538942
     18.126570     242.712257
     18.138642     302.720564
     18.156835     286.768772
     18.168525     334.005309
     18.180757     257.977192
     18.203503     260.505160
     18.214206     278.964913
     18.228544     320.228298
     18.245229     267.404069
     18.263898     362.159878
     18.272809     355.001271
     18.291266     322.620599
     18.305310     338.878201
     18.322045     249.635075
     18.334057     323.922882
     18.350067     302.472225
     18.360832     246.105993
     18.382720     296.598073
     18.394064     343.494017
     18.409075     293.260373
     18.420251     347.112054
     18.443147     297.847006
     18.456336     324.862343
     18.469184     287.736754
     18.480971     230.158717
     18.500389     277.272422
     18.517287     281.146226
     18.528060     312.520243
     18.544178     284.951542
     18.564941     249.043054
     18.578124     306.258938
     18.591213     315.584138
     18.606793     249.887084
     18.622642     278.559401
     18.634080     277.997665
     18.651057     322.182937
     18.661508     272.418191
     18.678550     317.973862
     18.698447     263.404023
     18.710517     255.518727
     18.720472     299.236196
     18.740740     300.278009
     18.759996     307.437756
     18.774666     305.500863
     18.785282     410.628695
     18.797936     355.208569
     18.817921     331.194765
     18.834087     342.528399
     18.849915     480.743044
     18.859281     495.302384
     18.875732     463.381904
     18.885556     467.379526
     18.908995     473.533085
     18.921631     397.313298
     18.931627     343.180292
     18.948143     279.528092
     18.963889     291.924320
     18.984408     302.816209
     18.991117     355.101273
     19.012147     280.488188
     19.027819     350.073488
     19.036106     292.035609
     19.057617     382.091309
     19.072514     307.097618
     19.083277     282.575055
     19.098067     338.147291
     19.114275     314.115861
     19.134747     367.307938
     19.140975     336.048133
     19.159004     400.225407
     19.175670     342.434018
     19.186136     326.737049
     19.200353     344.825962
     19.223012     370.975234
     19.236186     349.177711
     19.245385     281.773425
     19.268521     370.158488
     19.277573     338.498261
     19.290969     346.762922
     19.306193     352.793807
     19.320045     377.401228
     19.342913     340.637251
     19.354149     336.782873
     19.366790     319.618581
     19.389890     339.072713
     19.402616     374.861263
     19.416866     395.914881
     19.428611     438.052520
     19.448854     440.940328
     19.458833     356.212201
     19.476010     345.008380
     19.486040     449.475302
     19.507203     494.987734
     19.519850     382.612493
     19.538051     321.320067
     19.549511     341.147096
     19.565837     341.096767
     19.582563     365.258057
     19.593500     297.076774
     19.609240     328.207710
     19.629036     351.389119
     19.637965     295.569194
     19.651100     299.648873
     19.674130     290.112192
     19.682077     246.519881
     19.701560     344.241686
     19.718184     272.563280
     19.729071     293.158285
     19.745748     297.216404
     19.758302     353.713519
     19.773924     351.200776
     19.791470     337.224350
     19.800120     329.097919
     19.824701     295.964110
     19.833132     331.352506
     19.854436     334.818950
     19.862687     290.773582
     19.878253     247.050974
     19.899030     341.305187
     19.910607     376.870274
     19.920841     359.080197
     19.944252     336.783215
     19.951733     363.493951
     19.969793     386.381331
     19.983227     282.445816
     19.999560     409.245305
     20.018060     312.535219
     20.033731     374.708806
     20.045093     328.151045
     20.057864     354.081421
     20.070788     414.103453
     20.093948     418.934989
     20.103527     444.384140
     20.117703     399.958061
     20.134814     311.761515
     20.148801     368.590929
     20.165510     269.788256
     20.182690     351.496892
     20.198005     329.456375
     20.210054     276.572349
     20.228822     299.669290
     20.244602     313.052165
     20.256638     315.275057
     20.265105     350.791575
     20.289957     323.335088
     20.296536     354.036911
     20.310860     274.432354
     20.327609     329.560013
     20.342852     322.775901
     20.360073     310.488762
     20.376616     336.723535
     20.394508     314.301728
     20.403141     314.321702
     20.415346     376.886634
     20.438990     272.188203
     20.452502     315.386640
     20.467282     262.804078
     20.478024     307.970112
     20.498207     376.223883
     20.513879     296.433791
     20.528645     418.777038
     20.540916     311.579845
     20.553953     323.902309
     20.572757     331.724553
     20.589753     350.059078
     20.602293     400.884629
     20.610768     404.247058
     20.628483     343.007326
     20.641492     439.936945
     20.656755     391.413152
     20.670736     421.077308
     20.687810     329.908760
     20.708967     335.662450
     20.718279     312.082261
     20.736798     391.925797
     20.750171     352.536995
     20.764468     370.918212
     20.782740     361.902853
     20.799462     403.966284
     20.812577     326.710259
     20.825794     397.045558
     20.844156     343.755049
     20.851368     396.804565
     20.869928     374.575036
     20.886591     445.833535
     20.896869     395.655445
     20.913382     422.931516
     20.927790     423.942517
     20.946620     505.878423
     20.958620     424.052070
     20.978847     358.605241
     20.991180     372.416047
     21.001792     355.073732
     21.015569     371.760821
     21.039089     326.827788
     21.046544     324.790097
     21.062762     332.740491
     21.078322     315.647379
     21.094184     332.441191
     21.107761     303.578629
     21.120405     315.742925
     21.143215     289.293671
     21.157275     319.337408
     21.174939     297.882916
     21.184149     356.873135
     21.195356     288.485183
     21.212205     357.601549
     21.226338     330.433860
     21.245398     313.903185
     21.257919     320.058469
     21.276457     381.791531
     21.286231     307.227480
     21.304580     279.170549
     21.315017     292.835116
     21.332259     310.519083
     21.349464     338.728718
     21.366838     390.571217
     21.382862     388.842657
     21.397322     320.948665
     21.410641     329.587740
     21.424432     365.491550
     21.436431     408.911624
     21.453411     432.438007
     21.467248     393.605206
     21.489992     467.966047
     21.497400     459.206394
     21.511078     365.487669
     21.526896     341.976209
     21.540044     321.846267
     21.561699     355.049244
     21.570179     366.125775
     21.585724     314.675241
     21.607556     383.259356
     21.616530     311.145521
     21.632941     298.805336
     21.654886     299.996172
     21.669336     298.212111
     21.681964     302.976357
     21.694138     300.991159
     21.707400     336.211302
     21.727281     346.326774
     21.742060     380.990667
     21.751789     385.232322
     21.768572     328.287328
     21.783086     351.669789
     21.800891     316.715639
     21.813424     313.122519
     21.830127     290.329092
     21.847286     386.986952
     21.857911     306.894705
     21.875626     284.400642
     21.889320     398.293653
     21.905849     286.427563
     21.924621     350.661031
     21.935613     337.231867
     21.948021     340.709030
     21.960185     359.564401
     21.984038     320.848108
     21.999359     306.667966
     22.009117     391.360197
     22.021252     412.769208
     22.041392     355.810253
     22.054042     321.576652
     22.072334     360.130623
     22.086556     337.898555
     22.100343     316.692322
     22.114693     368.598334
     22.132326     308.988363
     22.142062     340.610892
     22.162783     315.801224
     22.171887     337.813643
     22.185346     379.297448
     22.200288     438.697611
     22.215177     379.937010
     22.239704     384.092067
     22.249488     429.250016
     22.262559     414.497513
     22.281077     476.321805
     22.294127     408.195165
     22.305991     430.835258
     22.324776     406.892330
     22.344435     349.332536
     22.359452     353.662457
     22.368810     286.387623
     22.384247     357.412085
     22.397992     314.329103
     22.414155     287.818615
     22.429671     348.360729
     22.442373     363.283745
     22.458897     303.097220
     22.471221     390.733652
     22.487623     303.539938
     22.506950     295.946449
     22.518104     350.251411
     22.537207     353.611324
     22.550749     376.106766
     22.563558     320.451795
     22.582294     280.139571
     22.592321     315.649488
     22.612078     325.689407
     22.628786     396.448733
     22.640531     330.312149
     22.659575     348.577573
     22.667761     343.685870
     22.687659     305.366023
     22.700247     338.358097
     22.714287     311.020226
     22.733452     316.657661
     22.749274     300.812052
     22.756454     401.150733
     22.770523     444.523921
     22.786437     406.101884
     22.808770     331.251046
     22.821777     428.241854
     22.838176     397.295094
     22.853079     324.789581
     22.868169     320.368266
     22.876745     300.029230
     22.891894     281.466219
     22.906742     324.855044
     22.929527     340.448544
     22.938754     304.335125
     22.951310     259.735715
     22.968545     354.312194
     22.980293     307.856977
     22.996327     235.767147
     23.011820     251.478086
     23.031331     297.398646
     23.046922     273.143355
     23.060162     261.605612
     23.074500     266.535093
     23.086148     267.206757
     23.108981     341.259006
     23.123781     312.923435
     23.139626     270.549061
     23.150049     253.724613
     23.168937     309.605566
     23.176263     327.595053
     23.196241     362.329825
     23.212117     364.995241
     23.224644     309.309442
     23.244489     302.445524
     23.252338     340.386827
     23.273740     339.921701
     23.284337     375.602894
     23.303227     312.516472
     23.310451     385.966809
     23.327202     366.067760
     23.344405     305.424333
     23.361473     353.333276
     23.373323     295.667674
     23.391870     290.884846
     23.402275     269.506666
     23.423064     314.437678
     23.438616     276.033895
     23.447571     348.627933
     23.467905     361.279330
     23.480615     303.691256
     23.494804     340.096239
     23.506604     333.314943
     23.526970     308.538019
     23.535126     399.488057
     23.557821     327.286462
     23.572939     338.645510
     23.588544     402.241609
     23.601256     352.070631
     23.616900     345.212467
     23.625543     293.155048
     23.643686     335.404890
     23.662759     316.871944
     23.676779     356.256665
     23.691461     284.788569
     23.704349     312.829435
     23.721710     348.421911
     23.736713     302.341113
     23.748479     311.459722
     23.762262     338.242009
     23.780440     362.858075
     23.797894     339.646919
     23.812311     395.596235
     23.822524     355.098004
     23.843362     333.183859
     23.858196     303.202226
     23.873682     363.177717
     23.888572     366.338062
     23.897822     296.201538
     23.918609     369.589924
     23.931455     299.865016
     23.941558     257.699335
     23.963383     352.618727
     23.977277     322.427896
     23.989932     348.291119
     24.004118     319.515974
     24.017122     355.508338
     24.030104     339.120395
     24.047195     326.244505
     24.064353     342.634504
     24.079461     275.759789
     24.095148     348.887459
     24.114636     246.226244
     24.126791     292.883714
     24.137719     287.912106
     24.151023     260.219951
     24.173363     249.095971
     24.180611     320.459000
     24.198748     284.694973
     24.212933     235.724840
     24.227961     351.180684
     24.243885     306.447912
     24.256412     281.786205
     24.271772     295.989884
     24.293098     318.193775
     24.307467     306.489546
     24.322560     304.561940
     24.331683     257.492920
     24.353822     286.537008
     24.363647     332.469750
     24.375336     270.989239
     24.397747     340.870073
     24.408940     328.984156
     24.420460     302.990251
     24.439152     255.846889
     24.456962     332.561223
     24.474005     273.676288
     24.480868     375.856559
     24.501760     291.973293
     24.518858     353.038761
     24.531295     320.436051
     24.543834     312.407445
     24.563651     318.987414
     24.570058     271.106899
     24.587566     290.774647
     24.605014     249.713230
     24.619497     329.724255
     24.639319     289.076174
     24.647760     272.399560
     24.660361     336.479554
     24.675431     267.554220
     24.695727     264.517061
     24.710301     348.248531
     24.722786     345.248202
     24.742412     365.436527
     24.759117     292.547161
     24.768768     263.985081
     24.787638     340.517319
     24.796548     253.065038
     24.817083     312.571425
     24.834182     315.706360
     24.841183     383.887410
     24.861045     371.498157
     24.875104     372.083925
     24.889206     297.155146
     24.902732     341.851886
     24.915769     330.064193
     24.930312     409.330237
     24.950538     364.799979
     24.966087     345.250223
     24.975200     413.207261
     24.993281     423.112974
     25.007266     399.489697
     25.026399     458.823989
     25.041659     380.952634
     25.054982     438.855903
     25.069219     426.619032
     25.083791     352.148594
     25.095071     317.772820
     25.114170     312.156345
     25.130520     291.905150
     25.148626     279.391031
     25.159678     350.487757
     25.175998     356.842631
     25.193427     330.022246
     25.205246     322.893989
     25.224790     433.393091
     25.231512     356.904575
     25.248223     363.995890
     25.265741     370.981775
     25.279964     288.354545
     25.291774     348.102157
     25.306408     291.572886
     25.326913     301.601224
     25.344828     247.331977
     25.359965     291.796521
     25.371654     279.460875
     25.386460     321.584693
     25.399930     341.264208
     25.413251     234.315710
     25.432007     306.007398
     25.440861     329.890911
     25.458075     319.701845
     25.479765     292.882344
     25.490962     340.505276
     25.508328     310.368270
     25.519309     306.039728
     25.530691     264.812923
     25.550638     262.420594
     25.567772     254.581254
     25.576503     243.350071
     25.593406     242.283617
     25.607297     242.163898
     25.626647     329.749223
     25.635833     350.947865
     25.658781     265.952901
     25.671257     247.808752
     25.681477     324.575985
     25.698671     320.436419
     25.713444     311.713597
     25.733667     307.137463
     25.749705     361.417640
     25.756682     321.117457
     25.777201     261.385786
     25.786421     276.899818
     25.802964     298.136260
     25.819096     336.188962
     25.836820     257.058477
     25.846934     310.227789
     25.867979     273.349686
     25.880154     302.839266
     25.890279     320.933348
     25.911254     271.934569
     25.928653     319.729162
     25.935877     326.370943
     25.955855     287.056362
     25.967202     264.999204
     25.989111     295.636448
     26.004098     348.151325
     26.011779     286.755679
     26.028835     307.032878
     26.048596     273.563550
     26.060233     289.166044
     26.078338     311.117286
     26.087193     321.704019
     26.109772     337.085671
     26.120867     288.332188
     26.133302     357.427741
     26.148084     336.924113
     26.164154     320.554261
     26.181731     309.632038
     26.192686     359.331881
     26.209026     340.589980
     26.226481     341.576969
     26.243803     335.317491
     26.256294     307.162039
     26.271354     275.556801
     26.280627     351.171793
     26.297170     326.502919
     26.315928     293.199741
     26.329247     267.626032
     26.346137     297.190190
     26.358238     251.637107
     26.370095     294.544926
     26.386919     332.434784
     26.408315     356.829958
     26.424368     304.314202
     26.430709     332.429558
     26.451210     301.084941
     26.467266     331.726997
     26.477392     323.108888
     26.495841     357.909707
     26.510371     322.042950
     26.520711     316.686733
     26.544434     292.863196
     26.557404     264.176494
     26.566423     341.305563
     26.584921     333.468130
     26.596909     343.673526
     26.618755     324.797180
     26.625058     304.873994
     26.643992     366.273428
     26.663159     381.304182
     26.679950     365.343645
     26.689431     293.819794
     26.705005     243.535111
     26.718899     265.021571
     26.732057     304.489080
     26.751677     311.827836
     26.764927     327.637028
     26.780024     307.288671
     26.794394     239.480838
     26.807422     262.665563
     26.822030     310.993297
     26.838173     314.862164
     26.853878     301.116080
     26.873702     277.903636
     26.883555     313.505881
     26.899329     254.242473
     26.910570     341.414643
     26.932004     351.451533
     26.948647     398.822868
     26.962018     306.569545
     26.974441     284.340560
     26.990029     305.686748
     27.007180     277.533717
     27.015065     356.626015
     27.038413     328.271311
     27.048556     352.503253
     27.065212     354.337345
     27.077751     355.285545
     27.091052     321.318436
     27.106120     365.456545
     27.123185     306.752368
     27.138842     304.352362
     27.156549     269.487330
     27.167117     267.010300
     27.180503     330.864258
     27.203682     308.595849
     27.215215     350.730591
     27.233689     327.937957
     27.249012     306.539256
     27.262821     318.012200
     27.278718     321.054478
     27.287838     324.108671
     27.301898     293.827904
     27.319328     285.395355
     27.335470     274.353753
     27.346315     272.160100
     27.367446     300.695612
     27.377749     296.799068
     27.392631     326.570388
     27.406614     328.324544
     27.420218     319.933831
     27.443114     290.383879
     27.454464     341.764994
     27.471016     284.354753
     27.483449     336.756102
     27.499187     293.130481
     27.514887     255.463034
     27.534806     264.626247
     27.547052     269.614058
     27.559087     268.066921
     27.571377     323.186863
     27.587811     367.369312
     27.605754     301.491724
     27.622370     290.800751
     27.637533     349.207959
     27.654498     327.723022
     27.661698     300.782989
     27.675208     304.863584
     27.698364     299.442590
     27.713291     343.288109
     27.724158     324.895232
     27.740060     294.447531
     27.750011     353.851957
     27.773891     286.945171
     27.783605     300.059296
     27.798472     250.700171
     27.817037     277.680445
     27.825065     255.702578
     27.842293     297.978368
     27.863610     334.056246
     27.879639     278.015958
     27.893585     347.058261
     27.909769     357.654586
     27.921609     399.092814
     27.930465     323.360260
     27.953880     301.319893
     27.961692     343.897868
     27.977568     352.710083
     27.998767     298.269825
     28.012236     293.636206
     28.023046     317.544722
     28.035763     361.682503
     28.059660     319.785479
     28.066831     263.657194
     28.087324     298.764209
     28.097909     314.572267
     28.113114     358.636856
     28.131590     265.855771
     28.147810     279.791664
     28.159970     318.783039
     28.173771     351.198257
     28.192901     249.439152
     28.205607     304.970716
     28.224346     314.820451
     28.230577     277.657207
     28.245705     357.483614
     28.264010     315.292978
     28.279835     265.657324
     28.296972     275.307111
     28.305047     321.853594
     28.328805     331.150412
     28.335694     297.555998
     28.352891     279.577319
     28.367198     330.045368
     28.385459     282.748686
     28.402053     345.487152
     28.416219     401.615951
     28.426726     299.178247
     28.446928     353.091576
     28.463498     378.308330
     28.474756     391.404581
     28.490017     384.828051
     28.504337     377.674234
     28.523341     405.810038
     28.530233     453.908040
     28.551941     444.568594
     28.569887     427.469776
     28.580730     422.722879
     28.595196     408.072139
     28.608145     350.103802
     28.620454     393.682381
     28.639426     349.822000
     28.658202     316.105829
     28.674568     330.502364
     28.680335     298.830750
     28.702522     335.047569
     28.712897     288.367691
     28.730663     320.138643
     28.744886     262.973521
     28.757063     318.611483
     28.779657     264.440329
     28.793511     297.322720
     28.806892     331.994518
     28.820399     306.122177
     28.839158     332.525482
     28.851695     384.498893
     28.869989     260.033702
     28.878810     359.818880
     28.895020     308.708970
     28.906380     336.934368
     28.920756     389.872545
     28.940729     359.167653
     28.959584     282.725459
     28.965205     408.345022
     28.983780     368.762927
     29.002624     347.467102
     29.010375     321.039790
     29.029365     367.469159
     29.045679     294.653379
     29.063055     314.523491
     29.078631     290.778140
     29.089811     298.792085
     29.109986     329.302606
     29.123580     284.441791
     29.133669     310.178611
     29.149614     358.692606
     29.164793     299.552540
     29.175075     339.906793
     29.199860     269.853681
     29.205221     312.259155
     29.221182     300.972266
     29.242536     287.017099
     29.255645     329.609525
     29.268578     262.467630
     29.281348     310.772939
     29.298591     341.471916
     29.318118     340.190186
     29.331327     317.889212
     29.340684     353.639920
     29.362022     265.063179
     29.379402     276.559699
     29.387992     299.100545
     29.409167     309.503061
     29.418424     256.877595
     29.431097     282.650841
     29.450507     249.234674
     29.469213     335.001154
     29.482885     302.990023
     29.495825     245.976660
     29.511470     307.517962
     29.522622     310.482459
     29.541875     316.549170
     29.555239     321.266157
     29.567100     328.163074
     29.586753     301.432441
     29.603522     349.292624
     29.612648     322.000629
     29.628786     288.504469
     29.648513     250.191566
     29.660826     290.072086
     29.678320     292.105658
     29.690136     334.907603
     29.700086     289.635388
     29.718508     309.180814
     29.730568     334.623822
     29.747700     269.795514
     29.763626     268.619581
     29.775177     347.232663
     29.792768     343.701863
     29.812516     302.411444
     29.822779     354.443186
     29.835840     340.670945
     29.853800     287.993296
     29.872782     272.913996
     29.880203     322.118259
     29.898766     339.190595
     29.911427     267.303760
     29.932761     287.759240
     29.947742     314.126956
     29.961711     244.600953
     29.978345     323.155153
     29.993544     333.081074
     30.006714     348.934346
     30.022124     273.833598
     30.035460     341.224943
     30.049870     270.057877
     30.068123     259.383546
     30.076949     222.563593
     30.099811     262.879620
     30.105518     258.072416
     30.122222     304.494970
     30.139105     255.387287
     30.152462     267.641778
     30.166358     313.802689
     30.180943     267.588037
     30.197710     304.568636
     30.216227     307.404026
     30.232365     321.534948
     30.248372     244.371910
     30.258660     293.190787
     30.272000     315.003678
     30.285621     309.650430
     30.304662     252.699578
     30.318158     291.503352
     30.332693     285.520602
     30.347232     289.404006
     30.367981     267.298248
     30.379912     331.155515
     30.395281     260.222566
     30.408903     336.556321
     30.426583     267.068451
     30.442518     238.463804
     30.459642     334.873882
     30.469337     261.055406
     30.489642     281.932329
     30.500603     262.441728
     30.519348     294.005294
     30.529679     266.138859
     30.543596     345.892633
     30.556458     376.516165
     30.573715     320.970793
     30.593753     342.774808
     30.602938     277.714531
     30.616638     312.151872
     30.633826     300.423923
     30.651558     330.111714
     30.662649     287.792270
     30.680608     322.960233
     30.691374     330.929271
     30.709388     298.506886
     30.721674     342.077276
     30.739948     337.642834
     30.755537     323.755473
     30.774710     281.721448
     30.785867     320.643750
     30.799837     296.068445
     30.811256     346.824073
     30.831878     286.167765
     30.847574     353.157050
     30.855555     307.684639
     30.870854     316.401221
     30.890140     268.523482
     30.902718     243.293196
     30.923281     296.058362
     30.939262     289.706778
     30.952722     273.939546
     30.962924     306.054911
     30.982304     315.479053
     30.996605     259.675874
     31.007228     325.019459
     31.028898     281.338457
     31.037649     321.241410
     31.058971     304.826570
     31.069583     310.350869
     31.085658     302.555136
     31.102323     303.290390
     31.112742     267.624959
     31.134947     288.329739
     31.145214     297.767670
     31.159338     263.626644
     31.171621     315.658492
     31.186733     271.086747
     31.204790     231.500351
     31.218410     306.939573
     31.235441     270.901104
     31.253683     237.433088
     31.264923     284.318391
     31.283476     240.873622
     31.295450     303.890807
     31.310448     238.113546
     31.327879     262.120208
     31.338301     283.247631
     31.355238     273.797090
     31.369219     272.937515
     31.388009     252.132187
     31.398999     297.257779
     31.415070     316.579238
     31.431465     305.012808
     31.440829     333.278693
     31.462477     269.176652
     31.472895     258.432820
     31.490414     316.232586
     31.507611     322.868100
     31.515728     312.394616
     31.538010     311.514559
     31.550495     336.589157
     31.567803     289.881789
     31.582656     254.305232
     31.595649     264.004028
     31.606013     302.394028
     31.625683     325.805629
     31.639927     311.147547
     31.654135     305.000714
     31.671354     331.468784
     31.683972     231.846732
     31.698380     293.558165
     31.714084     285.479594
     31.725678     269.591006
     31.740112     314.135131
     31.762956     299.295271
     31.770643     320.982686
     31.788400     257.220055
     31.804655     290.098610
     31.816142     313.100936
     31.839215     280.320953
     31.845842     283.231612
     31.862938     260.144130
     31.883469     250.255338
     31.897600     288.411110
     31.908735     271.907989
     31.924570     323.496184
     31.938874     312.392076
     31.959427     323.412195
     31.973327     317.615756
     31.986736     212.301184
     32.000255     239.352579
     32.016077     313.966764
     32.027841     338.085478
     32.044312     299.618552
     32.058270     286.876065
     32.079791     299.596167
     32.093762     246.809979
     32.100965     273.861339
     32.118922     352.414729
     32.134816     291.159485
     32.154784     321.239716
     32.168603     270.282903
     32.176007     290.673442
     32.191626     238.857178
     32.205855     287.201568
     32.222263     339.761639
     32.236694     247.873526
     32.251017     292.179432
     32.271604     342.988577
     32.289443     297.924829
     32.299177     275.574109
     32.315071     318.449778
     32.334201     231.256211
     32.342293     271.236445
     32.361793     302.169465
     32.372283     218.712927
     32.392975     304.609661
     32.403315     243.378420
     32.421161     234.213154
     32.437076     251.513399
     32.450925     304.504759
     32.466678     246.138968
     32.483061     285.010064
     32.491668     227.947306
     32.509149     298.625614
     32.525175     276.704431
     32.538487     293.386346
     32.552821     298.595998
     32.574897     241.158007
     32.582765     281.339574
     32.595605     311.750592
     32.618450     327.676594
     32.631223     292.149569
     32.645858     261.779888
     32.660350     294.200633
     32.670075     276.158131
     32.688185     338.015504
     32.700815     278.872896
     32.715795     337.456764
     32.732030     244.519609
     32.749524     354.172593
     32.761533     278.989907
     32.783024     243.329166
     32.798403     317.646315
     32.805060     308.165327
     32.828047     252.230345
     32.844852     278.372494
     32.857115     307.482461
     32.865949     269.643168
     32.880296     243.322904
     32.898042     339.527407
     32.911344     340.044293
     32.930900     312.788925
     32.949803     276.896039
     32.961790     244.827615
     32.973263     299.286783
     32.992021     267.287341
     33.002629     300.924009
     33.022268     278.143305
     33.039205     289.083022
     33.052472     293.774980
     33.069701     320.188835
     33.078502     332.870533
     33.093443     242.735293
     33.107281     235.839538
     33.128929     340.744624
     33.142669     216.217542
     33.150169     269.819214
     33.171344     287.356057
     33.182571     292.568870
     33.196772     240.900871
     33.210643     245.551706
     33.233335     266.427668
     33.249256     219.795662
     33.260058     274.231479
     33.270621     297.210420
     33.293749     287.984158
     33.305183     278.669512
     33.317136     302.715729
     33.333074     267.117340
     33.352071     243.572062
     33.362116     231.491723
     33.376646     289.388603
     33.394440     270.965207
     33.412114     296.844795
     33.429471     332.154043
     33.436703     280.632706
     33.456659     320.697977
     33.466894     305.334612
     33.485243     270.473234
     33.501507     243.833884
     33.510961     244.387977
     33.530703     276.376459
     33.545737     267.365032
     33.556939     270.863735
     33.576855     242.521653
     33.590336     251.101557
     33.604006     218.746088
     33.623181     275.103087
     33.631177     316.393180
     33.647558     282.546094
     33.666856     315.874553
     33.675102     251.642077
     33.698134     241.350498
     33.714400     267.910465
     33.725238     295.952112
     33.735177     263.109918
     33.750169     328.272141
     33.770955     258.857524
     33.784565     268.294784
     33.802074     282.971367
     33.816788     229.415927
     33.831060     333.491405
     33.840438     306.370283
     33.855572     322.839955
     33.879718     257.341294
     33.886972     320.223371
     33.905938     278.499194
     33.924562     240.410940
     33.934297     332.076869
     33.949598     251.928329
     33.963409     315.594492
     33.979893     318.068364
     33.991938     273.528821
     34.013336     317.961785
     34.028520     250.448058
     34.044750     326.243942
     34.054161     255.045729
     34.069449     322.359262
     34.088474     255.034057
     34.098752     278.434523
     34.112165     317.791088
     34.127412     263.487936
     34.148658     293.149963
     34.161613     327.662487
     34.175564     243.973073
     34.185851     231.572687
     34.200897     313.396865
     34.224890     295.541655
     34.234692     261.917527
     34.253016     311.506080
     34.269297     301.575202
     34.280715     266.751480
     34.294361     275.467096
     34.313952     275.947092
     34.323067     235.208091
     34.339925     244.312539
     34.351464     303.775983
     34.370893     278.225284
     34.381592     296.593094
     34.399899     285.405960
     34.419320     279.448067
     34.434409     250.288240
     34.449590     306.875842
     34.461241     285.030973
     34.475098     309.145766
     34.488587     272.596486
     34.502206     299.560468
     34.524620     319.793329
     34.532849     295.671417
     34.549824     245.307577
     34.560800     301.785220
     34.584968     320.416929
     34.596440     286.259461
     34.609303     311.432632
     34.621796     321.358457
     34.641857     282.277837
     34.659595     296.420736
     34.668391     335.475052
     34.688265     263.654967
     34.701523     271.874248
     34.718560     311.667914
     34.729784     313.214055
     34.746150     274.076770
     34.757872     263.834104
     34.775496     307.192873
     34.785496     295.310955
     34.800214     274.460802
     34.815055     237.853717
     34.836182     258.002320
     34.849393     340.105918
     34.867051     349.973170
     34.880748     256.337987
     34.895081     310.179556
     34.908827     234.868013
     34.922152     299.860405
     34.940500     281.675824
     34.958805     287.169282
     34.968563     298.172295
     34.988552     302.009946
     34.999526     307.135826
     35.016795     255.032755
     35.027622     252.376103
     35.046471     261.385140
     35.056646     271.723050
     35.072362     227.594798
     35.091709     318.384095
     35.100960     240.076448
     35.115413     225.977509
     35.133586     254.934087
     35.145153     220.657045
     35.169914     290.850473
     35.178185     247.271480
     35.195827     267.283345
     35.212386     293.399811
     35.222275     326.798061
     35.244637     235.026882
     35.250963     223.737038
     35.269299     285.651937
     35.286159     212.655502
     35.301452     229.159660
     35.310569     223.930104
     35.326398     217.547841
     35.349045     264.702063
     35.362064     256.050905
     35.379496     227.385834
     35.387853     228.799315
     35.409596     254.723817
     35.418500     231.239347
     35.433612     222.524667
     35.448823     238.571287
     35.462587     291.566555
     35.481072     308.754009
     35.493681     233.222641
     35.510184     275.854228
     35.524685     265.045792
     35.543761     243.365857
     35.556176     263.438610
     35.565111     305.301753
     35.582432     279.852410
     35.601109     226.201710
     35.611705     213.913862
     35.628514     212.692615
     35.641720     244.759060
     35.661448     279.025359
     35.678120     285.241780
     35.691870     268.774628
     35.705935     301.127762
     35.718081     227.620581
     35.730468     282.831751
     35.752504     192.182830
     35.761241     221.151310
     35.776115     281.704706
     35.795264     238.061452
     35.808431     250.712197
     35.826274     236.185566
     35.842392     271.196901
     35.859122     261.688307
     35.867190     193.729086
     35.888635     308.307588
     35.903887     224.590811
     35.911011     246.943998
     35.926746     225.506282
     35.940846     286.625395
     35.958499     251.916906
     35.975160     264.581514
     35.988742     221.998707
     36.007135     243.788118
     36.019629     269.313585
     36.030797     195.376665
     36.050021     264.287882
     36.063321     281.044498
     36.077717     305.858356
     36.091836     297.064670
     36.112925     246.214395
     36.129022     284.695227
     36.140404     295.721546
     36.151162     304.080464
     36.170281     221.364699
     36.188931     214.967003
     36.197928     237.153389
     36.219309     252.556891
     36.227102     297.490395
     36.249139     285.309365
     36.261970     305.352514
     36.272614     224.021180
     36.285798     248.915985
     36.306046     248.053713
     36.318499     326.503555
     36.334084     242.270287
     36.350378     305.865945
     36.368578     243.781688
     36.383992     258.266687
     36.392823     214.906041
     36.406139     266.996660
     36.424651     302.660780
     36.435985     276.371188
     36.450515     280.070111
     36.469733     217.434812
     36.485508     214.218409
     36.501399     226.126032
     36.510091     223.034294
     36.526489     219.125079
     36.547852     283.059582
     36.564698     234.978404
     36.576024     242.600130
     36.591557     246.685212
     36.605060     186.667269
     36.623561     210.510509
     36.638692     267.254038
     36.646545     294.564735
     36.667769     263.441411
     36.679980     290.190829
     36.691642     283.834532
     36.709184     272.418054
     36.728742     310.819739
     36.735372     274.341346
     36.751234     266.325040
     36.772027     254.592758
     36.783713     313.569774
     36.801350     243.432257
     36.817604     222.505376
     36.827181     234.328437
     36.842964     297.118168
     36.858528     230.512901
     36.876953     278.113467
     36.890902     220.125077
     36.909876     233.156769
     36.924875     275.136578
     36.930539     275.506963
     36.952550     199.164561
     36.966606     273.615797
     36.980045     304.112965
     36.999854     226.422231
     37.011458     274.147854
     37.028956     291.576413
     37.040721     284.846060
     37.056263     201.065095
     37.069437     233.989801
     37.087070     245.503658
     37.096631     280.171191
     37.110179     241.193726
     37.125985     282.339704
     37.140280     244.232340
     37.160472     330.546882
     37.171902     292.068624
     37.194905     234.598986
     37.204631     242.532460
     37.218924     287.833854
     37.233695     297.860437
     37.245604     248.827057
     37.269984     310.558852
     37.284900     229.352524
     37.294990     263.793210
     37.309967     332.036544
     37.320524     334.576807
     37.337112     321.958141
     37.355953     298.407360
     37.374769     236.337271
     37.383733     291.070950
     37.400842     263.066810
     37.414233     278.299269
     37.428788     216.739678
     37.447460     242.477930
     37.461077     278.123668
     37.475684     308.735058
     37.494960     212.196143
     37.503994     197.521640
     37.520363     209.015017
     37.530196     272.978738
     37.549000     222.261505
     37.560158     212.414478
     37.584790     222.143397
     37.594202     227.803876
     37.606276     309.579653
     37.623869     286.729579
     37.642633     217.313128
     37.659131     213.541667
     37.670205     220.454723
     37.686787     225.936518
     37.702339     242.591283
     37.710433     255.865763
     37.729033     269.543200
     37.745810     243.581321
     37.760105     239.388268
     37.770925     291.996658
     37.794704     249.660357
     37.806618     198.545609
     37.821895     307.238431
     37.831282     223.602980
     37.850885     296.124188
     37.869872     220.440198
     37.877725     201.796476
     37.896854     206.240111
     37.907622     203.535397
     37.923619     261.316169
     37.940425     293.847700
     37.957952     204.949909
     37.969414     202.045149
     37.982598     269.551078
     38.000901     229.174294
     38.019041     260.622582
     38.031944     233.911034
     38.040340     279.874953
     38.059490     184.939087
     38.074570     209.253461
     38.085381     225.967259
     38.107512     222.401007
     38.118839     214.199658
     38.136752     242.702075
     38.147573     279.487051
     38.162363     266.612118
     38.175288     246.086328
     38.196789     251.114158
     38.207488     221.627349
     38.229656     271.334509
     38.242268     221.584504
     38.254665     252.236499
     38.273588     203.728177
     38.288545     201.782796
     38.295638     291.444069
     38.318632     283.547441
     38.329424     271.487063
     38.343882     216.529445
     38.360319     250.008424
     38.372233     243.805114
     38.389876     300.248803
     38.400759     314.692844
     38.423157     210.775663
     38.434837     257.432334
     38.453967     242.008868
     38.464099     258.696118
     38.479271     240.587340
     38.490851     237.741290
     38.508136     258.368547
     38.528220     227.574253
     38.540683     208.394443
     38.558696     207.328542
     38.567004     228.205664
     38.588032     240.064259
     38.600903     265.146156
     38.618459     234.030399
     38.634125     216.836015
     38.646838     257.890166
     38.662104     240.628551
     38.672545     274.735228
     38.687828     227.129558
     38.701585     264.945044
     38.715163     246.841370
     38.734816     235.300992
     38.747215     235.917640
     38.766925     226.879219
     38.782628     212.129244
     38.793055     206.973115
     38.809183     266.540864
     38.823799     252.561066
     38.844742     187.053498
     38.850337     214.195599
     38.870233     260.235458
     38.882817     288.526864
     38.901721     260.442615
     38.913418     234.403719
     38.932552     197.068622
     38.944705     264.592667
     38.955450     209.942423
     38.976977     293.773914
     38.991945     199.806867
     39.008072     192.748093
     39.020482     216.870979
     39.035990     285.361098
     39.050728     277.518135
     39.066081     209.172894
     39.080119     190.621654
     39.091916     276.794459
     39.108449     204.388226
     39.122104     195.835023
     39.144998     233.892532
     39.150453     198.104848
     39.167058     206.170165
     39.181862     257.908036
     39.201395     230.371171
     39.219860     246.131783
     39.231519     225.796249
     39.240770     257.512676
     39.260893     250.347937
     39.270617     216.454604
     39.288689     252.827012
     39.308922     217.836765
     39.315367     297.259549
     39.338918     251.323381
     39.347135     284.139917
     39.365244     202.374195
     39.384673     245.581272
     39.394409     266.443697
     39.413377     260.902251
     39.423015     265.217339
     39.438621     226.977468
     39.450464     300.034546
     39.474081     231.810972
     39.481891     179.508880
     39.497931     199.041644
     39.518432     228.952150
     39.525972     290.654340
     39.545537     256.064432
     39.555672     292.768541
     39.573571     275.523626
     39.585413     293.506370
     39.606940     249.864525
     39.615574     227.122340
     39.635826     184.311254
     39.649135     177.570240
     39.667617     224.960991
     39.682206     283.412258
     39.697668     188.992699
     39.708465     227.608353
     39.724082     309.733132
     39.737627     233.517848
     39.757933     293.160791
     39.770160     261.595554
     39.780831     320.516862
     39.795026     301.891878
     39.811636     187.462654
     39.826586     274.974683
     39.841807     199.836313
     39.857690     232.032430
     39.873975     190.946441
     39.885837     291.907958
     39.901024     200.039166
     39.918698     207.922385
     39.935184     200.720853
     39.947639     254.568387
     39.960557     192.031136
     39.983290     200.434592
     39.991050     299.009297
     40.014931     288.039198
     40.029308     217.785988
     40.036192     243.534801
     40.052777     233.346534
     40.067278     225.987885
     40.086592     310.103451
     40.102261     250.325169
     40.118663     278.615008
     40.134035     241.375091
     40.145811     199.794286
     40.163457     193.300499
     40.176977     233.563671
     40.188464     269.856676
     40.200919     230.440396
     40.215894     292.218081
     40.231694     214.357622
     40.251146     278.776194
     40.262886     234.770773
     40.276239     268.368881
     40.293545     211.092245
     40.310548     308.133828
     40.322244     272.475859
     40.341319     254.771585
     40.359595     220.664484
     40.367483     252.278926
     40.386364     265.816428
     40.399425     221.126249
     40.419722     222.857702
     40.425124     276.014203
     40.440223     274.341084
     40.455843     220.694400
     40.478624     305.879821
     40.488582     216.948712
     40.505412     235.321205
     40.523709     241.962802
     40.537350     278.877357
     40.545339     296.193403
     40.560704     250.473092
     40.578113     245.483753
     40.592087     231.029481
     40.614332     232.994116
     40.629084     256.351597
     40.642000     266.726021
     40.650805     218.363476
     40.669801     276.026192
     40.683451     273.588636
     40.695630     256.648963
     40.718399     276.044690
     40.725526     244.681921
     40.749760     292.314902
     40.758913     257.361637
     40.778485     293.339105
     40.791893     207.691147
     40.805222     214.847384
     40.819546     200.111026
     40.836213     203.513123
     40.845321     258.264173
     40.869496     237.710276
     40.877516     267.540540
     40.893067     204.394611
     40.910528     242.703960
     40.923505     208.651260
     40.937584     229.160065
     40.957509     271.479541
     40.969961     242.185694
     40.980785     261.316016
     41.002718     241.816917
     41.016561     202.230372
     41.034068     261.675161
     41.047885     277.834455
     41.058066     224.971276
     41.078474     272.707197
     41.092582     201.202275
     41.109250     212.578754
     41.120965     201.978749
     41.138137     264.380287
     41.152167     223.157251
     41.167474     218.591802
     41.181085     211.962320
     41.198436     210.019633
     41.207799     225.461752
     41.220052     227.387103
     41.241796     270.822343
     41.257765     213.728385
     41.270129     212.432986
     41.283569     240.376956
     41.301928     216.156222
     41.312267     197.048700
     41.325375     294.843419
     41.343175     295.493547
     41.363751     300.172495
     41.370761     243.114617
     41.389497     284.985279
     41.406384     284.053576
     41.417879     180.235589
     41.431285     217.812012
     41.454057     280.013159
     41.467521     259.640082
     41.476533     258.033203
     41.498126     267.818840
     41.510842     247.351290
     41.529358     310.870425
     41.541373     263.537316
     41.555768     293.182021
     41.574263     301.269931
     41.584579     269.415502
     41.600363     255.498421
     41.616002     227.005952
     41.626485     243.513993
     41.643984     245.867561
     41.660347     261.486079
     41.671169     245.145481
     41.687132     203.801654
     41.700113     207.679436
     41.715877     252.919985
     41.739273     204.410003
     41.747317     261.328146
     41.760746     178.306931
     41.783405     231.410093
     41.793337     243.439298
     41.812249     226.104020
     41.821091     245.521107
     41.835884     214.320884
     41.854625     269.259244
     41.866883     231.854696
     41.882669     249.498208
