      2.003445     -20.126494
      2.013308      50.716239
      2.029108      33.294435
      2.047195      38.098264
      2.058190     -18.093676
      2.077144     -26.173175
      2.089944     -14.898062
      2.104990      59.494773
      2.116262      -4.150350
      2.132189       5.305242
      2.151127      45.148237
      2.167485      26.445684
      2.182109      31.282295
      2.191531      43.949317
      2.214999      99.813737
      2.225294      98.032343
      2.238377      84.002321
      2.254924     197.982389
      2.266197     137.528745
      2.282088     225.235809
      2.301652     283.753062
      2.313198     282.107458
      2.328036     294.987889
      2.348891     316.393854
      2.359393     332.880788
      2.379035     363.527940
      2.385180     400.980113
      2.409943     464.363306
      2.420335     456.569871
      2.430886     397.760968
      2.454613     457.716956
      2.467972     484.244521
      2.481496     508.089090
      2.496274     496.823325
      2.508515     568.109869
      2.527278     585.619628
      2.543570     545.707738
      2.554363     544.533940
      2.565557     594.972233
      2.584091     609.760862
      2.597539     604.001951
      2.611255     616.427353
      2.629885     622.718692
      2.644720     614.622747
      2.655156     616.410860
      2.673874     589.292168
      2.691424     646.588804
      2.709242     632.260500
      2.719169     695.673334
      2.733256     626.489142
      2.748022     665.602232
      2.760192     666.503229
      2.782414     749.484295
      2.798476     742.880025
      2.807609     766.488335
      2.828824     778.815722
      2.843296     733.883142
      2.858515     755.856795
      2.872095     797.285566
      2.888828     837.893756
      2.895255     820.000513
      2.910607     822.483693
      2.932432     922.389706
      2.944570     930.819200
      2.960979     961.079673
      2.979637     892.060207
      2.992588     975.803691
      3.000545    1051.448096
      3.021162    1028.725075
      3.034756    1079.622499
      3.053847    1053.543039
      3.067622    1102.041938
      3.084574    1253.413298
      3.092447    1262.874639
      3.107728    1195.420176
      3.123517    1261.902457
      3.143233    1456.239965
      3.153901    1410.092154
      3.167693    1540.422941
      3.186476    1613.452723
      3.195207    1738.992989
      3.219446    1798.008367
      3.226125    1911.122347
      3.244224    2064.349974
      3.263630    2077.868072
      3.271828    2359.214682
      3.290962    2561.940010
      3.306252    2951.311744
      3.323847    3288.056329
      3.339814    3948.442646
      3.351780    4573.622740
      3.369711    4877.990389
      3.382560    4048.113513
      3.397195    2185.280816
      3.411453    1059.746537
      3.426323     636.277398
      3.444127     565.257668
      3.452632     463.446672
      3.468086     448.791360
      3.487577     441.051677
      3.496404     400.231378
      3.511819     390.876993
      3.527053     352.059740
      3.548161     367.316481
      3.556122     389.996543
      3.576939     346.038136
      3.590913     304.443164
      3.602991     304.836245
      3.620577     341.030676
      3.630081     322.810702
      3.648158     349.142951
      3.666608     296.536274
      3.675089     307.035232
      3.692636     287.378138
      3.714339     347.501805
      3.721578     306.494867
      3.736180     333.764222
      3.756874     320.542679
      3.772462     382.503336
      3.784851     300.996063
      3.801463     365.659316
      3.815858     331.861147
      3.831562     338.069576
      3.847213     268.640396
      3.858432     274.316090
      3.873902     358.503016
      3.888109     329.019987
      3.901131     338.794216
      3.918399     334.178995
      3.939887     321.492409
      3.945613     294.201418
      3.969962     294.363645
      3.976153     384.103716
      3.990549     373.481660
      4.007723     356.670122
      4.028592     363.892405
      4.040414     334.225266
      4.058490     394.381115
      4.074387     297.724722
      4.089282     388.697579
      4.101071     341.164605
      4.115303     350.733711
      4.127403     309.902849
      4.147792     344.049981
      4.155345     398.109623
      4.175388     377.436097
      4.189232     365.911024
      4.201270     307.392744
      4.220052     359.567248
      4.234931     409.537725
      4.250064     454.321280
      4.269910     363.949830
      4.275706     355.311835
      4.295262     377.036810
      4.311116     449.663415
      4.321714     374.823787
      4.337010     414.869550
      4.354902     442.832949
      4.365522     404.945251
      4.382699     468.369008
      4.395997     409.185233
      4.416533     414.604807
      4.431952     409.658190
      4.442911     498.135477
      4.455697     513.603765
      4.476967     548.005687
      4.493892     434.565059
      4.501627     530.726668
      4.518559     470.226926
      4.539750     529.067696
      4.546761     650.300868
      4.563170     625.364757
      4.583881     680.195248
      4.598956     614.642562
      4.611116     631.835718
      4.626176     756.861991
      4.642708     716.282056
      4.656407     755.442217
      4.671069     845.976176
      4.686376     867.734245
      4.696574     920.965576
      4.712403    1092.213690
      4.726563    1176.338091
      4.746106    1350.944675
      4.757856    1621.698330
      4.773580    1595.453986
      4.792381    1050.319104
      4.801606     704.669429
      4.821751     479.960744
      4.839979     476.030721
      4.851919     354.904818
      4.869156     358.262297
      4.876718     363.288126
      4.894645     411.279508
      4.905977     376.693800
      4.925046     370.764011
      4.940073     398.863179
      4.956948     361.434767
      4.967475     456.553295
      4.983213     442.667598
      5.003312     397.204120
      5.013931     437.597123
      5.031829     443.823761
      5.049259     390.734107
      5.063425     427.206515
      5.075757     408.934036
      5.093977     426.453040
      5.103039     442.181791
      5.123882     404.291328
      5.139699     391.245552
      5.150394     440.488619
      5.165449     425.378348
      5.178197     430.179962
      5.190551     367.607984
      5.205454     515.917288
      5.229269     466.988222
      5.243455     400.360686
      5.250687     426.141178
      5.273973     473.306545
      5.288883     523.573598
      5.303276     550.022583
      5.310776     513.199724
      5.326298     485.879749
      5.342028     493.895142
      5.361099     447.298884
      5.376146     457.363486
      5.392649     417.331463
      5.407439     581.324704
      5.415907     551.170342
      5.432743     489.897961
      5.449812     590.669504
      5.460166     636.180290
      5.481366     590.486103
      5.496096     589.693991
      5.514235     593.019834
      5.523607     632.624679
      5.536186     622.572133
      5.557129     714.124246
      5.566165     676.709196
      5.586984     786.300379
      5.598887     739.106784
      5.614558     843.416263
      5.626528     869.960854
      5.645990     931.491047
      5.663566     903.998893
      5.675033    1014.520496
      5.693329    1013.723449
      5.701421     992.888199
      5.717020    1124.843120
      5.734485    1290.615113
      5.748246    1353.747015
      5.768632    1484.192100
      5.780042    1725.892576
      5.793217    1968.294824
      5.808204    2303.110952
      5.826837    2753.166838
      5.840056    3040.806301
      5.853550    2484.794366
      5.868950    1595.357070
      5.889629     919.583900
      5.901703     541.798876
      5.919099     533.410756
      5.929249     522.362249
      5.947301     449.967264
      5.958760     436.514070
      5.974582     389.445379
      5.991803     402.721922
      6.009881     365.623864
      6.019903     387.737291
      6.030930     424.117690
      6.051153     329.797128
      6.067700     405.596349
      6.083662     376.858896
      6.092669     391.443381
      6.108818     360.057330
      6.127596     393.667917
      6.143424     425.318024
      6.151847     441.423896
      6.173428     397.183093
      6.183713     392.582140
      6.200247     407.432978
      6.213779     361.064906
      6.226676     430.723718
      6.242989     351.019096
      6.256220     447.547405
      6.277372     380.593271
      6.293429     442.765879
      6.300482     426.215623
      6.321335     445.669661
      6.330896     448.034953
      6.346773     444.005901
      6.368789     361.148240
      6.378112     429.768392
      6.395562     387.246291
      6.412517     409.878104
      6.426489     402.222323
      6.437870     421.441633
      6.450309     400.336519
      6.467859     369.906706
      6.489480     474.249174
      6.497664     434.932207
      6.513195     484.643903
      6.531361     505.391745
      6.548912     520.144064
      6.557497     478.252261
      6.573739     506.863373
      6.585302     472.043300
      6.605996     583.635613
      6.623684     569.001464
      6.634876     593.429413
      6.649205     607.778088
      6.662208     675.814324
      6.683394     731.576676
      6.695262     814.596113
      6.705614     791.434492
      6.726059     976.308411
      6.741941    1074.477449
      6.752169    1085.279228
      6.766879     859.834325
      6.781095     612.083888
      6.804214     480.580044
      6.813558     399.821779
      6.826664     378.071398
      6.848746     416.903830
      6.857076     416.039494
      6.877670     389.186697
      6.888644     394.006927
      6.902868     394.279237
      6.922841     386.448905
      6.933126     456.295181
      6.954602     453.630330
      6.965186     462.403478
      6.976931     357.360004
      6.996538     373.690364
      7.007774     441.201261
      7.021416     417.395133
      7.036253     393.619380
      7.057252     362.000476
      7.069301     453.278909
      7.088959     426.475116
      7.098011     472.041842
      7.112036     485.148141
      7.125232     486.393877
      7.142345     435.217633
      7.162923     446.908983
      7.173743     394.459789
      7.192312     419.870877
      7.204932     442.456292
      7.215460     446.494771
      7.233621     445.118341
      7.248036     454.090246
      7.263595     417.729588
      7.281482     473.803508
      7.294272     512.503273
      7.308970     525.560076
      7.324747     555.891555
      7.335250     519.966314
      7.358443     606.284660
      7.367186     589.199168
      7.381690     585.920943
      7.399916     688.166544
      7.415167     626.170249
      7.428512     740.691525
      7.447932     672.411573
      7.461314     832.696882
      7.477295     918.338029
      7.485069     958.829915
      7.504685    1119.388102
      7.519887    1309.092918
      7.530918    1388.961588
      7.553618    1453.774021
      7.565376    1293.245405
      7.578283     918.642130
      7.594062     598.416760
      7.614679     475.315999
      7.625899     460.677748
      7.641869     472.540447
      7.652503     423.039365
      7.666907     472.909390
      7.685957     435.522233
      7.697544     433.561085
      7.715533     429.446312
      7.725744     422.846759
      7.747568     460.800822
      7.755368     449.788662
      7.771246     470.057974
      7.785897     419.698338
      7.804822     534.234242
      7.824242     503.504752
      7.839226     490.447404
      7.847342     431.595155
      7.867788     426.659535
      7.881897     525.914488
      7.895898     488.994594
      7.910200     543.687315
      7.928567     580.787900
      7.935528     541.810714
      7.950381     544.723636
      7.971602     527.871463
      7.989750     499.310883
      8.002589     559.738802
      8.014182     620.553829
      8.032992     638.308151
      8.040096     612.740184
      8.062009     630.426377
      8.078940     693.276899
      8.089241     714.919177
      8.104346     793.309985
      8.119518     843.729722
      8.138205     898.436301
      8.154450     905.921757
      8.161576    1067.741764
      8.176969    1070.613986
      8.197026    1243.279830
      8.206711    1317.765831
      8.220313    1572.807900
      8.239105    1759.347651
      8.250557    1986.452252
      8.265193    2225.333265
      8.280988    1898.670235
      8.298740    1329.290074
      8.314607     852.121520
      8.329496     580.103288
      8.345110     442.441454
      8.359463     489.579670
      8.378325     394.293637
      8.394697     417.441646
      8.409769     370.967667
      8.416736     388.865460
      8.436276     357.084704
      8.453359     351.435761
      8.461073     378.741385
      8.478162     378.782291
      8.491194     393.502564
      8.507498     386.016824
      8.524202     394.327937
      8.539411     370.993356
      8.553294     396.119237
      8.573210     363.125962
      8.584022     377.965277
      8.596786     395.678616
      8.614026     326.942027
      8.628105     405.309368
      8.643395     346.186716
      8.659802     400.807491
      8.670817     390.851907
      8.689935     389.961749
      8.707312     385.860156
      8.722211     337.409598
      8.734150     416.914674
      8.754727     403.666911
      8.762879     393.021723
      8.776011     352.918282
      8.794031     322.106269
      8.805191     414.113851
      8.822264     420.068619
      8.838576     335.891007
      8.852182     393.133302
      8.870319     430.436830
      8.883069     358.661132
      8.901594     433.962920
      8.912308     441.276481
      8.933097     446.505746
      8.947216     439.611643
      8.964921     451.552263
      8.971987     353.532142
      8.992355     440.945905
      9.000778     333.852883
      9.024146     416.710064
      9.039868     400.486591
      9.053089     363.050041
      9.066260     308.424416
      9.075123     349.234557
      9.099087     378.726856
      9.110128     391.264134
      9.129096     339.784352
      9.144426     348.638118
      9.157782     417.580433
      9.174202     399.708683
      9.185138     401.893330
      9.195930     355.425431
      9.218142     370.980601
      9.231671     316.838432
      9.246980     325.326702
      9.255481     374.277191
      9.272108     376.032385
      9.294117     336.031061
      9.303304     327.667184
      9.316999     311.133649
      9.336800     379.541828
      9.349373     393.466766
      9.362104     396.999172
      9.382891     347.196973
      9.397517     367.990334
      9.413040     382.573593
      9.425232     308.401725
      9.440179     339.389879
      9.451177     321.398690
      9.472127     330.413968
      9.489053     357.769919
      9.497198     442.375602
      9.512230     360.277065
      9.533444     390.601428
      9.540313     332.979879
      9.562264     423.200624
      9.575229     465.039343
      9.592178     395.529400
      9.603810     402.146913
      9.619879     432.314417
      9.638266     375.027004
      9.654228     362.004201
      9.665184     389.050380
      9.681771     365.336845
      9.698171     388.518052
      9.709228     341.972220
      9.726651     438.330027
      9.741476     426.726206
      9.756372     415.442781
      9.771007     440.473398
      9.780671     347.554233
      9.802658     411.659430
      9.815692     360.795320
      9.825348     345.852344
      9.844503     426.432741
      9.864120     425.060780
      9.870448     384.431460
      9.889546     425.665538
      9.903278     409.828491
      9.915356     454.877604
      9.938776     367.658463
      9.954934     390.058810
      9.969331     401.225657
      9.983537     431.134120
      9.994648     442.684538
     10.008664     451.159912
     10.026044     521.084933
     10.037624     496.254240
     10.058914     449.190487
     10.070232     444.574810
     10.080020     540.416695
     10.101226     570.820712
     10.111699     660.604392
     10.126448     725.785972
     10.148133     664.417221
     10.157356     530.280045
     10.175713     488.189046
     10.189241     408.001782
     10.201496     426.532679
     10.217958     376.941453
     10.234201     421.966342
     10.253646     347.416573
     10.263856     358.603396
     10.279636     352.137218
     10.294611     338.621153
     10.308115     427.866226
     10.328626     390.327545
     10.343250     359.278888
     10.355253     350.155825
     10.374576     370.777411
     10.381219     360.618497
     10.398275     370.181725
     10.413795     380.027242
     10.426715     404.102888
     10.442841     346.447609
     10.455745     393.637585
     10.470709     348.278817
     10.490657     349.435985
     10.502515     339.888060
     10.518921     362.074783
     10.530200     396.332077
     10.550386     399.811908
     10.564640     402.664333
     10.575389     362.906509
     10.594557     452.939320
     10.608197     375.175794
     10.626435     388.389182
     10.640676     413.259264
     10.653354     476.090440
     10.665026     489.532811
     10.684216     468.578462
     10.695706     502.698996
     10.718379     456.711452
     10.730657     419.558248
     10.744806     445.264151
     10.756586     365.637085
     10.771048     387.135463
     10.788471     381.045974
     10.807704     404.889732
     10.824436     383.626622
     10.833944     419.465119
     10.850280     435.948828
     10.866200     450.118938
     10.878589     380.537437
     10.899152     413.624451
     10.914970     405.777270
     10.921642     427.997216
     10.942068     407.902303
     10.952920     425.526769
     10.973772     393.502846
     10.982406     491.196843
     10.996986     450.672309
     11.013217     508.755157
     11.025773     484.577207
     11.040871     529.895014
     11.060008     535.928399
     11.072797     585.768122
     11.092865     613.075069
     11.107895     626.341016
     11.120383     638.886402
     11.135430     621.730740
     11.152479     720.031281
     11.161442     805.402026
     11.179319     875.433072
     11.190972     938.866389
     11.205615     938.853061
     11.220134     946.279341
     11.239572     814.289240
     11.252046     557.237273
     11.273189     539.357461
     11.280013     518.170941
     11.301633     402.921181
     11.311690     452.519532
     11.330458     405.477125
     11.345499     361.988334
     11.364101     408.452446
     11.372689     426.909246
     11.385128     414.502188
     11.406555     410.457669
     11.416115     419.798547
     11.438686     367.565770
     11.454346     452.560247
     11.460512     406.907446
     11.483087     379.948649
     11.492832     455.041108
     11.511788     430.039681
     11.522811     367.828286
     11.539599     441.769729
     11.550921     436.971125
     11.566946     386.246463
     11.583206     527.062202
     11.604980     517.623305
     11.611883     532.250005
     11.633542     495.491569
     11.640216     460.841775
     11.661107     547.907950
     11.677614     521.430297
     11.690624     611.862989
     11.700194     635.089445
     11.716217     612.296712
     11.737685     614.766616
     11.745623     531.025668
     11.762669     462.461762
     11.780815     469.279535
     11.796358     466.380760
     11.814348     426.506933
     11.825786     391.327878
     11.841948     420.051140
     11.851348     450.378185
     11.866454     500.732735
     11.889782     432.971499
     11.899293     480.574341
     11.917434     415.290420
     11.928870     519.308707
     11.944225     504.224758
     11.964921     499.069217
     11.972551     527.377458
     11.987759     546.169625
     12.001999     495.795172
     12.015916     483.105281
     12.039632     480.779944
     12.047271     529.520886
     12.067130     563.513814
     12.078447     624.209273
     12.096253     637.761728
     12.114882     751.665804
     12.120499     730.718938
     12.135979     879.068939
     12.158517     972.013128
     12.174420    1084.655868
     12.189695    1087.065526
     12.200925    1057.827416
     12.214915    1008.972565
     12.226772     699.366772
     12.240065     595.973552
     12.261952     518.561241
     12.277993     474.120785
     12.287458     361.438077
     12.309660     377.016054
     12.320352     433.921007
     12.331963     368.799440
     12.354364     377.696513
     12.368243     392.451829
     12.384150     437.232539
     12.394538     388.944607
     12.414172     377.726836
     12.423477     395.579046
     12.436890     393.079279
     12.451254     352.230531
     12.469110     461.018899
     12.488850     345.862418
     12.496047     358.651630
     12.518078     392.189759
     12.530706     380.309992
     12.542100     365.933448
     12.559101     367.303185
     12.577041     424.861947
     12.589839     409.753764
     12.603302     392.120188
     12.620657     368.193514
     12.633622     388.950995
     12.654904     446.851661
     12.665561     397.462378
     12.678498     367.999099
     12.694541     346.000212
     12.708675     383.753300
     12.724882     407.457119
     12.742457     396.450244
     12.752139     367.830464
     12.765598     337.330351
     12.786891     380.124655
     12.795906     340.780005
     12.813930     415.666246
     12.834438     399.626344
     12.843885     357.529233
     12.855285     412.437583
     12.879763     403.851323
     12.888892     350.796803
     12.907662     327.967104
     12.916450     333.344672
     12.930606     427.886850
     12.949463     460.278942
     12.963855     378.640353
     12.983165     430.599845
     12.990717     421.897751
     13.011290     390.170110
     13.021885     453.945098
     13.041932     461.038763
     13.056238     399.938370
     13.071268     448.578669
     13.082092     500.387172
     13.098415     441.874459
     13.114532     540.416004
     13.133435     466.945261
     13.148712     432.226854
     13.164176     422.615842
     13.177939     380.333776
     13.194707     442.007342
     13.200482     429.262845
     13.223354     482.528725
     13.237919     507.427763
     13.251461     455.371984
     13.261925     390.517920
     13.275394     496.085616
     13.293591     466.852861
     13.314342     460.814659
     13.321304     456.345903
     13.341824     463.296133
     13.354840     493.437220
     13.369543     469.091016
     13.381110     550.877646
     13.404180     549.100516
     13.414296     534.003739
     13.427628     561.178770
     13.448815     601.234873
     13.464807     681.475579
     13.476511     739.236974
     13.487410     847.732915
     13.504908     899.244428
     13.516494     939.601611
     13.531885    1042.037111
     13.554303     909.591110
     13.564538     817.857092
     13.583767     630.465266
     13.595964     475.384601
     13.605860     406.756339
     13.626742     458.859373
     13.639106     359.487619
     13.651420     425.155414
     13.672908     366.795318
     13.683608     396.518229
     13.698386     410.577553
     13.718104     405.746261
     13.726140     383.354428
     13.743787     420.431316
     13.758100     465.215888
     13.770194     439.445699
     13.790007     471.513703
     13.801539     464.206207
     13.820653     440.667690
     13.835319     412.616434
     13.854946     536.102016
     13.865742     574.083398
     13.875876     572.556429
     13.890387     563.633914
     13.908842     702.857303
     13.920817     617.166582
     13.937743     784.871178
     13.959029     761.064773
     13.967806     639.164706
     13.989982     607.845488
     13.997589     574.008265
     14.016138     478.327907
     14.025655     471.627710
     14.048356     410.852369
     14.058137     400.462334
     14.071573     385.912365
     14.085783     371.372858
     14.107328     422.703586
     14.119422     378.038803
     14.135447     351.225515
     14.147189     362.818073
     14.165990     356.814302
     14.175019     440.336773
     14.190553     394.141814
     14.205501     386.386483
     14.226353     400.017733
     14.242934     431.580348
     14.250106     417.445335
     14.272173     438.161876
     14.288256     497.929690
     14.304831     538.131761
     14.316562     603.828847
     14.329259     611.293412
     14.348881     646.959878
     14.359814     671.468427
     14.370086     641.428015
     14.394364     620.540907
     14.405629     502.582053
     14.424483     382.800075
     14.437924     433.713484
     14.450647     439.073084
     14.461855     450.143564
     14.484172     412.593257
     14.499105     433.245321
     14.506884     381.673483
     14.529192     413.910450
     14.539780     371.226844
     14.555930     353.027755
     14.569901     418.495648
     14.581407     392.638572
     14.604136     430.765918
     14.617804     435.985125
     14.625960     414.534112
     14.648325     391.756620
     14.659320     433.793915
     14.671247     453.470897
     14.686845     498.316087
     14.700563     534.457659
     14.718083     626.546960
     14.730977     688.556968
     14.751914     713.520228
     14.765671     689.653597
     14.782921     615.005265
     14.791619     542.055866
     14.810367     477.710468
     14.825751     444.493828
     14.842514     419.255850
     14.851334     363.638948
     14.867885     327.685417
     14.886477     364.131789
     14.897869     342.840145
     14.911782     365.803954
     14.929106     403.929376
     14.946625     322.166242
     14.963153     383.422217
     14.978128     337.892556
     14.985162     367.407545
     15.009258     354.229498
     15.020030     348.940815
     15.031127     345.440707
     15.054168     379.697300
     15.065498     408.158119
     15.077261     363.726435
     15.093606     434.705518
     15.112029     449.907186
     15.122742     378.092888
     15.141223     412.675153
     15.150882     450.946276
     15.173246     353.446625
     15.187843     369.691909
     15.203341     376.927406
     15.217217     406.664154
     15.233525     413.438530
     15.247192     393.103575
     15.256192     334.646533
     15.270480     431.092084
     15.290722     339.004813
     15.303345     386.483063
     15.318051     327.328577
     15.335102     386.357383
     15.348603     337.456877
     15.364353     306.598543
     15.382111     321.793099
     15.397987     397.216180
     15.405454     412.929923
     15.421562     393.058276
     15.443254     351.429999
     15.450884     371.314113
     15.466713     454.094415
     15.488391     490.773301
     15.501236     443.034040
     15.519852     466.489470
     15.534574     504.154689
     15.543576     426.023280
     15.562546     407.226399
     15.576122     418.928032
     15.594382     448.132166
     15.601719     341.653531
     15.617128     381.782045
     15.633258     304.885596
     15.649913     332.206441
     15.660201     372.369829
     15.675660     405.714476
     15.692206     373.471550
     15.711104     350.532024
     15.724051     410.966157
     15.735149     433.550159
     15.752742     408.511707
     15.767077     522.941902
     15.787702     512.219219
     15.797242     532.239768
     15.811937     551.898111
     15.834475     586.521250
     15.842619     649.448910
     15.859114     713.819678
     15.873318     729.004716
     15.891922     765.499618
     15.909964     792.379695
     15.923063     665.359563
     15.935438     580.964412
     15.949337     399.370985
     15.964507     369.507343
     15.979649     382.243373
     15.999255     398.661190
     16.005148     389.581460
     16.021783     354.810229
     16.044615     350.651266
     16.051803     298.807131
     16.067738     352.282686
     16.089713     287.552544
     16.103401     289.712595
     16.113499     360.895092
     16.125736     363.989167
     16.140037     355.709406
     16.162841     366.365304
     16.177265     331.447171
     16.194291     337.470798
     16.205170     325.505760
     16.215914     343.481864
     16.235766     402.680977
     16.248178     343.695924
     16.260063     345.845740
     16.280740     298.977217
     16.297978     380.583980
     16.313952     373.556932
     16.323092     348.068763
     16.340248     325.916028
     16.354209     311.428965
     16.369553     371.064495
     16.386114     307.191572
     16.400362     347.899311
     16.410663     380.253942
     16.433322     319.784726
     16.443992     320.338957
     16.460950     343.175400
     16.477522     401.758016
     16.490112     416.945022
     16.506994     389.473397
     16.522153     378.321613
     16.534389     461.755412
     16.550064     500.849565
     16.563106     479.336302
     16.582598     569.517838
     16.590410     634.222258
     16.606105     556.742563
     16.621867     514.960063
     16.637477     434.136507
     16.656832     424.632764
     16.674727     419.946670
     16.681776     391.556368
     16.697782     369.200445
     16.715474     336.435497
     16.730490     345.341788
     16.749621     369.658606
     16.759874     379.311475
     16.771164     326.288749
     16.793997     322.107411
     16.807020     310.710104
     16.823219     336.629454
     16.839221     396.730592
     16.849717     432.272168
     16.864881     389.661888
     16.881834     461.464261
     16.890239     429.766771
     16.912660     427.120727
     16.929640     477.761416
     16.943493     467.662020
     16.954500     486.749617
     16.974968     517.110850
     16.989119     373.759745
     17.003050     420.682309
     17.013417     307.457596
     17.031031     293.143611
     17.041579     238.650869
     17.059344     345.441710
     17.077424     314.136470
     17.091557     296.898895
     17.100092     276.215675
     17.117997     249.981490
     17.131255     285.627940
     17.148208     340.711038
     17.163364     283.379412
     17.182358     297.620331
     17.194141     317.837947
     17.213677     319.266412
     17.227837     331.557766
     17.239326     331.426189
     17.258580     290.692201
     17.268968     292.074525
     17.285057     341.662083
     17.300596     331.079658
     17.319926     337.019665
     17.332544     281.365437
     17.349281     259.307272
     17.364202     308.995376
     17.376065     337.189851
     17.385803     297.154802
     17.409132     313.711022
     17.423125     390.520419
     17.435554     324.302300
     17.452340     302.696260
     17.463180     302.085625
     17.484834     312.688265
     17.494675     351.302781
     17.513662     300.184368
     17.527000     312.260119
     17.535245     344.724916
     17.558676     319.852212
     17.572553     365.155299
     17.589795     377.868847
     17.599425     413.842706
     17.613357     448.096422
     17.632379     439.366269
     17.645352     418.969584
     17.660423     325.127754
     17.679944     359.638773
     17.692957     302.129464
     17.707187     301.299522
     17.724677     266.546631
     17.738936     295.476859
     17.752809     357.876216
     17.766578     339.886494
     17.777534     276.372021
     17.790627     331.010279
     17.810704     287.151244
     17.826884     310.142448
     17.838186     348.159201
     17.858187     381.545743
     17.873458     368.290939
     17.881529     335.798741
     17.896365     392.672211
     17.916394     341.920212
     17.926437     400.525470
     17.944588     346.086994
     17.963672     284.035162
     17.972390     359.120200
     17.986942     357.905694
     18.008355     294.860482
     18.020204     321.794385
     18.038777     312.222366
     18.048464     302.817664
     18.064829     284.850828
     18.076796     283.308681
     18.099864     295.103242
     18.114770     240.803165
     18.123699     240.533691
     18.139421     321.090026
     18.155445     256.477476
     18.168857     318.610603
     18.182618     286.205661
     18.196296     316.169674
     18.219551     251.194373
     18.227622     315.817360
     18.247496     313.557687
     18.255260     348.928329
     18.272405     287.281564
     18.289933     264.474384
     18.308649     284.071819
     18.323318     260.340196
     18.332323     281.065532
     18.349186     327.138480
     18.369945     236.917431
     18.382101     312.766583
     18.391700     299.465349
     18.408766     319.970774
     18.424923     299.441799
     18.440459     249.176809
     18.451386     239.315622
     18.473346     278.236494
     18.482643     223.520191
     18.495928     253.902553
     18.515384     240.904264
     18.527362     292.177666
     18.549930     294.567694
     18.562200     260.038090
     18.574479     255.602468
     18.593031     276.528610
     18.602303     316.157165
     18.622430     325.123408
     18.637441     281.579987
     18.651349     349.921014
     18.664614     279.978091
     18.678319     278.837962
     18.696965     329.267043
     18.710897     310.569347
     18.729887     352.464319
     18.739152     349.108340
     18.757097     373.870000
     18.774419     336.064235
     18.784368     401.729063
     18.803954     393.200584
     18.818787     387.799604
     18.832179     337.141639
     18.843439     433.950415
     18.856142     446.452991
     18.879231     513.147131
     18.888166     507.173160
     18.908160     401.409475
     18.922251     333.829973
     18.939216     377.123964
     18.948314     365.803042
     18.964180     298.239605
     18.978802     310.155283
     18.994506     306.478228
     19.010754     319.910975
     19.022521     320.009787
     19.044382     327.969065
     19.052744     348.745150
     19.067918     300.792028
     19.086219     291.522484
     19.095549     289.587224
     19.111796     344.210360
     19.125447     312.745011
     19.142285     342.908035
     19.157670     323.763708
     19.174210     397.404686
     19.192067     381.311658
     19.205193     352.783626
     19.217654     318.548400
     19.237241     356.900418
     19.252365     307.716333
     19.261748     370.642628
     19.284169     362.012765
     19.297941     373.042957
     19.306105     333.205399
     19.328356     283.350031
     19.343144     348.373017
     19.356556     295.779747
     19.369512     374.319734
     19.385092     355.301214
     19.403300     281.259096
     19.410705     381.887924
     19.427877     388.724292
     19.442913     432.199629
     19.457331     406.617375
     19.471773     421.434359
     19.493089     503.638212
     19.506341     441.344662
     19.522091     450.014661
     19.536108     346.142447
     19.551454     325.166236
     19.562501     329.888203
     19.582756     312.094914
     19.597434     347.573205
     19.608160     367.875188
     19.623492     295.376021
     19.641366     330.352790
     19.659257     325.992774
     19.667737     331.668613
     19.687862     264.349081
     19.698916     343.257140
     19.715352     312.915767
     19.725068     346.099451
     19.740400     258.967855
     19.764464     323.623463
     19.776754     300.745044
     19.788228     315.542105
     19.800942     317.105761
     19.820354     281.697587
     19.839664     309.168535
     19.847361     309.915883
     19.862447     377.346576
     19.884460     294.020336
     19.895715     313.513880
     19.909802     340.057055
     19.923749     310.501577
     19.943550     280.958435
     19.953775     362.840122
     19.972764     371.422224
     19.982879     335.627270
     19.998397     382.015039
     20.016566     323.325717
     20.031703     373.187238
     20.041593     327.402542
     20.062734     408.001755
     20.072176     434.054353
     20.087977     450.535329
     20.103925     386.252274
     20.118659     362.271043
     20.136776     307.558762
     20.151393     390.113576
     20.168929     326.361525
     20.181307     303.077958
     20.194672     332.264996
     20.213752     303.954398
     20.227671     295.633138
     20.240463     273.541689
     20.254112     351.544816
     20.271558     330.483725
     20.283632     318.840217
     20.297783     311.611222
     20.313423     360.623314
     20.333410     374.108841
     20.346420     356.003979
     20.356381     362.186682
     20.371334     405.740741
     20.389945     329.883639
     20.409045     376.556296
     20.423462     340.706441
     20.433468     308.581550
     20.453452     298.285973
     20.463198     251.153419
     20.476872     306.330548
     20.491366     308.605916
     20.506734     356.183130
     20.520368     357.772731
     20.535391     288.529336
     20.553987     303.149746
     20.566868     397.747643
     20.584624     341.571505
     20.596293     384.371839
     20.613867     365.157301
     20.634348     427.751072
     20.646989     429.152768
     20.658937     402.579668
     20.675538     364.327988
     20.693432     405.500594
     20.702618     313.732088
     20.716852     344.099916
     20.738170     352.594879
     20.754785     357.085203
     20.769342     353.596840
     20.778636     356.649666
     20.793994     335.373768
     20.810472     342.047928
     20.823245     388.855646
     20.840854     362.345350
     20.855031     339.215139
     20.873705     390.322552
     20.886672     450.204154
     20.898091     384.107159
     20.919691     513.993415
     20.929498     409.428574
     20.948458     501.938533
     20.961260     428.618363
     20.970223     393.126695
     20.994349     375.552455
     21.004806     295.087857
     21.021652     306.356081
     21.035131     385.778423
     21.052605     288.564728
     21.069136     301.048081
     21.079757     272.024822
     21.091548     304.350023
     21.108133     314.641365
     21.123863     340.169131
     21.137646     349.901535
     21.157473     314.709057
     21.168774     305.519140
     21.188383     316.731136
     21.195993     288.561719
     21.219499     363.572323
     21.231255     353.405939
     21.243330     354.498312
     21.264429     308.015737
     21.270728     373.590624
     21.291791     256.174988
     21.305885     359.424160
     21.319867     358.751111
     21.337325     395.745737
     21.345415     384.300474
     21.364979     345.622154
     21.381134     328.976538
     21.392964     392.150450
     21.411652     335.500218
     21.421827     404.796894
     21.437355     360.889179
     21.458528     418.310678
     21.473962     390.594973
     21.481964     419.905995
     21.503990     440.727094
     21.510537     413.281236
     21.530702     335.020474
     21.542780     385.210715
     21.564571     323.815855
     21.576323     371.074616
     21.585111     297.181047
     21.609829     335.003116
     21.620804     320.230855
     21.633685     253.145493
     21.650303     272.279450
     21.662689     371.235218
     21.684094     382.340050
     21.698202     287.809605
     21.710582     330.391318
     21.720143     321.446245
     21.735541     385.741364
     21.751834     323.671414
     21.767085     319.438265
     21.786633     331.427894
     21.802298     313.517946
     21.813865     314.784772
     21.834910     296.650172
     21.843754     319.643844
     21.862050     281.659249
     21.875782     313.560306
     21.888421     371.502122
     21.909966     352.061079
     21.922596     338.946420
     21.934568     364.942209
     21.950846     342.911735
     21.964075     305.534945
     21.980618     413.357973
     21.997902     351.361744
     22.009936     330.318824
     22.024108     402.822802
     22.039620     349.823425
     22.059233     371.258114
     22.067549     407.019097
     22.083230     353.372260
     22.098608     312.485053
     22.118821     376.757197
     22.132205     292.664587
     22.146860     304.620894
     22.155199     288.127733
     22.172491     371.731518
     22.185750     328.289378
     22.205913     443.655331
     22.218106     421.270766
     22.236389     405.951246
     22.253162     441.723481
     22.264564     429.242779
     22.281070     454.056474
     22.298935     384.455577
     22.311521     444.494351
     22.324393     452.067607
     22.335996     341.826191
     22.350380     312.088995
     22.373678     294.422929
     22.389120     378.092615
     22.395688     345.951668
     22.412362     325.940531
     22.431146     357.814602
     22.449220     346.372845
     22.461454     387.525268
     22.470536     386.393848
     22.488816     280.405889
     22.503737     298.603924
     22.521381     295.484224
     22.532870     356.273619
     22.551226     346.851694
     22.560478     292.366841
     22.580511     288.189831
     22.591610     345.246897
     22.613413     390.210641
     22.621359     365.150652
     22.640157     291.936502
     22.655749     301.665599
     22.667427     326.024340
     22.689926     334.094755
     22.701282     295.389886
     22.710029     276.917136
     22.725196     289.687009
     22.742756     299.248783
     22.761387     347.805456
     22.779448     400.919376
     22.787018     429.673433
     22.804398     323.902914
     22.817530     388.003306
     22.839853     414.855390
     22.852709     308.968102
     22.860116     290.948649
     22.876436     332.707225
     22.897585     313.401427
     22.909526     294.611352
     22.925469     360.835280
     22.939451     295.504515
     22.957361     268.845514
     22.966746     342.502201
     22.987185     311.622042
     22.998392     284.723173
     23.012051     255.612251
     23.034167     279.951503
     23.040927     276.746291
     23.061991     302.757692
     23.077181     254.864480
     23.092846     266.591602
     23.102122     287.708801
     23.116360     302.672326
     23.138336     263.369416
     23.146613     311.748628
     23.167225     253.816440
     23.178355     281.270955
     23.192676     309.313832
     23.211684     345.088861
     23.227428     328.901990
     23.242556     294.047124
     23.256209     287.239245
     23.269549     302.620200
     23.287798     341.196986
     23.303360     331.706031
     23.310279     352.048553
     23.326701     311.032309
     23.348027     378.070345
     23.360906     296.361719
     23.371088     298.950281
     23.391635     355.458060
     23.405393     346.065728
     23.422557     346.599305
     23.432286     348.776552
     23.449539     295.220608
     23.464299     353.666903
     23.477817     311.283204
     23.498349     324.393921
     23.513118     321.453392
     23.527232     304.608731
     23.539609     348.293253
     23.553405     367.755300
     23.565552     379.657546
     23.589344     357.299830
     23.601829     380.874317
     23.611074     348.589972
     23.634441     374.279452
     23.642124     349.299478
     23.657335     337.656592
     23.677294     265.669166
     23.694826     329.363350
     23.701462     334.489982
     23.715584     281.046093
     23.736862     358.514183
     23.747952     271.767448
     23.768831     370.471331
     23.780608     308.248818
     23.790532     322.927824
     23.805435     386.847687
     23.829137     397.885763
     23.838476     343.769949
     23.859142     279.700187
     23.871101     306.606007
     23.889700     347.472850
     23.899726     358.851390
     23.910272     368.159953
     23.927906     339.440626
     23.948020     299.520513
     23.959611     338.073442
     23.977239     295.506980
     23.988693     303.581954
     24.008820     293.547741
     24.017192     334.950380
     24.033462     343.985437
     24.054361     326.714237
     24.064601     399.908402
     24.076148     352.203534
     24.091202     296.276279
     24.112906     316.872197
     24.120149     293.402354
     24.142953     279.786455
     24.152943     298.295388
     24.173302     258.565153
     24.180942     254.629821
     24.204462     247.468905
     24.215799     322.098887
     24.225308     346.570221
     24.249007     325.919170
     24.262309     302.743760
     24.278288     275.342722
     24.293028     337.439311
     24.302505     287.781784
     24.324111     344.389323
     24.330430     299.861416
     24.354272     290.072207
     24.366832     271.396345
     24.383562     309.436451
     24.395814     347.940247
     24.407151     350.729467
     24.422198     307.802466
     24.444340     294.915406
     24.453329     293.062641
     24.469742     305.165033
     24.480984     335.067517
     24.498931     381.595453
     24.517045     311.286620
     24.528228     335.765418
     24.545715     291.838118
     24.564307     290.360251
     24.572520     276.123443
     24.588670     291.139511
     24.605856     320.512532
     24.615033     336.872094
     24.633430     262.147327
     24.651696     287.794118
     24.667224     269.783275
     24.675623     324.804167
     24.694099     289.085086
     24.713118     298.263562
     24.722690     385.072180
     24.738564     311.529164
     24.755542     283.179055
     24.769516     261.178025
     24.782534     320.296078
     24.795322     316.239372
     24.819247     322.943132
     24.828115     320.926266
     24.849805     358.771822
     24.861892     331.708799
     24.871446     301.921365
     24.885794     372.327243
     24.902043     309.962384
     24.920933     339.768242
     24.937989     380.870952
     24.949203     414.479049
     24.965865     396.939767
     24.980703     383.051272
     24.997188     445.315559
     25.014202     419.364119
     25.021449     441.992087
     25.043876     400.993528
     25.053644     343.750946
     25.071194     376.920030
     25.084980     394.412023
     25.102477     316.154870
     25.115418     292.001895
     25.132973     285.651395
     25.146951     349.693214
     25.164366     332.828652
     25.177692     270.643498
     25.190706     380.595953
     25.203999     400.735033
     25.221244     434.021871
     25.235097     384.462414
     25.251424     370.826650
     25.267075     323.898457
     25.284053     300.333951
     25.296588     328.266455
     25.306664     283.200483
     25.325545     352.053085
     25.340994     295.433775
     25.353234     242.778370
     25.368693     297.935444
     25.385867     288.156257
     25.403857     315.084621
     25.415168     298.232413
     25.429669     218.952159
     25.448354     283.356039
     25.463869     320.446176
     25.475857     303.607838
     25.488327     324.060368
     25.503654     260.368843
     25.518781     305.091251
     25.530703     262.967213
     25.550622     339.501209
     25.568716     308.622146
     25.577939     328.745052
     25.594274     264.234431
     25.609820     303.473546
     25.627358     297.181011
     25.640099     267.038355
     25.650286     270.575893
     25.671064     303.076371
     25.685239     305.740532
     25.698232     274.425574
     25.718677     286.340731
     25.730348     303.009476
     25.745054     348.436653
     25.763017     278.341830
     25.773573     274.939748
     25.792808     330.225861
     25.808752     286.704508
     25.823239     285.369290
     25.830469     312.510681
     25.845960     288.329727
     25.863327     265.718770
     25.883001     295.844794
     25.895491     321.413187
     25.911509     255.791184
     25.929029     270.666834
     25.936538     320.484460
     25.950835     333.903269
     25.969064     345.350721
     25.984062     305.668826
     25.997749     303.948598
     26.018193     312.351864
     26.027051     317.899349
     26.046358     329.696655
     26.061519     336.260057
     26.074683     246.612558
     26.090815     346.470157
     26.105168     258.091282
     26.117427     246.035808
     26.136279     280.250211
     26.145959     311.628161
     26.164216     350.382709
     26.180826     326.490623
     26.193479     296.737736
     26.212626     314.083939
     26.226748     364.952248
     26.242903     320.485045
     26.257593     347.059269
     26.268791     274.450680
     26.287970     308.144615
     26.295018     294.988847
     26.313195     316.514425
     26.328973     274.789303
     26.347172     324.163601
     26.364540     332.325714
     26.379615     332.145196
     26.394932     377.583828
     26.404643     293.193497
     26.422297     246.104784
     26.430625     307.974282
     26.445562     335.293834
     26.460220     294.744293
     26.476294     345.393674
     26.490871     339.400002
     26.509201     295.527629
     26.521976     360.769805
     26.536989     269.468574
     26.554102     309.889044
     26.567697     354.138084
     26.582876     385.425874
     26.601672     286.359934
     26.611981     351.474970
     26.630909     329.297461
     26.640343     356.761112
     26.663883     295.224598
     26.677150     322.965440
     26.693422     255.155669
     26.701346     327.543042
     26.718634     279.892591
     26.735696     300.283524
     26.749407     347.054394
     26.760218     245.819278
     26.778140     252.440539
     26.796741     212.504251
     26.814701     267.853294
     26.822152     237.546538
     26.841524     320.738154
     26.859310     335.652384
     26.868523     332.763440
     26.883771     322.634655
     26.901785     241.267615
     26.917922     275.975780
     26.931137     337.711853
     26.941802     362.644556
     26.964590     283.519394
     26.977192     278.822011
     26.994528     276.106758
     27.002209     269.191501
     27.016762     362.460931
     27.039796     324.977116
     27.048832     304.073841
     27.062221     343.796670
     27.083982     341.040538
     27.099022     330.868324
     27.106055     277.433112
     27.129624     366.747410
     27.138417     355.225278
     27.156522     334.782552
     27.173360     270.570647
     27.181586     271.218649
     27.201977     285.338696
     27.213134     310.028087
     27.229002     371.732176
     27.242314     333.112152
     27.257607     361.549808
     27.276456     289.091906
     27.294656     288.296343
     27.309646     281.799390
     27.320274     280.530248
     27.337666     312.059686
     27.354008     284.071676
     27.362767     341.710780
     27.383862     351.828166
     27.393893     281.844538
     27.410563     282.368267
     27.428173     272.921569
     27.435816     272.219710
     27.457339     301.152836
     27.468431     335.977169
     27.485084     269.370686
     27.497700     281.815320
     27.511920     306.302762
     27.532364     285.509843
     27.546698     310.168642
     27.561132     312.855565
     27.572561     258.375688
     27.591083     372.963695
     27.600183     270.718979
     27.621179     269.134735
     27.631901     337.448068
     27.648688     254.836282
     27.665701     311.046961
     27.681314     354.289075
     27.698224     299.802241
     27.709945     374.038795
     27.724103     303.796133
     27.735859     325.140434
     27.750049     355.462940
     27.769058     338.976556
     27.787981     280.511431
     27.799936     332.575486
     27.814442     279.636874
     27.834460     306.270451
     27.846426     285.430514
     27.861010     336.856766
     27.879744     305.455482
     27.889002     327.303651
     27.906536     343.254145
     27.915497     351.717043
     27.936308     348.239201
     27.953319     316.089851
     27.965715     295.489932
     27.983770     318.587119
     27.995721     311.971260
     28.008893     327.159514
     28.025470     354.975630
     28.042529     323.798764
     28.050047     378.019749
     28.067771     256.013767
     28.085328     331.091695
     28.104078     322.804813
     28.118072     300.687264
     28.128556     291.108130
     28.145286     287.783028
     28.160618     301.394539
     28.177849     343.800145
     28.187908     314.963590
     28.204981     240.996275
     28.219547     327.083954
     28.232825     278.591314
     28.251028     294.039495
     28.266533     327.010716
     28.278801     308.831522
     28.299951     289.952364
     28.306883     257.210790
     28.325645     270.575553
     28.341170     297.703393
     28.354350     270.085479
     28.366925     320.708376
     28.388964     308.548009
     28.403880     341.310491
     28.416853     397.407238
     28.425827     303.523493
     28.448138     373.167238
     28.457555     389.576585
     28.474070     416.294560
     28.487508     336.282192
     28.506235     349.462490
     28.519393     377.339052
     28.532484     408.186090
     28.550604     443.196160
     28.567606     409.810318
     28.575413     404.043778
     28.593152     400.496821
     28.609942     391.252413
     28.628960     397.337599
     28.635632     363.616531
     28.651677     334.870249
     28.666561     335.604027
     28.685191     306.324680
     28.703246     327.241606
     28.713016     366.854007
     28.729755     335.132521
     28.748456     328.015621
     28.762780     360.589399
     28.770437     309.725762
     28.787279     363.863264
     28.808742     259.032268
     28.822377     323.581112
     28.831683     274.538272
     28.848075     376.433322
     28.866464     303.407773
     28.878031     315.250887
     28.894595     384.741364
     28.911952     323.935413
     28.927264     310.803151
     28.941704     358.195265
     28.952386     317.318198
     28.968026     397.462202
     28.981551     338.348999
     29.002431     337.999602
     29.011388     361.819888
     29.033986     357.903029
     29.040756     279.607522
     29.059960     367.456869
     29.079338     311.692913
     29.094833     312.787639
     29.101277     338.068272
     29.124505     376.834609
     29.130826     338.697914
     29.153671     321.547933
     29.161687     305.465233
     29.182252     312.170337
     29.192531     280.053411
     29.210511     352.751565
     29.221999     306.749995
     29.238618     281.249241
     29.256269     264.946168
     29.267861     333.778792
     29.286016     331.217529
     29.300784     258.670378
     29.316915     261.850538
     29.331064     251.215529
     29.344349     332.814010
     29.363539     278.863270
     29.371116     268.721644
     29.390535     285.800087
     29.404712     315.991764
     29.415027     305.111972
     29.432197     247.105575
     29.453907     280.438336
     29.463625     261.179735
     29.479106     318.731817
     29.495427     322.811089
     29.507596     306.045778
     29.521727     282.280600
     29.536003     339.194505
     29.552013     257.003927
     29.567080     326.887661
     29.589457     354.865896
     29.595099     296.007568
     29.612791     311.802798
     29.626827     279.230305
     29.645105     322.794819
     29.662782     320.973433
     29.677341     291.475405
     29.694708     279.484317
     29.705820     259.161104
     29.716873     286.907850
     29.735776     325.438217
     29.751818     318.283754
     29.766614     275.813508
     29.783776     316.644885
     29.793906     291.107700
     29.806497     243.958820
     29.825333     324.741091
     29.844900     319.781229
     29.853336     261.649841
     29.868126     220.553945
     29.883909     294.798919
     29.899845     259.143410
     29.917345     320.682596
     29.925190     281.763653
     29.942872     279.089976
     29.957478     305.466610
     29.979817     314.431244
     29.992851     321.162115
     30.002097     340.838816
     30.020755     298.486467
     30.038133     340.076944
     30.052717     256.114064
     30.064746     230.365641
     30.077463     292.679098
     30.098159     255.518441
     30.108070     272.563512
     30.128600     245.104359
     30.144207     242.151188
     30.158331     262.900522
     30.173050     301.220956
     30.185773     274.093269
     30.197241     261.788988
     30.217692     276.742959
     30.230649     293.645955
     30.248605     249.855272
     30.255576     340.346925
     30.270633     326.229622
     30.293169     295.286505
     30.300309     280.861271
     30.320915     233.181934
     30.336114     280.880164
     30.347411     286.079827
     30.365477     335.727624
     30.382489     308.532239
     30.391587     258.848008
     30.408929     249.974540
     30.428426     281.882377
     30.437949     297.942990
     30.458259     331.883726
     30.467884     268.348488
     30.486888     306.034254
     30.500816     260.931451
     30.513451     345.741405
     30.526065     309.915008
     30.542766     276.068738
     30.562299     322.874480
     30.572106     347.372040
     30.588428     350.304444
     30.601994     221.109308
     30.621854     303.566711
     30.631541     263.696942
     30.654491     277.529945
     30.667093     267.559587
     30.680175     284.329630
     30.697360     308.049136
     30.713909     282.126766
     30.721098     340.521923
     30.744350     312.175103
     30.757747     272.514035
     30.767710     331.468301
     30.785898     306.213677
     30.801890     347.522707
     30.818792     263.290908
     30.833317     265.306114
     30.843127     273.050071
     30.855248     226.262135
     30.876414     296.004927
     30.887776     303.414270
     30.909331     333.197259
     30.918394     286.662643
     30.930308     283.599231
     30.951359     253.081821
     30.961561     327.221609
     30.978651     272.543512
     30.990999     291.582475
     31.012482     329.131202
     31.023730     314.303690
     31.038625     304.635034
     31.054932     320.247746
     31.067801     260.232139
     31.080630     320.740831
     31.104528     317.008052
     31.112664     251.713960
     31.129498     261.733255
     31.140778     318.421502
     31.160673     303.042990
     31.173548     261.483760
     31.188628     353.588904
     31.202969     305.500408
     31.217106     315.135036
     31.234810     299.692486
     31.251267     330.760621
     31.267368     306.140095
     31.280218     315.115981
     31.290821     236.887123
     31.313592     254.277944
     31.323794     338.549507
     31.342097     276.691630
     31.350682     303.641185
     31.370009     282.569180
     31.383117     308.609486
     31.397993     225.238111
     31.412226     315.273827
     31.427045     309.524288
     31.447719     336.387464
     31.462636     256.551259
     31.476683     306.011619
     31.486557     241.441851
     31.507897     270.308259
     31.521667     299.824658
     31.537482     304.954191
     31.552774     300.931857
     31.565382     299.987681
     31.579198     319.784048
     31.599615     290.387417
     31.608828     266.267280
     31.620270     306.517576
     31.642386     272.716666
     31.651928     271.006260
     31.673448     329.926418
     31.684642     260.783292
     31.698794     216.875829
     31.711744     247.540198
     31.734725     302.700727
     31.749220     333.369628
     31.758471     261.089285
     31.778207     255.300193
     31.791402     260.937873
     31.807079     237.348878
     31.817365     270.397263
     31.833891     249.840354
     31.849150     315.228247
     31.863839     304.300813
     31.879024     274.540413
     31.896335     237.472218
     31.909359     285.012044
     31.926123     273.344277
     31.935025     316.032599
     31.950688     267.958563
     31.974773     287.035623
     31.980687     286.791290
     32.004021     272.781269
     32.018309     343.600936
     32.026445     329.315373
     32.049181     307.963148
     32.059775     275.175740
     32.076432     288.377887
     32.088452     311.748381
     32.104268     277.920732
     32.116354     353.318865
     32.133187     332.788455
     32.152009     265.915279
     32.168500     272.895387
     32.184601     349.430431
     32.192363     328.334180
     32.211348     307.838469
     32.224622     284.732609
     32.242394     288.049504
     32.257364     270.083661
     32.272861     299.281381
     32.287607     318.594249
     32.302760     255.067507
     32.315736     292.104495
     32.334106     243.384119
     32.344199     266.056300
     32.360246     294.145170
     32.378635     292.817685
     32.388827     311.418822
     32.403559     241.990067
     32.415219     235.400624
     32.434879     291.806937
     32.449489     301.352071
     32.462619     331.098666
     32.482475     252.919378
     32.492228     210.421095
     32.513784     274.311681
     32.525937     332.614005
     32.542357     321.030494
     32.556691     255.091624
     32.574972     277.337437
     32.587592     319.803213
     32.604232     344.042507
     32.611572     308.106773
     32.627827     338.510421
     32.646626     316.071896
     32.655893     313.769055
     32.677457     320.772737
     32.689846     320.647939
     32.708990     266.307871
     32.715099     336.565269
     32.733781     230.642760
     32.750241     259.470597
     32.762942     256.818546
     32.780840     322.765257
     32.790571     273.990777
     32.813026     294.679757
     32.827647     312.392317
     32.838503     312.654190
     32.857650     252.296174
     32.872142     300.931388
     32.881956     234.284496
     32.904545     284.836417
     32.918734     294.509648
     32.930575     329.098818
     32.948591     288.909140
     32.964029     300.429050
     32.979592     316.842050
     32.991259     325.514260
     33.000616     278.238950
     33.019066     253.534856
     33.037044     266.311792
     33.052184     295.991180
     33.066074     300.794935
     33.081167     320.555177
     33.094556     248.723837
     33.111898     319.215454
     33.123497     335.273633
     33.143445     294.156613
     33.152211     291.847802
     33.170685     310.167054
     33.186580     250.095998
     33.197216     199.497268
     33.215595     266.801623
     33.227936     248.729576
     33.245469     305.666864
     33.259648     249.528554
     33.279848     246.285651
     33.290927     295.830487
     33.308350     286.230103
     33.317989     231.159770
     33.339990     224.270129
     33.352851     297.746548
     33.362761     225.756495
     33.379550     324.231872
     33.398692     223.354919
     33.406457     288.551979
     33.428782     281.146068
     33.444883     260.005288
     33.459611     223.073796
     33.466917     278.445526
     33.486889     265.580872
     33.501112     248.445724
     33.513049     229.364442
     33.526347     314.747966
     33.542998     288.824526
     33.560051     212.197223
     33.577055     295.185250
     33.585405     243.163102
     33.608165     309.008904
     33.622864     260.103277
     33.632084     314.712482
     33.647038     313.514249
     33.667735     267.407321
     33.676656     234.540914
     33.698598     251.525609
     33.713573     306.752578
     33.729415     273.725241
     33.740611     315.596290
     33.750344     256.299083
     33.771432     254.437870
     33.787886     256.979615
     33.799414     282.483490
     33.816360     220.480899
     33.832420     253.194087
     33.843400     275.954538
     33.860323     291.514083
     33.872604     224.267298
     33.888074     296.766109
     33.902909     245.145809
     33.917027     273.219364
     33.937013     273.059556
     33.947889     264.660601
     33.964676     255.441168
     33.982693     285.304604
     33.990274     294.217421
     34.005691     294.692477
     34.021904     282.422823
     34.037948     297.132759
     34.058470     263.125179
     34.068411     344.783183
     34.082134     319.279203
     34.100513     245.618700
     34.119940     320.158091
     34.132434     334.721339
     34.147264     246.107363
     34.163728     269.672267
     34.173017     257.888841
     34.185187     271.299429
     34.203290     323.072745
     34.215758     297.379602
     34.239669     247.806818
     34.245739     237.824813
     34.264956     283.940804
     34.278766     315.199479
     34.293108     288.896279
     34.305137     307.871083
     34.327518     277.879467
     34.336536     263.062309
     34.351342     304.358084
     34.368819     226.019539
     34.382263     254.677909
     34.402606     301.517138
     34.414020     285.882576
     34.426128     247.625291
     34.445047     312.107859
     34.464729     295.335162
     34.473700     257.277643
     34.494197     272.976993
     34.506571     301.953380
     34.521669     242.689729
     34.531287     288.272927
     34.550246     240.930449
     34.561539     266.758043
     34.579782     315.977315
     34.591002     285.933220
     34.607373     312.210793
     34.620525     313.023148
     34.635875     247.248640
     34.657426     295.527269
     34.667590     272.413149
     34.687861     239.719716
     34.700785     324.680106
     34.714572     324.549052
     34.733493     320.513180
     34.743215     301.975533
     34.757316     289.184961
     34.772070     324.585083
     34.790235     315.857815
     34.800912     248.426965
     34.815336     267.685126
     34.836021     248.529606
     34.847166     260.427594
     34.864638     334.165150
     34.884745     276.895468
     34.891719     230.713255
     34.912397     252.055772
     34.922781     255.856708
     34.935256     205.303270
     34.954444     249.295438
     34.967379     312.103278
     34.989943     326.349555
     35.002945     212.618108
     35.010045     222.396916
     35.033340     262.208520
     35.042615     277.722996
     35.056619     283.679258
     35.078067     209.126221
     35.094139     321.584141
     35.101563     253.992432
     35.123227     223.602078
     35.131815     265.923571
     35.150618     266.058663
     35.164403     213.748938
     35.176781     235.473208
     35.192897     283.569300
     35.206312     249.778721
     35.226273     264.648206
     35.244910     258.279245
     35.253367     194.774177
     35.272517     310.065952
     35.281581     283.392068
     35.299847     179.159126
     35.315398     243.899537
     35.326837     227.043669
     35.344186     245.331814
     35.356616     322.615334
     35.379564     235.843470
     35.386797     225.849816
     35.404313     212.747106
     35.416098     244.183388
     35.431222     239.525797
     35.446482     267.796981
     35.467347     242.741996
     35.481989     270.020052
     35.497164     228.093504
     35.506108     256.448325
     35.529934     297.342274
     35.542977     276.178303
     35.557194     222.027112
     35.570027     243.519775
     35.587575     229.178364
     35.600735     283.235219
     35.613963     275.400919
     35.634284     199.222595
     35.645692     237.333629
     35.657835     246.674475
     35.672525     213.048762
     35.685998     247.412145
     35.700856     256.991543
     35.718705     267.261559
     35.731833     269.128330
     35.747614     269.239003
     35.761754     226.097299
     35.782115     278.851388
     35.797445     251.875318
     35.806352     214.332788
     35.828971     239.264700
     35.844252     311.587170
     35.850749     226.252491
     35.866938     197.405063
     35.888111     267.641495
     35.897031     205.567724
     35.914695     271.839623
     35.931998     297.752524
     35.946519     254.619301
     35.961432     252.658184
     35.976979     260.204956
     35.987402     232.247919
     36.002996     237.006202
     36.016033     252.079217
     36.036941     183.803465
     36.047148     256.690218
     36.060158     240.770476
     36.080861     259.530307
     36.096541     293.424905
     36.105281     254.094800
     36.121320     313.319839
     36.142875     262.796523
     36.153137     310.458302
     36.168300     234.465210
     36.189874     276.920841
     36.197140     216.266726
     36.215784     302.390574
     36.228748     272.093098
     36.249953     243.555391
     36.260898     286.680148
     36.279638     243.022892
     36.291966     207.343445
     36.302712     238.597721
     36.317566     295.756803
     36.337637     262.884627
     36.348155     292.424191
     36.367833     238.758188
     36.376956     245.706949
     36.399800     203.589491
     36.411673     299.395309
     36.429353     262.102359
     36.443616     247.024439
     36.455821     234.708102
     36.465055     290.024949
     36.489032     258.646521
     36.504673     298.972202
     36.516375     242.574329
     36.529472     221.435168
     36.544983     276.789072
     36.558229     255.760538
     36.575112     277.375610
     36.585476     271.212425
     36.607747     226.985776
     36.622937     268.655066
     36.636065     229.319062
     36.651573     263.717684
     36.667917     246.591706
     36.677708     301.281154
     36.694823     280.257143
     36.708948     283.109847
     36.726851     263.615398
     36.736245     291.053369
     36.758618     286.459518
     36.770341     264.277479
     36.789154     297.408863
     36.795586     229.353408
     36.817861     251.312874
     36.825193     261.736030
     36.845561     304.143884
     36.864495     208.306501
     36.876633     334.177495
     36.886240     232.120773
     36.900041     228.937043
     36.923438     292.413685
     36.939252     233.093319
     36.952501     274.174445
     36.968560     255.117549
     36.977545     293.635249
     36.991121     268.679823
     37.006943     202.693859
     37.022653     245.385804
     37.041292     226.977543
     37.055733     185.493236
     37.065105     221.192758
     37.088363     255.421237
     37.103644     230.842503
     37.117839     283.591403
     37.129105     269.809402
     37.149823     275.335360
     37.163853     313.025083
     37.179630     225.345041
     37.194021     234.632748
     37.205804     256.368601
     37.222718     321.850233
     37.239601     289.139818
     37.249592     262.690275
     37.263376     330.620015
     37.282281     279.024958
     37.293697     291.260238
     37.310639     277.465540
     37.324808     329.585504
     37.336546     323.313665
     37.352747     255.299889
     37.372078     243.988135
     37.381458     302.673474
     37.397505     225.346705
     37.419556     280.042653
     37.426863     194.616395
     37.441275     234.778498
     37.459446     243.624968
     37.479401     227.541007
     37.488321     227.706262
     37.506377     203.023497
     37.515695     203.540957
     37.535556     255.396064
     37.549534     263.942670
     37.560939     211.514349
     37.578019     273.672128
     37.592479     265.378148
     37.608232     289.432442
     37.624450     287.389433
     37.643104     263.387764
     37.657635     196.708906
     37.667922     227.076236
     37.686563     296.320978
     37.699916     273.829873
     37.716807     214.980563
     37.734895     317.615535
     37.746835     291.171477
     37.764738     246.569150
     37.771764     239.489041
     37.793183     273.108547
     37.809640     205.198806
     37.818126     292.883514
     37.834672     266.430221
     37.851389     204.076283
     37.868853     287.845283
     37.878896     216.373636
     37.897943     240.450212
     37.907814     266.869144
     37.921573     173.076913
     37.942017     288.095340
     37.951167     217.552008
     37.974929     228.323664
     37.984919     219.094327
     37.997750     294.706170
     38.018949     212.422640
     38.025872     276.831185
     38.046521     211.304365
     38.059983     257.742707
     38.076785     278.673894
     38.094368     173.176022
     38.105786     225.307909
     38.118293     251.632618
     38.130323     241.941172
     38.151837     275.199147
     38.162263     232.003152
     38.180307     251.695289
     38.194993     280.815909
     38.211863     194.158942
     38.224992     204.719930
     38.235084     295.180780
     38.254253     229.077127
     38.269411     210.308290
     38.287032     234.331788
     38.301720     227.468624
     38.317539     277.986522
     38.328919     205.076023
     38.344242     280.410025
     38.358640     228.694066
     38.375611     213.993071
     38.388814     281.099428
     38.405475     235.350764
     38.418385     223.575043
     38.433918     264.356043
     38.448237     256.403141
     38.469657     258.267751
     38.478665     221.528249
     38.490165     257.431723
     38.510818     205.938338
     38.521804     275.937234
     38.537923     201.915511
     38.552000     193.010223
     38.567541     262.567793
     38.588699     297.098578
     38.603358     246.796451
     38.614011     293.308927
     38.629497     197.140932
     38.648382     278.747914
     38.663709     197.145873
     38.674017     244.370771
     38.689605     250.013589
     38.708139     179.296974
     38.721536     206.095588
     38.738288     250.073632
     38.749310     281.831526
     38.765128     228.582844
     38.775173     281.192083
     38.794512     250.336813
     38.806125     220.315772
     38.828028     263.226870
     38.838957     195.958386
     38.852091     218.136741
     38.865172     267.863199
     38.881553     248.334074
     38.901665     286.041995
     38.919310     223.412576
     38.931466     244.578085
     38.942169     260.010323
     38.960842     244.454468
     38.976267     272.299343
     38.986443     279.156295
     39.005808     271.726263
     39.023075     199.050698
     39.032619     289.677063
     39.047538     233.326244
     39.067263     252.859657
     39.080788     216.257833
     39.098394     285.201329
     39.107156     224.963580
     39.128878     193.749520
     39.137526     282.105563
     39.152294     248.848006
     39.166191     259.044465
     39.180123     240.458850
     39.196889     276.254746
     39.212562     220.380836
     39.226601     212.923113
     39.245069     269.693020
     39.260035     279.138397
     39.275953     239.284231
     39.285623     260.598352
     39.308009     235.811953
     39.315111     279.288910
     39.332641     269.115869
     39.351625     263.562765
     39.364630     191.233789
     39.383734     242.970806
     39.395555     247.274489
     39.405071     205.465390
     39.421410     281.847956
     39.441813     233.732209
     39.453588     233.396974
     39.468013     257.014961
     39.484282     260.402339
     39.497023     246.012019
     39.513224     281.347972
     39.533466     236.566097
     39.544843     268.395565
     39.558018     207.412942
     39.571870     253.377672
     39.590089     211.892253
     39.608071     210.654668
     39.624726     272.309968
     39.630116     216.590313
     39.645663     185.504957
     39.662091     302.578668
     39.683795     266.005057
     39.696157     208.326862
     39.711109     286.999061
     39.725846     275.604178
     39.737506     254.812589
     39.758429     303.840893
     39.769724     275.445863
     39.782026     285.825421
     39.802854     290.277991
     39.813897     265.433283
     39.825955     282.919844
     39.849391     213.433449
     39.860691     258.064379
     39.879610     278.064415
     39.885338     261.111363
     39.903891     198.337158
     39.915345     241.403781
     39.931672     235.889153
     39.950025     207.307917
     39.961038     251.313930
     39.979018     228.568635
     39.999770     302.964098
     40.005535     231.880607
     40.021477     273.083474
     40.040220     237.328125
     40.058328     203.272922
     40.071185     256.723843
     40.084693     234.152522
     40.101963     204.798090
     40.110182     303.482727
     40.125330     199.731985
     40.142534     202.638764
     40.164671     264.308988
     40.174954     269.923974
     40.190706     324.210986
     40.207606     254.363162
     40.221279     262.996921
     40.237351     221.963966
     40.254331     200.723355
     40.268221     291.813743
     40.281876     228.194955
     40.297839     277.118887
     40.310602     281.426154
     40.324017     289.238380
     40.339465     277.530328
     40.358125     210.996277
     40.368525     187.439991
     40.381565     180.763280
     40.400812     196.466816
     40.412812     236.186044
     40.433619     237.471911
     40.444008     196.319806
     40.456707     251.486110
     40.477695     285.129441
     40.494359     255.142503
     40.508657     255.113849
     40.519507     204.100858
     40.539186     238.320978
     40.545218     252.562882
     40.560961     271.387817
     40.577542     294.198891
     40.596628     193.232782
     40.605058     312.620555
     40.624145     250.239596
     40.639825     250.093417
     40.650529     287.019835
     40.668284     293.358053
     40.684933     210.435127
     40.697516     220.417375
     40.714198     244.293704
     40.725622     223.370819
     40.749785     260.431750
     40.760708     264.588657
     40.775448     267.711789
     40.787134     217.412477
     40.805732     273.847413
     40.820046     257.880952
     40.831322     274.620272
     40.849331     243.694273
     40.867877     255.257111
     40.883145     287.991774
     40.891689     221.299072
     40.912273     265.704078
     40.928477     227.921889
     40.937899     234.944793
     40.956676     219.533871
     40.967073     232.820705
     40.982019     242.527727
     41.002882     242.842020
     41.012157     218.637054
     41.032800     253.095302
     41.044891     206.986357
     41.058566     278.437253
     41.073383     298.348494
     41.089721     269.827901
     41.100488     252.199144
     41.120435     299.509941
     41.139428     214.592937
     41.153616     204.895567
     41.161422     256.038340
     41.176011     259.155678
     41.196615     257.791523
     41.205074     286.110163
     41.220368     282.278859
     41.235556     268.983500
     41.259526     266.446867
     41.273954     201.548399
     41.289508     280.337595
     41.303515     242.325125
     41.316462     282.829931
     41.328789     258.544575
     41.347291     211.471705
     41.362966     227.742589
     41.371797     226.925948
     41.386977     272.737575
     41.404081     278.249846
     41.415108     239.254940
     41.439486     248.079619
     41.449955     233.910348
     41.466853     285.474606
     41.483162     205.385861
     41.496457     246.215911
     41.511121     211.202534
     41.529242     293.610372
     41.537034     254.973025
     41.553886     233.394589
     41.572157     219.695946
     41.587346     292.683299
     41.596156     247.501906
     41.618226     224.089140
     41.628339     201.400172
     41.642880     195.501236
     41.657216     277.510343
     41.671958     279.250788
     41.687430     197.749148
     41.707529     233.752096
     41.716741     171.696086
     41.731318     242.375524
     41.753001     235.007752
     41.761685     228.777854
     41.775620     275.893887
     41.792990     221.574898
     41.811916     269.957114
     41.826948     290.091309
     41.844153     249.163268
     41.850518     308.735641
     41.869618     206.131351
     41.884436     237.367618
