      2.003279     -32.881430
      2.016932       4.742638
      2.029464      35.590719
      2.048858      32.635507
      2.064779     -31.759082
      2.077452     -17.816795
      2.086321       0.834258
      2.102382      71.394984
      2.117537      -8.366445
      2.137794      17.655767
      2.151389      34.251646
      2.166453      55.296123
      2.180765      64.605825
      2.190851      67.678332
      2.206735      41.775215
      2.222410     136.478366
      2.235628      80.870654
      2.256604     159.584380
      2.268582     201.900277
      2.283391     229.696944
      2.303532     244.353862
      2.317002     250.171329
      2.331301     281.045339
      2.348948     347.350032
      2.364044     370.328302
      2.375565     382.009527
      2.388041     459.762166
      2.401584     374.450964
      2.424848     461.000679
      2.439049     491.342220
      2.454840     454.588758
      2.461581     484.627907
      2.481624     457.371328
      2.498105     497.678974
      2.505129     590.611220
      2.526253     502.934818
      2.540784     585.454456
      2.558519     511.896215
      2.572502     523.900676
      2.582695     558.525256
      2.600874     538.724140
      2.610556     567.621885
      2.631725     626.031799
      2.641654     579.450897
      2.655654     590.557846
      2.671053     577.205394
      2.691122     670.816180
      2.703144     649.451994
      2.716652     603.696420
      2.730530     694.871738
      2.749534     648.025905
      2.760019     708.557740
      2.777473     711.534302
      2.799756     730.427064
      2.810598     796.995771
      2.827551     753.416745
      2.843940     784.397347
      2.855614     810.507227
      2.870681     779.004898
      2.889519     853.715513
      2.895112     838.170415
      2.919706     861.307296
      2.931145     941.914211
      2.946743     980.267993
      2.958622     930.875418
      2.974542     877.711396
      2.994224    1026.105428
      3.005902     999.455052
      3.016875    1003.649887
      3.033003    1059.055057
      3.045538    1086.418045
      3.060458    1132.035435
      3.084525    1271.423825
      3.092745    1225.322810
      3.114105    1243.029292
      3.123323    1244.280130
      3.136868    1439.515558
      3.158430    1462.851331
      3.167997    1479.194768
      3.187951    1529.997306
      3.198579    1714.962511
      3.219549    1854.507604
      3.229113    1949.541772
      3.241649    2067.875320
      3.264505    2130.728836
      3.270716    2369.420696
      3.286469    2605.359881
      3.305941    2940.213134
      3.324342    3268.680142
      3.338802    3997.830956
      3.353214    4657.167858
      3.367925    4907.555624
      3.381735    4098.709897
      3.396910    2154.911714
      3.407160    1000.273018
      3.428432     667.699706
      3.444642     567.191611
      3.451489     469.105031
      3.473614     433.701794
      3.484195     398.923764
      3.498423     437.688866
      3.511440     382.769368
      3.525212     359.770320
      3.549119     347.337042
      3.555194     327.698080
      3.570604     341.388140
      3.585682     307.558060
      3.606084     357.433322
      3.622579     306.530316
      3.631435     337.670200
      3.648416     322.274654
      3.666197     347.129774
      3.679714     353.256202
      3.695720     365.942218
      3.708283     370.010786
      3.724557     365.830742
      3.738500     374.694058
      3.759227     319.962210
      3.773701     374.525794
      3.784926     273.868735
      3.800583     326.595013
      3.818181     323.247696
      3.834146     319.936110
      3.848783     279.339181
      3.860741     288.996839
      3.876053     351.535214
      3.894188     248.355543
      3.904099     320.736792
      3.922030     358.983664
      3.938699     264.898293
      3.953657     302.615260
      3.968327     290.831057
      3.983096     340.091500
      3.994075     398.189521
      4.013724     325.214092
      4.027462     360.139986
      4.036102     356.329077
      4.059842     326.190604
      4.066498     370.619108
      4.082103     383.751557
      4.099876     306.647432
      4.112800     397.550611
      4.128897     343.083355
      4.147427     355.718980
      4.157488     352.517287
      4.173888     399.026681
      4.186540     320.454499
      4.208698     313.220027
      4.220804     353.252087
      4.231396     396.957754
      4.252957     367.807511
      4.262929     401.402485
      4.284435     394.289279
      4.299269     381.149255
      4.312039     441.921968
      4.326951     438.970098
      4.344701     371.105076
      4.358346     431.826471
      4.371743     426.899883
      4.382268     460.937210
      4.402185     471.210517
      4.410588     450.313674
      4.426653     453.744470
      4.444738     443.947163
      4.460516     518.251756
      4.471382     500.949166
      4.489244     513.555406
      4.503259     486.996618
      4.515369     448.597323
      4.537758     574.782870
      4.553254     574.339011
      4.564939     564.386430
      4.579896     667.660591
      4.591840     591.644749
      4.608028     653.800131
      4.626760     688.098548
      4.640578     733.561021
      4.657617     756.409050
      4.673200     823.378799
      4.686136     931.173770
      4.701659     921.423942
      4.715422    1129.849712
      4.734930    1197.363751
      4.746090    1377.737129
      4.764996    1614.155738
      4.770039    1551.977712
      4.791158    1055.221003
      4.808857     642.577409
      4.822775     460.695553
      4.839365     469.178394
      4.851491     341.207550
      4.864493     374.041666
      4.882603     379.225544
      4.900000     391.419092
      4.908342     371.941913
      4.928304     377.770785
      4.937300     413.058612
      4.958480     358.702740
      4.972509     432.507957
      4.986915     443.544971
      4.999930     430.814113
      5.019048     408.526084
      5.033786     431.241219
      5.046985     349.396798
      5.056817     380.950170
      5.071103     459.882032
      5.087474     443.999404
      5.104747     475.188397
      5.123153     451.780895
      5.131048     441.372077
      5.152042     435.889731
      5.165238     442.210930
      5.177369     377.064192
      5.199941     363.026543
      5.207526     437.983834
      5.223073     457.669877
      5.237211     394.960393
      5.259161     392.968885
      5.267372     425.569485
      5.283203     549.937022
      5.298105     530.543423
      5.318354     426.177004
      5.327606     510.598682
      5.348184     520.835639
      5.361938     447.977266
      5.374734     522.794148
      5.390207     490.816459
      5.400674     562.786555
      5.416533     476.885065
      5.433457     552.504783
      5.452390     543.962906
      5.462380     637.413819
      5.481964     624.780417
      5.490176     614.802243
      5.511744     546.552645
      5.521821     663.913184
      5.541876     649.905321
      5.551216     661.408929
      5.568728     718.134258
      5.583359     793.748032
      5.599802     821.220932
      5.611727     834.177179
      5.628404     873.888141
      5.649292     926.306954
      5.661377     892.622494
      5.671259    1066.846086
      5.690825    1059.905412
      5.701086     978.332912
      5.717518    1144.129551
      5.738157    1230.590991
      5.753767    1425.257234
      5.769440    1492.946436
      5.782488    1709.734058
      5.790919    1935.356154
      5.806970    2311.034906
      5.829698    2805.764501
      5.835153    3059.705870
      5.853660    2492.515152
      5.871097    1614.805559
      5.889222     906.234480
      5.898870     633.149557
      5.915634     534.301002
      5.928611     485.927014
      5.941037     375.137330
      5.955995     425.764887
      5.977959     411.492843
      5.985272     379.331445
      6.005997     401.069147
      6.015945     420.581363
      6.033598     352.935579
      6.050982     328.148445
      6.062835     410.357978
      6.081281     352.429185
      6.092427     402.005152
      6.111704     345.725859
      6.126368     374.962918
      6.140874     366.083959
      6.158507     377.067566
      6.166984     468.728991
      6.181595     399.151763
      6.200004     444.167881
      6.214111     406.996153
      6.226396     351.131422
      6.241226     372.005047
      6.259595     444.631128
      6.277664     416.106702
      6.294654     438.594839
      6.305309     412.193750
      6.316754     431.614456
      6.339052     429.952923
      6.350691     378.932989
      6.361525     381.409506
      6.378891     468.492943
      6.396249     422.028751
      6.409036     383.035003
      6.420476     433.155430
      6.437864     420.001630
      6.458265     466.661107
      6.472803     449.873388
      6.486233     438.323397
      6.495435     475.197431
      6.517031     464.888553
      6.529433     428.780079
      6.543398     510.748958
      6.558461     474.501983
      6.574454     444.636322
      6.589934     466.618204
      6.603473     586.349905
      6.618538     596.334023
      6.634866     584.193435
      6.651679     609.625570
      6.660436     698.861375
      6.680553     670.973691
      6.693936     755.244093
      6.706193     787.232887
      6.724483     979.320806
      6.737310    1047.718303
      6.753108    1034.136590
      6.765953     830.883096
      6.788605     608.863154
      6.796487     503.379706
      6.814004     430.867281
      6.826106     389.224042
      6.844335     365.524464
      6.860529     401.350850
      6.877841     416.397890
      6.893348     423.788383
      6.906618     434.083110
      6.922305     430.852224
      6.935863     388.918433
      6.953268     493.372437
      6.967459     384.463015
      6.977080     381.405292
      6.992331     388.879998
      7.012146     348.322188
      7.022759     430.687389
      7.037390     361.241360
      7.050525     376.623847
      7.068562     426.525256
      7.082639     380.467837
      7.097756     425.282847
      7.117901     475.197106
      7.132592     415.992405
      7.147495     379.550582
      7.162560     462.289465
      7.178361     459.496676
      7.191462     458.091845
      7.200841     498.164301
      7.223810     498.931016
      7.234374     487.144185
      7.250921     511.420825
      7.267886     442.696776
      7.278178     456.928334
      7.290506     502.653693
      7.311064     477.980083
      7.320202     555.707729
      7.341828     584.839160
      7.353303     626.746982
      7.373921     562.989184
      7.387950     585.346524
      7.395504     672.678096
      7.412007     648.984421
      7.429670     771.470866
      7.447166     711.457067
      7.456646     859.110995
      7.476985     923.403646
      7.486842     993.153196
      7.503485    1071.786099
      7.522978    1240.933702
      7.531584    1398.507552
      7.551155    1541.568173
      7.564179    1259.548117
      7.576363     925.773341
      7.598442     618.468973
      7.611419     515.980415
      7.625834     502.757273
      7.637482     468.063410
      7.653768     405.783434
      7.666655     451.919269
      7.683101     452.369771
      7.702111     442.179401
      7.716267     452.558515
      7.725026     487.767024
      7.744077     528.245864
      7.756904     452.851109
      7.770848     478.737290
      7.785572     448.739008
      7.807655     522.461658
      7.817812     516.282191
      7.838100     554.878434
      7.845043     419.668997
      7.863493     443.668788
      7.880566     472.620133
      7.899996     530.935393
      7.905508     471.069570
      7.928470     572.441374
      7.940241     591.099787
      7.957619     518.248393
      7.974191     523.311486
      7.984215     551.326379
      8.000739     622.831968
      8.010101     590.599359
      8.029690     690.104238
      8.045318     635.230146
      8.064976     644.640625
      8.077432     719.418086
      8.092426     729.488755
      8.109915     714.215458
      8.121406     833.548389
      8.134964     846.531053
      8.149511     966.351479
      8.168772    1074.968224
      8.184132    1088.989752
      8.197125    1157.586280
      8.205049    1339.088793
      8.226393    1567.305015
      8.236286    1783.524733
      8.251234    2030.220396
      8.265760    2191.377786
      8.281713    1899.286477
      8.304264    1347.697352
      8.310710     825.908691
      8.334617     526.246880
      8.349248     503.897672
      8.360702     465.972947
      8.370629     403.933475
      8.389776     446.784199
      8.408790     350.187689
      8.416332     387.292105
      8.433637     393.302527
      8.449743     355.002087
      8.469987     355.358238
      8.478883     346.855797
      8.499971     393.375586
      8.511595     379.296189
      8.529695     381.619152
      8.537792     373.777236
      8.556028     396.075956
      8.574048     330.323706
      8.584538     415.434705
      8.599487     377.076393
      8.615329     392.172787
      8.630377     359.084564
      8.648289     331.821360
      8.657778     339.775960
      8.671365     349.336903
      8.689656     332.990650
      8.706145     342.073187
      8.722411     370.245384
      8.732612     385.261489
      8.751068     463.868437
      8.762015     362.361526
      8.782487     348.076448
      8.793633     342.065987
      8.809791     334.431036
      8.829096     372.800903
      8.842052     354.267124
      8.857864     387.952779
      8.874862     438.904129
      8.880811     363.698611
      8.898147     487.165689
      8.914342     493.186495
      8.929298     494.023597
      8.947555     465.433255
      8.957563     387.762460
      8.977388     418.384691
      8.993315     403.022771
      9.005994     391.831055
      9.023150     381.470641
      9.034287     322.579223
      9.048376     403.473539
      9.069956     370.453859
      9.084178     376.092401
      9.099834     342.804528
      9.111847     318.565692
      9.129953     376.093966
      9.138101     298.076518
      9.155920     413.029855
      9.166811     320.179538
      9.189352     380.213706
      9.197781     368.841227
      9.214348     408.194979
      9.228847     382.038115
      9.244555     321.038941
      9.257843     381.464824
      9.277772     366.941880
      9.294171     334.019484
      9.306850     371.086275
      9.316751     312.358745
      9.331232     349.334045
      9.354745     369.284383
      9.364801     347.946565
      9.384668     374.105846
      9.393994     336.209711
      9.407729     330.233108
      9.428548     356.006468
      9.440566     363.500183
      9.451805     360.244546
      9.465071     292.028915
      9.484635     417.637478
      9.504449     353.515190
      9.513761     396.717466
      9.526855     389.191892
      9.545641     414.247440
      9.556812     400.517204
      9.572718     413.072581
      9.593911     364.723703
      9.609468     354.550860
      9.619594     389.687170
      9.633292     374.966745
      9.647238     364.825370
      9.665961     416.232509
      9.680413     317.156001
      9.697878     403.331681
      9.709650     390.554340
      9.721217     355.355815
      9.738316     400.274051
      9.755195     375.046287
      9.773348     394.860488
      9.785202     319.920889
      9.800902     394.248951
      9.818345     411.929014
      9.834381     362.920511
      9.840799     358.237096
      9.859059     377.876648
      9.873853     421.945483
      9.889759     401.643946
      9.907071     393.495335
      9.924608     442.321689
      9.938516     384.212247
      9.954384     443.911451
      9.964957     431.882642
      9.975116     425.599469
      9.990165     390.321510
     10.009544     433.068654
     10.024795     504.878843
     10.041479     440.574149
     10.053284     461.745707
     10.072590     478.972431
     10.085361     488.289071
     10.100386     493.638131
     10.115149     602.765785
     10.130977     678.794773
     10.149342     675.644973
     10.162166     552.056886
     10.177799     516.701019
     10.193568     475.138344
     10.202212     470.790266
     10.222721     333.910225
     10.230487     361.096934
     10.252403     414.856363
     10.265644     357.143199
     10.279387     366.229905
     10.293291     377.514223
     10.306758     395.114272
     10.321805     433.385165
     10.340079     357.032814
     10.353160     328.289488
     10.371700     363.826132
     10.389796     390.833907
     10.395225     326.016242
     10.410528     392.854811
     10.429182     342.336596
     10.448228     363.120038
     10.457711     337.654483
     10.475596     355.836615
     10.491420     415.958683
     10.501965     386.372324
     10.523398     354.949204
     10.534279     452.147703
     10.548547     380.742446
     10.562993     389.394878
     10.576745     419.510666
     10.596080     447.069678
     10.609456     393.514058
     10.625085     390.146965
     10.636315     403.842680
     10.652447     467.238781
     10.665608     481.392250
     10.689810     460.441015
     10.701161     506.829208
     10.718199     470.256787
     10.728362     410.548509
     10.740324     419.477650
     10.761347     398.544077
     10.772099     413.158927
     10.793922     363.762504
     10.805705     361.104516
     10.818168     380.081557
     10.839591     360.783411
     10.849651     421.608754
     10.862264     391.591269
     10.883438     348.927450
     10.896733     471.555232
     10.907201     452.717714
     10.922377     474.041416
     10.937144     467.877305
     10.950324     405.492303
     10.974144     399.136423
     10.983530     407.167280
     11.003973     515.662712
     11.018653     462.402017
     11.025070     469.695678
     11.045819     533.686277
     11.063334     558.466623
     11.079416     577.762419
     11.091688     540.095758
     11.104479     591.774407
     11.115506     607.641640
     11.130206     684.290391
     11.147005     759.694738
     11.169178     789.284211
     11.182576     910.456107
     11.196248     936.265115
     11.205060     945.665332
     11.223240     864.636528
     11.235369     740.326967
     11.256480     550.195302
     11.265005     529.400438
     11.283350     492.575762
     11.303841     487.696199
     11.319613     407.130795
     11.330207     393.345681
     11.344632     445.314120
     11.356288     357.080187
     11.376943     407.327520
     11.387006     398.530943
     11.400402     414.675994
     11.420308     478.067426
     11.432264     413.423421
     11.447612     446.246055
     11.467765     357.898531
     11.481165     391.954005
     11.496153     449.666116
     11.505059     357.780201
     11.527435     407.137712
     11.540381     515.591069
     11.558830     486.356218
     11.574159     468.340568
     11.585903     466.404613
     11.596163     524.297256
     11.613322     491.818053
     11.631988     492.471508
     11.644507     514.628393
     11.657741     553.024160
     11.673109     599.731144
     11.687388     645.958825
     11.708039     633.992981
     11.723191     668.787477
     11.736320     543.831483
     11.745747     467.213567
     11.769230     408.120796
     11.781194     444.810631
     11.799804     444.266555
     11.808032     390.427668
     11.827839     482.714598
     11.844765     488.492970
     11.858514     411.334326
     11.873307     493.731340
     11.888684     423.817203
     11.903598     421.648370
     11.912971     445.550908
     11.932031     487.396569
     11.947134     481.414242
     11.961999     471.874636
     11.973620     444.055316
     11.993827     460.183237
     12.009780     514.962451
     12.023570     556.031838
     12.030958     541.591872
     12.046073     590.147068
     12.064779     537.903804
     12.082566     631.487633
     12.091499     590.095573
     12.105443     737.853901
     12.121716     755.234886
     12.144054     887.950894
     12.159536    1001.377502
     12.168434    1094.985162
     12.188692    1161.534447
     12.195889    1102.813709
     12.217694    1007.724795
     12.232574     677.248468
     12.241423     595.102545
     12.255028     521.125458
     12.276576     396.632182
     12.292510     401.836770
     12.302605     382.099957
     12.316392     392.495066
     12.330581     360.795616
     12.348035     398.900505
     12.369810     389.510999
     12.380521     393.867250
     12.395460     360.415390
     12.411940     336.196721
     12.429145     352.265151
     12.435278     375.331820
     12.454397     402.714170
     12.467184     441.306885
     12.484431     357.431744
     12.502499     407.440280
     12.511356     395.667425
     12.530770     374.029913
     12.548840     369.227183
     12.557628     415.813792
     12.575103     349.060030
     12.588707     361.997682
     12.606693     423.971311
     12.620911     395.836902
     12.630526     437.678131
     12.652873     389.561862
     12.666838     414.858885
     12.683721     373.671710
     12.691210     394.430952
     12.714856     372.263329
     12.727002     431.129409
     12.736983     425.373479
     12.759486     349.151271
     12.774832     341.476238
     12.780966     345.446304
     12.800180     376.871249
     12.814613     412.426511
     12.828796     359.529955
     12.842167     366.967660
     12.860453     402.978071
     12.870928     404.975933
     12.887085     301.311842
     12.908559     301.629524
     12.915668     427.217385
     12.939474     397.314082
     12.951934     389.638566
     12.963915     426.855753
     12.977685     400.031948
     12.990813     389.886989
     13.005885     421.036014
     13.025708     373.001687
     13.039236     404.125386
     13.059807     426.065365
     13.068058     440.866245
     13.089524     430.947930
     13.102893     493.940762
     13.112989     487.964157
     13.126681     530.765492
     13.148277     487.612286
     13.164050     457.677763
     13.174266     390.006924
     13.191627     425.313099
     13.206253     464.623532
     13.222465     448.620725
     13.234033     503.766310
     13.245529     441.911741
     13.260598     375.818240
     13.280582     495.488385
     13.295364     429.800976
     13.313838     472.182438
     13.321485     510.190795
     13.344157     507.892375
     13.355929     468.288134
     13.365715     494.643664
     13.384928     482.597734
     13.401906     594.132562
     13.414272     535.567746
     13.425900     544.636579
     13.444718     629.569841
     13.461684     612.765135
     13.474831     715.286790
     13.485382     805.278153
     13.500441     832.224258
     13.520743     920.061117
     13.532515     975.873855
     13.545616     994.939042
     13.569310     788.439554
     13.576937     629.803545
     13.599725     517.495407
     13.610004     441.623056
     13.629256     402.432662
     13.638683     399.637884
     13.654988     417.429639
     13.667840     405.812115
     13.681668     404.891137
     13.702760     461.295138
     13.717667     393.870341
     13.732576     428.758166
     13.742302     437.358412
     13.760833     490.649301
     13.773587     462.426723
     13.787704     488.089813
     13.806236     426.908143
     13.820215     421.586847
     13.833947     449.246058
     13.852445     450.263193
     13.863707     566.643674
     13.882181     581.179949
     13.890438     562.400577
     13.908124     643.062993
     13.925802     676.731497
     13.944935     771.237671
     13.958188     713.479481
     13.973904     701.675276
     13.986493     594.102987
     13.995304     543.128380
     14.019954     482.425439
     14.030623     405.636570
     14.047190     450.955989
     14.064733     459.251282
     14.075034     369.091933
     14.086185     447.245728
     14.108593     381.556251
     14.121298     444.345975
     14.130106     392.976552
     14.154924     385.720139
     14.168297     420.096501
     14.183901     396.116516
     14.190046     436.472555
     14.207977     463.474748
     14.229876     412.355138
     14.235604     503.208868
     14.259167     459.290736
     14.267088     459.549417
     14.284636     521.738827
     14.295960     491.673353
     14.316318     549.057798
     14.325552     651.001349
     14.340745     649.336189
     14.363133     618.409189
     14.374379     704.311216
     14.388691     594.891189
     14.406635     449.698771
     14.415264     419.673281
     14.435335     445.351471
     14.448576     401.589739
     14.462115     432.321607
     14.480412     424.904804
     14.499265     456.636024
     14.514531     419.514216
     14.528722     375.080611
     14.538115     435.906841
     14.558711     348.572404
     14.566873     394.771552
     14.581599     349.256240
     14.596762     422.931076
     14.612086     443.754031
     14.625643     440.882827
     14.641417     387.517498
     14.664694     505.761586
     14.673296     524.131266
     14.686921     484.870170
     14.708169     532.585625
     14.716175     662.837582
     14.735712     660.581516
     14.749893     763.679137
     14.761123     666.990484
     14.780855     660.481202
     14.796047     518.711303
     14.809643     431.493792
     14.826654     434.526999
     14.839019     351.722430
     14.857018     408.004535
     14.873260     351.056217
     14.883067     396.434051
     14.895345     335.058294
     14.913731     309.846209
     14.933085     382.477338
     14.949311     355.371137
     14.963514     320.162279
     14.977901     411.602283
     14.994548     375.275950
     15.009059     397.595649
     15.024300     378.255460
     15.033334     392.542055
     15.052539     359.436489
     15.067792     377.417368
     15.083917     353.139370
     15.096762     415.391574
     15.105028     381.743250
     15.120497     374.055939
     15.136988     415.717685
     15.156370     396.272701
     15.171964     340.694629
     15.182535     379.362566
     15.202404     348.460245
     15.219223     423.569095
     15.227905     403.260170
     15.245999     384.303076
     15.261705     334.498715
     15.277997     382.984738
     15.286345     387.346646
     15.307476     399.283475
     15.319538     387.002178
     15.334373     304.533815
     15.347272     319.949382
     15.362094     395.628000
     15.378222     372.365261
     15.395743     397.326535
     15.412866     363.925560
     15.425362     385.587815
     15.438202     363.722092
     15.453385     450.163315
     15.473627     462.195982
     15.487645     459.581096
     15.497911     445.305068
     15.512047     461.199624
     15.528589     491.291741
     15.542563     454.686531
     15.558299     453.435649
     15.578004     437.083844
     15.590709     425.676088
     15.604074     350.497659
     15.620732     386.606093
     15.630573     360.056637
     15.648682     351.370687
     15.667085     375.699041
     15.680118     421.954504
     15.695869     456.598043
     15.714549     366.739467
     15.726337     476.602098
     15.743430     386.226115
     15.750680     436.077367
     15.774161     457.254630
     15.784195     497.249191
     15.796201     550.363075
     15.816769     504.930287
     15.830907     583.024607
     15.841272     648.763038
     15.861331     678.013017
     15.879851     769.302052
     15.889543     742.371213
     15.900069     745.763478
     15.915478     672.028415
     15.932171     570.966502
     15.951060     469.243912
     15.969537     370.785699
     15.983986     362.256397
     15.998278     387.227098
     16.008169     384.735500
     16.024540     340.361905
     16.040275     356.421077
     16.053116     298.214357
     16.071152     378.287119
     16.088862     266.568382
     16.100364     296.180547
     16.111974     304.467945
     16.128627     311.992955
     16.143934     295.268011
     16.161416     293.174888
     16.175246     360.762251
     16.193064     358.147611
     16.208425     339.941193
     16.224988     309.114937
     16.236289     334.115634
     16.251420     317.651021
     16.267437     355.379015
     16.284101     343.839837
     16.298029     384.551250
     16.313179     317.456075
     16.320330     407.186963
     16.335424     288.734645
     16.356473     293.560545
     16.369100     374.967603
     16.380553     398.644382
     16.401007     318.795837
     16.418519     305.432378
     16.429336     353.605259
     16.444601     360.963037
     16.460717     401.613122
     16.478856     378.145836
     16.490600     462.002601
     16.502751     381.716570
     16.523223     422.161840
     16.534297     497.876946
     16.547391     457.744965
     16.569559     500.609027
     16.584552     578.800901
     16.597962     660.455434
     16.614460     590.611596
     16.625899     538.348731
     16.637192     497.431029
     16.652240     394.955670
     16.669487     355.877740
     16.687482     347.500453
     16.698086     406.384553
     16.718506     361.339764
     16.733599     341.904612
     16.741551     286.824053
     16.762704     380.062568
     16.776974     336.643049
     16.793010     367.386802
     16.807522     358.609817
     16.816080     308.473959
     16.833805     314.190598
     16.851881     400.720606
     16.865261     365.027721
     16.876357     462.595234
     16.895032     455.137333
     16.913099     453.284638
     16.926195     482.321257
     16.937954     456.576526
     16.954386     531.838871
     16.974022     486.155045
     16.982158     378.245089
     16.997098     357.412880
     17.011481     271.491072
     17.034917     314.305179
     17.041984     234.787572
     17.061540     343.746178
     17.076904     325.539007
     17.086754     278.015379
     17.106164     332.579117
     17.118005     284.355646
     17.138045     277.107357
     17.147210     299.486781
     17.164627     358.669406
     17.180746     276.288240
     17.198164     296.300454
     17.209348     295.068224
     17.225395     332.013686
     17.242547     358.877124
     17.250552     288.897292
     17.272036     368.660714
     17.286838     303.965032
     17.299779     335.605796
     17.310173     294.886684
     17.329914     269.063772
     17.340221     343.308069
     17.358927     349.622541
     17.371184     299.005925
     17.390607     350.508905
     17.408912     367.776916
     17.415123     400.927804
     17.432809     377.056067
     17.454612     364.353759
     17.467363     285.673144
     17.477765     359.659990
     17.493296     310.924536
     17.514223     328.734417
     17.526765     325.963197
     17.535294     317.004628
     17.550728     388.858293
     17.574015     409.406799
     17.583491     365.816386
     17.602327     484.632211
     17.613928     455.135864
     17.630141     434.082095
     17.646631     340.963852
     17.663671     333.774736
     17.677048     353.764167
     17.687129     265.274855
     17.701836     258.184821
     17.722816     244.850765
     17.732822     261.097987
     17.753973     308.540457
     17.761225     320.915697
     17.775800     267.830177
     17.795331     308.069982
     17.809481     250.258700
     17.824015     268.104511
     17.836879     304.080910
     17.856595     366.156131
     17.873351     284.782809
     17.883451     332.530791
     17.900849     412.009301
     17.912981     314.575210
     17.930128     397.055839
     17.945517     388.470929
     17.956142     312.154897
     17.978200     353.730748
     17.986256     297.692174
     18.007422     259.365348
     18.020432     349.855693
     18.035268     262.920658
     18.052372     288.877911
     18.066394     254.362984
     18.082351     271.070637
     18.095361     286.047868
     18.105748     264.558883
     18.128875     282.819990
     18.138101     254.839585
     18.159971     226.081926
     18.171505     353.825194
     18.183662     289.339314
     18.197760     254.610158
     18.212352     302.864463
     18.233344     343.367916
     18.249319     327.678976
     18.263842     308.100402
     18.276857     348.108625
     18.293041     321.104756
     18.308557     305.230464
     18.319152     316.304735
     18.337088     243.836146
     18.345248     305.342754
     18.360095     300.882063
     18.379837     257.094474
     18.391048     248.001945
     18.408560     340.287523
     18.420208     287.906495
     18.440501     264.963155
     18.455121     245.011935
     18.470382     269.530931
     18.483943     277.872028
     18.504478     254.663100
     18.510372     288.942258
     18.526294     283.852515
     18.548206     294.303336
     18.564711     250.337005
     18.574559     263.117110
     18.588529     266.529710
     18.605302     248.283650
     18.617710     277.736305
     18.638803     324.811663
     18.652781     318.882052
     18.664774     315.689595
     18.676299     287.184904
     18.692668     247.256948
     18.710837     265.053188
     18.721732     373.376759
     18.743091     347.217132
     18.751121     310.869096
     18.768495     347.107781
     18.784217     350.901872
     18.797751     385.347842
     18.815693     415.286560
     18.832328     324.303547
     18.842363     455.841239
     18.860747     490.454977
     18.878349     482.053677
     18.888795     483.877707
     18.904059     424.466164
     18.918628     399.671285
     18.938020     416.148141
     18.950458     353.836491
     18.966444     253.546101
     18.983904     288.954864
     18.993853     296.370650
     19.007807     333.246148
     19.022859     273.255817
     19.039776     360.538565
     19.059907     379.857422
     19.072975     329.937156
     19.083278     375.897504
     19.100098     326.682962
     19.110902     346.883999
     19.133575     305.576763
     19.144668     321.613480
     19.156184     334.895375
     19.172882     397.098176
     19.192173     397.765413
     19.200206     326.883166
     19.215425     292.019363
     19.239581     353.660081
     19.252367     285.793482
     19.262984     289.701173
     19.282243     359.351454
     19.297542     346.469483
     19.307616     298.390928
     19.322330     374.395107
     19.335115     343.724046
     19.351735     323.035453
     19.373209     370.098197
     19.387698     329.587949
     19.399636     362.212436
     19.413293     389.296849
     19.428966     393.205058
     19.447853     422.213019
     19.464564     405.137084
     19.472967     393.171175
     19.491644     499.356145
     19.504678     446.189693
     19.519887     358.003665
     19.530480     338.600992
     19.546760     364.828391
     19.567233     353.912333
     19.580995     296.952880
     19.595964     268.229170
     19.607751     335.826094
     19.623960     300.730445
     19.637728     355.614188
     19.651715     337.591056
     19.670218     358.746156
     19.683478     275.117567
     19.702578     341.782246
     19.714010     316.164700
     19.731895     313.699975
     19.742444     332.243114
     19.755502     387.704481
     19.778757     354.293943
     19.793515     329.660259
     19.805962     370.013743
     19.823657     299.649693
     19.831395     303.232388
     19.848022     355.595218
     19.868426     361.950711
     19.882298     288.585586
     19.898798     290.011168
     19.912785     336.793585
     19.928186     347.872970
     19.935130     290.594338
     19.952425     285.739956
     19.967140     312.074376
     19.988147     319.821722
     20.000526     414.014527
     20.013477     309.645726
     20.028716     370.763894
     20.049790     314.096072
     20.055035     340.396202
     20.076746     350.402618
     20.092530     402.426312
     20.102567     448.489913
     20.122583     328.509498
     20.139992     334.117097
     20.149678     376.078285
     20.166213     277.589214
     20.184294     316.571043
     20.199774     287.520169
     20.206929     362.560696
     20.220535     305.337667
     20.236173     312.698140
     20.259072     298.956782
     20.272072     403.663524
     20.288133     331.299659
     20.304549     282.179483
     20.318365     284.410096
     20.328628     356.180745
     20.343638     344.858545
     20.361948     386.315304
     20.370226     330.567340
     20.387096     350.050252
     20.404547     287.941683
     20.423662     362.191864
     20.434613     246.907235
     20.449588     334.113693
     20.464201     329.797727
     20.483984     326.869616
     20.494198     372.310856
     20.511363     347.363512
     20.522016     365.481289
     20.544773     284.647596
     20.557023     307.614294
     20.565100     386.109200
     20.581743     344.674301
     20.598404     359.130847
     20.610135     433.954637
     20.625468     406.175575
     20.643740     434.911010
     20.656889     481.947918
     20.678708     369.061949
     20.691792     370.655544
     20.705914     318.743957
     20.724966     361.075292
     20.731146     358.909700
     20.754859     343.725569
     20.767831     398.538922
     20.775215     315.822512
     20.793815     402.552444
     20.806256     364.701097
     20.823545     367.212392
     20.835695     378.268843
     20.853677     341.776521
     20.867225     394.996321
     20.881313     453.718988
     20.903301     394.847404
     20.910715     442.641816
     20.925972     457.678617
     20.941886     455.311716
     20.964484     449.108420
     20.978650     359.425278
     20.992056     342.626868
     21.009109     369.942428
     21.015893     300.881906
     21.033031     388.411777
     21.052742     296.175098
     21.066804     308.713343
     21.080705     306.327807
     21.099553     356.713642
     21.112032     344.141175
     21.124838     300.805005
     21.135538     283.129515
     21.150712     314.721163
     21.166238     345.425543
     21.183609     323.268920
     21.199629     325.053158
     21.217397     286.209013
     21.234507     284.202952
     21.245900     311.535046
     21.264211     341.783697
     21.273421     315.540778
     21.294160     318.680659
     21.301480     318.144949
     21.321629     355.648007
     21.334686     361.625927
     21.354934     353.919940
     21.365992     366.269452
     21.382109     333.152728
     21.394462     336.876962
     21.408212     338.286218
     21.423353     392.207411
     21.441455     372.077633
     21.458988     381.092267
     21.471435     394.933837
     21.481417     455.402375
     21.504003     461.246966
     21.517938     348.000585
     21.534786     393.057966
     21.545525     321.116732
     21.558827     395.650217
     21.576760     341.938880
     21.591218     353.641721
     21.606937     352.849807
     21.619422     353.205761
     21.638848     264.960904
     21.653170     266.822880
     21.667746     323.022024
     21.678340     363.142898
     21.692208     283.510704
     21.709760     405.640351
     21.721876     308.098856
     21.741651     291.310335
     21.757571     396.241361
     21.773241     368.026438
     21.784944     304.708072
     21.804247     280.713543
     21.812360     296.413917
     21.828081     355.104070
     21.840628     374.442875
     21.864125     296.838720
     21.878799     341.426322
     21.892818     317.896287
     21.904596     272.450099
     21.918738     277.101600
     21.933644     301.605958
     21.948815     330.071635
     21.964766     326.325754
     21.980220     329.178805
     21.990498     300.509532
     22.007334     373.820998
     22.029629     377.338096
     22.036400     327.244397
     22.052554     354.025438
     22.067451     342.920382
     22.088128     373.424682
     22.102871     329.988474
     22.113419     372.435813
     22.131262     317.060262
     22.143655     280.497698
     22.158965     323.918739
     22.178274     342.983673
     22.192299     348.425956
     22.208065     368.522467
     22.215253     370.951181
     22.234472     450.078158
     22.249912     465.156677
     22.265569     431.923816
     22.280925     406.226767
     22.296682     442.754708
     22.305403     365.035083
     22.324880     414.117393
     22.341369     350.428323
     22.355971     339.506004
     22.366694     301.409106
     22.382912     331.544034
     22.402751     348.389407
     22.417192     285.243384
     22.434329     304.414563
     22.448861     362.821507
     22.456717     389.283109
     22.473221     400.738073
     22.493985     327.968174
     22.504087     277.731186
     22.522351     360.903461
     22.538522     317.079292
     22.548191     337.730302
     22.561368     353.159006
     22.578397     333.613985
     22.598428     329.775058
     22.610010     309.846084
     22.623297     382.188027
     22.638391     333.023342
     22.655201     297.188887
     22.669628     260.394121
     22.688546     285.622256
     22.697946     315.425098
     22.710658     262.863366
     22.730572     297.055577
     22.745620     367.318941
     22.758644     417.619626
     22.771681     414.710738
     22.790743     360.926091
     22.801477     326.061079
     22.816379     404.282874
     22.834260     386.894511
     22.847779     334.228506
     22.860837     378.031496
     22.884064     325.456313
     22.895711     304.929927
     22.911259     341.864740
     22.928685     341.607555
     22.942526     299.579565
     22.954139     286.188839
     22.970364     325.919749
     22.984909     261.872448
     23.001035     241.133111
     23.010971     318.591905
     23.034067     328.114046
     23.042024     324.667721
     23.060772     320.410756
     23.076370     307.501472
     23.092009     255.297722
     23.105179     305.840346
     23.117409     292.301646
     23.139501     276.036896
     23.147158     324.108302
     23.160475     241.188451
     23.180448     254.672441
     23.191463     309.515564
     23.209072     299.386295
     23.225549     296.585168
     23.239175     280.807371
     23.258544     290.265918
     23.271658     329.377300
     23.282134     324.355063
     23.303531     300.311857
     23.315547     322.767382
     23.328192     308.694015
     23.349451     324.714651
     23.356461     340.494124
     23.375670     322.386703
     23.392062     288.549074
     23.407097     336.596301
     23.423579     275.078181
     23.435931     303.232972
     23.452537     293.973722
     23.463723     359.811723
     23.480404     367.819109
     23.491278     300.364913
     23.509740     341.210405
     23.527457     330.605072
     23.538500     376.913472
     23.552734     348.455422
     23.573586     346.966682
     23.585441     419.857713
     23.597848     377.205979
     23.619587     371.346935
     23.630060     346.006939
     23.647544     372.650914
     23.663588     315.415871
     23.671718     309.122803
     23.686353     316.593086
     23.708668     296.525976
     23.722735     294.855167
     23.739794     357.452192
     23.752083     360.448630
     23.768319     370.395471
     23.775888     307.240224
     23.796125     308.652739
     23.813168     351.260647
     23.821234     309.458231
     23.837885     393.701385
     23.853717     275.629576
     23.867554     373.808801
     23.885620     360.364903
     23.897191     361.372896
     23.913728     350.579744
     23.930001     320.348699
     23.945004     270.341219
     23.963955     350.541018
     23.978127     240.241831
     23.991112     364.843552
     24.006223     299.209056
     24.018340     356.731844
     24.038977     320.964651
     24.046792     367.225257
     24.067136     367.129553
     24.083681     342.753930
     24.090740     273.036136
     24.105925     279.667540
     24.128637     262.396630
     24.135570     261.677911
     24.156962     299.234487
     24.169827     323.049134
     24.181911     333.416532
     24.196710     227.364871
     24.216930     321.996751
     24.232986     327.361324
     24.241870     265.231293
     24.263414     282.807003
     24.271750     340.169327
     24.289506     277.193862
     24.304159     353.058199
     24.315639     337.529267
     24.334540     331.092202
     24.353459     308.888215
     24.366601     256.606386
     24.376569     287.414164
     24.397598     316.583332
     24.409193     330.575179
     24.422140     266.283002
     24.436486     296.963845
     24.453883     338.681776
     24.473378     326.471617
     24.484699     295.205588
     24.495233     336.811727
     24.512438     296.728424
     24.534668     358.512985
     24.549719     338.374999
     24.562000     369.251141
     24.578851     294.135697
     24.585117     304.259244
     24.601363     247.020051
     24.621435     341.053258
     24.632877     253.949168
     24.650275     241.268308
     24.668609     309.740233
     24.679232     321.232110
     24.697108     294.867206
     24.709572     287.363716
     24.724019     341.666556
     24.740882     310.758468
     24.755439     349.813645
     24.770494     305.329237
     24.788684     374.052201
     24.796358     273.712813
     24.814558     297.244110
     24.834578     300.290992
     24.842502     300.312575
     24.861347     355.267111
     24.873514     377.574021
     24.894321     297.462539
     24.908395     371.108234
     24.922846     297.320100
     24.932167     359.363569
     24.949493     373.522748
     24.966469     392.878528
     24.980339     446.264644
     24.997720     367.253943
     25.006617     368.749398
     25.024208     383.403706
     25.042320     425.439429
     25.053226     367.897017
     25.066766     411.093466
     25.086085     415.873826
     25.099147     313.579428
     25.113541     300.328605
     25.131689     297.618235
     25.148362     346.707462
     25.158098     359.051156
     25.178594     352.077723
     25.187060     382.233018
     25.204506     380.143922
     25.223088     350.490759
     25.235163     340.367616
     25.249176     387.428891
     25.261364     346.528520
     25.281174     319.123975
     25.290511     322.067989
     25.309713     317.152577
     25.320715     324.555051
     25.339142     292.584633
     25.351447     291.870860
     25.366805     288.140615
     25.387930     322.174490
     25.403084     314.065065
     25.417480     284.144394
     25.428254     266.813564
     25.446921     234.377690
     25.458867     335.859252
     25.475607     292.955054
     25.488225     328.628832
     25.501690     240.024614
     25.520598     330.913347
     25.530891     317.567169
     25.554301     320.651171
     25.566092     331.260206
     25.578879     244.550511
     25.598554     305.986917
     25.609005     264.756565
     25.628912     262.902668
     25.639981     333.825193
     25.658409     293.101352
     25.668953     250.608585
     25.684351     255.413169
     25.695289     291.640197
     25.715133     321.324309
     25.732377     320.995210
     25.749682     317.871642
     25.763850     310.372613
     25.771407     314.811678
     25.787883     324.906212
     25.800627     357.751386
     25.821876     283.843702
     25.838918     296.074614
     25.850268     333.745597
     25.868307     240.630306
     25.884294     303.302356
     25.892304     308.188975
     25.908203     260.020344
     25.928321     293.234260
     25.940099     292.028599
     25.953697     281.656254
     25.969632     324.624686
     25.986399     281.144004
     26.001220     285.560058
     26.018189     291.865021
     26.033041     324.724441
     26.045111     297.141988
     26.057025     328.022709
     26.076443     279.869849
     26.090788     274.795745
     26.102475     310.674023
     26.118679     251.901528
     26.134163     343.341806
     26.147231     321.221779
     26.169703     311.109521
     26.180698     363.333372
     26.191604     317.960178
     26.212594     387.854111
     26.220982     384.097976
     26.237027     351.665864
     26.251764     349.334481
     26.267505     313.093022
     26.285330     256.188629
     26.300483     283.216208
     26.319898     301.843681
     26.325631     262.813360
     26.348538     371.625538
     26.360720     313.519609
     26.379399     351.648067
     26.393268     309.147253
     26.404214     319.710658
     26.419580     331.194017
     26.437551     258.633799
     26.447284     309.664225
     26.466989     301.188849
     26.475437     264.512958
     26.494172     339.354560
     26.508487     262.492044
     26.523847     296.295964
     26.536536     272.031788
     26.556498     301.599399
     26.572803     366.057462
     26.580903     353.553928
     26.603198     348.443302
     26.618716     377.558990
     26.634509     290.370834
     26.646197     309.625421
     26.660153     383.503317
     26.671808     366.807597
     26.687779     319.938356
     26.701855     308.122241
     26.719996     318.608515
     26.736102     292.413050
     26.753444     328.912155
     26.767179     247.449047
     26.777890     308.747476
     26.795295     266.149852
     26.814334     275.851073
     26.821506     313.600701
     26.838469     236.563912
     26.854139     265.869242
     26.872319     290.523792
     26.888455     269.373648
     26.895868     329.816577
     26.913657     352.627883
     26.926276     278.286735
     26.945743     396.114903
     26.957949     332.082083
     26.972254     329.702557
     26.988844     363.464744
     27.001889     299.609658
     27.022222     339.595196
     27.036204     358.207695
     27.049803     301.089688
     27.062436     276.947601
     27.075713     379.490044
     27.094514     284.436415
     27.113725     315.835703
     27.123460     352.864504
     27.137734     270.974939
     27.159387     328.039513
     27.166088     273.553683
     27.182356     313.271692
     27.201574     266.215098
     27.213413     305.426714
     27.231587     369.899956
     27.241192     288.129576
     27.255577     367.966691
     27.279437     255.500632
     27.291736     297.738673
     27.305372     288.179545
     27.321169     259.444737
     27.331627     313.274249
     27.352642     347.027808
     27.363998     321.129033
     27.380104     289.683858
     27.390450     324.319619
     27.409230     271.290148
     27.429576     257.659429
     27.439979     315.646483
     27.453911     385.978039
     27.467604     276.632867
     27.482870     323.442979
     27.499345     276.372267
     27.511286     259.814230
     27.525953     266.371943
     27.547133     306.675699
     27.560117     251.660166
     27.578574     261.840686
     27.593814     366.692181
     27.601467     236.646463
     27.624197     309.140554
     27.635938     350.496907
     27.654900     324.912870
     27.666390     341.398568
     27.679376     354.584117
     27.692846     335.790695
     27.714570     379.677304
     27.720654     332.320676
     27.736808     336.382416
     27.753751     342.758554
     27.771096     270.155041
     27.780456     306.873695
     27.797439     327.729040
     27.811252     308.499177
     27.825693     316.856500
     27.841812     300.472927
     27.856544     292.194232
     27.878873     281.452667
     27.889427     313.879738
     27.906680     420.101843
     27.924633     349.075996
     27.930306     365.057037
     27.951781     355.543095
     27.965477     304.137500
     27.983748     313.517846
     27.991627     252.316365
     28.012910     304.792585
     28.025428     318.295463
     28.038279     328.737931
     28.053146     307.237721
     28.067989     272.045652
     28.081720     330.225228
     28.102357     264.698245
     28.113552     337.316629
     28.131092     329.945355
     28.146769     324.125593
     28.164788     318.421624
     28.171184     272.579661
     28.189904     276.475455
     28.207642     252.685628
     28.216414     257.262781
     28.238275     280.822556
     28.254297     276.118629
     28.266519     256.019179
     28.280169     241.591267
     28.292147     282.881456
     28.313345     280.306204
     28.326289     295.275837
     28.343628     298.800943
     28.353386     334.019669
     28.371687     346.969083
     28.381432     336.585231
     28.400999     261.566662
     28.416583     317.918621
     28.434223     300.151606
     28.446669     356.468063
     28.460349     343.931274
     28.470169     361.010175
     28.494336     320.467725
     28.503681     320.483269
     28.521927     343.665097
     28.532199     388.684041
     28.547440     415.214879
     28.560176     440.592948
     28.579245     377.010589
     28.596398     350.256326
     28.607207     327.359778
     28.626300     324.419015
     28.641388     312.657765
     28.657739     343.926465
     28.668154     355.556989
     28.682782     336.259186
     28.700201     372.206279
     28.710714     303.129466
     28.727632     301.324509
     28.743330     315.779955
     28.758859     306.719366
     28.775295     323.905109
     28.792978     338.931685
     28.809812     258.172470
     28.821576     359.428811
     28.835297     294.289762
     28.852768     386.389432
     28.868643     275.064309
     28.875409     333.099281
     28.892377     339.301535
     28.913377     277.101344
     28.922546     376.553419
     28.941153     347.117380
     28.951686     331.912154
     28.974985     402.966016
     28.980866     314.825870
     28.997963     321.116204
     29.013480     354.083394
     29.033808     330.876992
     29.049606     324.140201
     29.057941     320.612262
     29.077488     354.940300
     29.089016     325.823726
     29.100033     366.994747
     29.118023     303.212393
     29.138131     329.318248
     29.145204     308.121949
     29.163809     317.029209
     29.183583     325.351842
     29.192175     280.630942
     29.205770     332.955707
     29.220330     346.557278
     29.244407     327.504675
     29.258456     345.520021
     29.270732     285.221259
     29.283962     310.549378
     29.300281     344.564969
     29.318860     273.713575
     29.328895     281.399358
     29.345614     301.119735
     29.355285     304.716768
     29.373476     216.499805
     29.392934     317.015851
     29.400800     246.438361
     29.422145     301.106746
     29.437795     234.031241
     29.451368     319.176938
     29.467728     243.706809
     29.481326     287.545677
     29.495055     265.759931
     29.508552     296.952884
     29.529647     286.859184
     29.536477     336.732907
     29.550369     263.044870
     29.568903     247.666934
     29.589503     274.161259
     29.603310     360.680998
     29.611949     327.130820
     29.629561     329.313670
     29.646832     284.194684
     29.659657     281.751667
     29.672455     286.901874
     29.691798     344.028323
     29.705784     307.426255
     29.717717     280.148250
     29.731667     293.147509
     29.752174     306.767877
     29.764358     266.629928
     29.780594     294.078492
     29.795458     256.402277
     29.806373     316.253348
     29.827178     355.744540
     29.841944     293.520168
     29.851009     284.113537
     29.872171     312.132690
     29.881274     266.841554
     29.898664     320.906719
     29.910972     277.887791
     29.931522     255.238703
     29.947323     288.656713
     29.960258     313.201026
     29.972160     330.245352
     29.988276     248.673792
     30.007519     331.201022
     30.015839     322.649146
     30.037899     315.100385
     30.050932     331.805900
     30.061951     262.658193
     30.079453     313.458267
     30.095701     332.786204
     30.113668     327.313228
     30.122143     283.151234
     30.142084     289.084578
     30.154415     251.725346
     30.174101     290.089606
     30.183668     317.276064
     30.198709     243.286971
     30.211447     270.357731
     30.228307     271.747691
     30.240653     268.353144
     30.255750     298.035485
     30.271709     304.405511
     30.293896     281.637624
     30.303954     288.773731
     30.322520     245.785163
     30.330697     323.991048
     30.345208     284.272763
     30.364373     302.541022
     30.384827     325.887343
     30.399817     232.222962
     30.406289     286.451091
     30.428900     291.246659
     30.436436     322.095108
     30.451168     311.055102
     30.474898     265.499353
     30.489959     314.604852
     30.495316     339.274082
     30.510884     286.977212
     30.527666     319.108990
     30.546385     266.857156
     30.563497     321.716597
     30.574512     379.267650
     30.594987     349.595504
     30.601894     313.246278
     30.615896     244.652056
     30.635898     245.094139
     30.651191     270.679540
     30.665839     294.615362
     30.680148     258.766775
     30.696214     309.319750
     30.707926     305.354300
     30.725976     258.723749
     30.741361     259.125608
     30.750803     315.956758
     30.773771     280.327368
     30.789811     281.592573
     30.800966     288.729777
     30.814191     305.353194
     30.830759     305.198920
     30.846207     256.333160
     30.858623     304.218463
     30.879604     257.976571
     30.885975     288.817239
     30.906056     277.936414
     30.919367     285.130767
     30.936957     306.283282
     30.953049     332.333424
     30.963181     357.377232
     30.981463     306.994225
     30.991056     311.138547
     31.006982     299.314325
     31.022163     264.973161
     31.036619     320.114880
     31.052121     324.210142
     31.074303     275.391001
     31.085161     295.870685
     31.096681     253.355504
     31.118111     281.618668
     31.133523     305.171474
     31.146199     287.335473
     31.158891     235.493283
     31.171093     278.735156
     31.189389     256.992381
     31.200038     294.051749
     31.223137     247.332270
     31.232394     231.947255
     31.254414     243.922984
     31.265160     235.315386
     31.276549     260.158228
     31.299777     292.414289
     31.314274     329.552702
     31.326041     251.567303
     31.342981     254.688643
     31.352794     229.168643
     31.365159     245.846452
     31.384619     230.701754
     31.401318     253.981292
     31.414867     249.275754
     31.428353     300.097127
     31.446777     269.979410
     31.455044     253.814464
     31.473982     342.514778
     31.485135     272.193890
     31.503086     348.507041
     31.518679     254.534054
     31.532387     298.174514
     31.546705     301.055504
     31.564985     255.523714
     31.582684     312.811077
     31.595672     319.734731
     31.607504     271.336631
     31.625875     265.675964
     31.642060     298.070001
     31.659021     323.794435
     31.669764     298.645114
     31.688338     256.746224
     31.701868     301.407546
     31.711056     272.787613
     31.729946     254.678372
     31.742632     286.593682
     31.764105     306.401184
     31.776559     261.811992
     31.790982     315.140564
     31.806327     260.537449
     31.823463     260.506094
     31.835896     306.123522
     31.847336     303.416386
     31.866483     260.697078
     31.875107     257.717222
     31.892043     300.044170
     31.912694     326.629023
     31.924205     297.818236
     31.943457     255.696108
     31.953818     270.635451
     31.974344     336.014763
     31.986824     282.743874
     31.995627     254.913536
     32.012697     276.831939
     32.034965     306.688533
     32.048646     331.769763
     32.057423     306.344397
     32.073088     265.389183
     32.085210     243.331675
     32.109939     359.831894
     32.120366     317.523257
     32.132888     296.333693
     32.151420     240.465247
     32.164860     279.686989
     32.182409     258.092935
     32.199809     242.096487
     32.207404     270.621447
     32.225645     331.286506
     32.241509     247.263808
     32.257043     312.063824
     32.266949     332.840141
     32.280134     269.082776
     32.298567     331.037573
     32.311477     323.712206
     32.333207     285.713490
     32.340282     267.081243
     32.359983     252.861584
     32.371826     303.052720
     32.385901     284.947544
     32.402696     282.934259
     32.420619     312.490178
     32.433602     253.515425
     32.445464     225.619221
     32.469408     255.818626
     32.484863     329.981301
     32.492364     208.570984
     32.508878     270.014485
     32.524449     287.924203
     32.543890     246.987513
     32.559232     278.029006
     32.566330     268.955679
     32.584355     260.675058
     32.598358     286.419343
     32.616305     269.241901
     32.625235     335.967159
     32.647622     317.143126
     32.657751     306.426492
     32.671632     334.345728
     32.694383     264.383007
     32.705820     310.556706
     32.722801     298.915975
     32.731367     223.553351
     32.748309     320.091734
     32.766797     246.355586
     32.782330     265.402406
     32.791273     268.899236
     32.811996     323.094138
     32.823636     325.343726
     32.840290     246.250025
     32.853582     242.753271
     32.867154     319.126297
     32.880750     241.776310
     32.901028     303.263127
     32.915563     284.060484
     32.928622     252.507828
     32.948590     280.948071
     32.960903     252.097823
     32.975557     259.406851
     32.992284     263.322497
     33.009044     245.038180
     33.024694     259.347224
     33.033792     318.278251
     33.048372     230.332307
     33.063528     282.508194
     33.079954     327.461546
     33.094110     293.125724
     33.109737     242.609396
     33.128903     318.004244
     33.136782     308.484470
     33.156451     320.238695
     33.170294     318.786890
     33.183844     306.997281
     33.198366     258.336703
     33.218027     296.903986
     33.230729     308.568543
     33.249088     223.110521
     33.261032     239.809789
     33.272742     267.455201
     33.293905     216.039722
     33.303782     295.340555
     33.318450     243.436663
     33.331989     315.264761
     33.349344     229.434896
     33.361221     248.724209
     33.382436     296.545661
     33.393236     249.980389
     33.414624     236.331911
     33.427715     332.396426
     33.439118     257.574202
     33.454628     264.108091
     33.472212     288.737061
     33.482248     221.449248
     33.499131     313.083697
     33.517610     224.116116
     33.527980     232.114915
     33.541152     225.668878
     33.562915     290.074994
     33.578047     279.837108
     33.590657     299.388146
     33.604919     310.885687
     33.623791     326.985167
     33.634291     245.224018
     33.651182     318.429467
     33.669175     322.085487
     33.680080     274.929995
     33.692852     276.223862
     33.709750     252.619196
     33.728834     315.668472
     33.744325     305.348124
     33.757751     334.879929
     33.767925     293.883540
     33.789746     249.514162
     33.800391     305.129497
     33.814355     276.899299
     33.826322     245.104759
     33.842858     312.228573
     33.859879     248.651349
     33.879397     297.893824
     33.893576     305.542203
     33.900165     219.462614
     33.922361     281.915920
     33.934399     277.474962
     33.947466     262.353360
     33.964432     246.611791
     33.980091     255.798396
     33.997348     258.344734
     34.008624     316.500734
     34.021975     307.773720
     34.038766     268.682623
     34.058348     307.026439
     34.072815     258.994895
     34.084267     302.040875
     34.102735     323.930838
     34.111591     293.970053
     34.131601     252.958414
     34.143873     298.372514
     34.161701     311.333191
     34.176842     274.687762
     34.188105     282.119315
     34.203735     239.376330
     34.223304     233.008905
     34.233154     252.738642
     34.247600     228.492625
     34.262341     250.085440
     34.275626     251.912421
     34.294523     222.403136
     34.308243     240.546234
     34.322092     291.929336
     34.336568     279.805474
     34.357022     269.943140
     34.374259     284.028979
     34.387818     257.654121
     34.397202     295.273057
     34.415992     276.748267
     34.430766     285.188206
     34.446648     295.781475
     34.455066     249.397861
     34.477331     288.780900
     34.485172     304.534809
     34.508896     229.203871
     34.524211     244.205532
     34.532106     281.107491
     34.552606     270.179246
     34.560109     276.080255
     34.582511     306.951908
     34.592666     308.443242
     34.605593     341.738011
     34.628244     350.757660
     34.643700     243.872423
     34.655236     300.163541
     34.665324     317.004504
     34.686950     253.130849
     34.697025     332.047461
     34.712911     301.742560
     34.734467     292.336628
     34.746262     316.117916
     34.760696     285.608485
     34.776812     308.618438
     34.791780     271.568818
     34.807243     271.751771
     34.821579     228.401196
     34.832853     221.780261
     34.851138     308.981791
     34.869989     374.575902
     34.875619     309.469821
     34.892616     297.671737
     34.912482     291.613623
     34.922993     297.671026
     34.940937     200.458480
     34.958828     257.537238
     34.973868     288.917304
     34.980089     264.503953
     35.004270     268.469671
     35.018512     266.840833
     35.028396     260.796294
     35.045933     288.330496
     35.062307     293.945077
     35.072146     219.801829
     35.094652     310.936716
     35.109872     245.666133
     35.120563     252.268017
     35.134828     230.216352
     35.152745     206.287589
     35.164920     265.224625
     35.179171     252.394502
     35.197681     241.468764
     35.206503     240.986810
     35.228304     241.029951
     35.244960     299.780169
     35.251720     242.860363
     35.273886     212.115325
     35.281799     212.950422
     35.295642     231.226729
     35.316010     265.208414
     35.326475     278.115767
     35.345342     227.278233
     35.364198     243.663821
     35.375690     249.702923
     35.389077     190.708077
     35.407221     202.239166
     35.418830     217.749441
     35.433811     242.568317
     35.452391     307.701513
     35.468692     298.823485
     35.475150     292.047867
     35.497626     296.032979
     35.505879     265.276510
     35.527474     283.333104
     35.542532     212.791195
     35.552361     256.611000
     35.570662     289.519291
     35.589975     234.981042
     35.601995     272.829350
     35.617524     299.664326
     35.625614     275.242791
     35.647194     217.909736
     35.663186     243.129886
     35.678045     241.974435
     35.686251     299.831546
     35.703182     259.614472
     35.719158     210.286110
     35.734883     248.688999
     35.745785     226.480370
     35.769223     214.605765
     35.779478     264.442295
     35.790267     253.748427
     35.810791     289.615930
     35.827243     326.437894
     35.841699     310.205784
     35.850866     213.151008
     35.871254     223.541442
     35.887033     238.178645
     35.903803     240.889705
     35.910609     237.783908
     35.931395     239.076057
     35.945628     269.377065
     35.964298     236.595034
     35.973499     268.958334
     35.994908     248.666191
     36.000036     278.982620
     36.021020     275.211180
     36.031186     238.654471
     36.052560     256.388775
     36.067346     314.072204
     36.078282     230.355680
     36.095349     250.599283
     36.107681     307.628703
     36.123481     254.617574
     36.136708     310.556187
     36.159121     231.338812
     36.174466     265.719382
     36.187200     296.455203
     36.195153     280.163084
     36.214132     287.711520
     36.230975     304.458599
     36.245783     227.252298
     36.264252     281.672905
     36.273887     239.385415
     36.293681     212.917646
     36.309183     227.934983
     36.318518     316.759509
     36.334071     295.358476
     36.354434     229.430975
     36.360147     296.620804
     36.375550     242.975773
     36.398567     255.837268
     36.414521     212.146240
     36.427861     267.140370
     36.438172     275.419283
     36.450924     213.200578
     36.471831     251.512113
     36.485563     286.573786
     36.495791     281.363091
     36.515816     277.685024
     36.529504     238.182944
     36.542063     267.952641
     36.558384     255.779095
     36.571664     243.497114
     36.588529     208.759319
     36.601090     268.482435
     36.622829     300.011894
     36.635579     210.726875
     36.646831     292.688295
     36.664619     273.820298
     36.675013     234.117195
     36.698629     301.140047
     36.712493     245.554366
     36.729202     310.869580
     36.740841     282.320808
     36.759974     212.480550
     36.766291     251.788372
     36.784559     298.682163
     36.795828     307.454950
     36.811227     248.397474
     36.825066     292.561929
     36.849865     250.939184
     36.864620     276.955376
     36.877191     334.891018
     36.888201     220.188588
     36.904550     202.854433
     36.921008     225.106804
     36.930695     259.562918
     36.949464     278.853792
     36.967069     227.159417
     36.984135     221.858722
     36.997269     193.253766
     37.014845     215.220889
     37.028900     260.363969
     37.040011     255.453296
     37.054331     201.289686
     37.071652     285.021191
     37.081462     292.484229
     37.101046     260.839765
     37.115811     298.063140
     37.132209     258.368496
     37.143263     271.952643
     37.160777     330.686540
     37.178832     287.240283
     37.187216     225.835435
     37.208737     290.993938
     37.222494     312.983523
     37.231632     275.845890
     37.252900     294.569039
     37.269438     260.851520
     37.281001     301.379081
     37.292497     307.119750
     37.311810     257.139973
     37.325042     309.337077
     37.340100     312.624895
     37.356912     209.310385
     37.371209     231.737649
     37.382110     251.643143
     37.402246     307.264374
     37.414988     244.191185
     37.430275     210.949872
     37.442480     288.436839
     37.456080     251.069562
     37.479540     277.070318
     37.489352     235.979153
     37.503158     174.786103
     37.518126     188.163412
     37.538470     254.725202
     37.553652     268.708244
     37.565100     260.408430
     37.581771     231.343135
     37.590237     238.234455
     37.608030     267.633251
     37.622240     303.530642
     37.642797     217.403339
     37.658654     224.143205
     37.665649     277.133347
     37.683561     281.602569
     37.704391     258.576616
     37.712594     219.458207
     37.734336     316.818207
     37.744646     293.044412
     37.763317     224.226997
     37.772233     294.252454
     37.788469     263.817262
     37.809169     279.428474
     37.816980     234.751321
     37.837030     278.178880
     37.848602     291.683718
     37.864726     264.283968
     37.881389     215.268326
     37.890054     246.461755
     37.913020     213.501961
     37.926511     205.811459
     37.944678     289.514786
     37.956186     195.485976
     37.969746     273.971474
     37.989007     217.981194
     38.002770     247.455182
     38.010207     193.940245
     38.032910     245.278842
     38.049430     286.201412
     38.061927     260.549180
     38.075667     260.599878
     38.087632     224.570381
     38.106418     226.388532
     38.122562     231.895122
     38.133735     227.529968
     38.153379     184.056244
     38.162818     234.551182
     38.179683     281.037382
     38.192767     245.399149
     38.214627     238.857470
     38.221964     209.472281
     38.242081     269.670165
     38.255582     257.859598
     38.267408     189.302396
     38.285448     235.986250
     38.303406     293.434878
     38.311662     265.930311
     38.331305     210.436737
     38.343451     235.833386
     38.357289     210.327562
     38.378534     218.293602
     38.393283     281.454122
     38.403189     324.211999
     38.415441     267.468559
     38.431309     188.269533
     38.449542     279.278571
     38.462873     265.083022
     38.477098     277.266764
     38.498297     191.088712
     38.509168     263.261875
     38.529715     278.207169
     38.539367     280.915991
     38.557922     213.171945
     38.574437     294.604845
     38.589215     300.386570
     38.602886     235.932067
     38.610265     208.570416
     38.630916     223.281272
     38.642330     232.633647
     38.657857     231.084055
     38.674782     238.333267
     38.693789     318.587155
     38.703224     223.968812
     38.715222     163.335690
     38.734031     202.598365
     38.746676     209.174253
     38.761220     236.665387
     38.779651     232.320571
     38.790180     221.269740
     38.809584     226.410683
     38.829065     256.033206
     38.836203     258.659474
     38.857947     262.989821
     38.874796     286.654915
     38.887596     307.179240
     38.898682     202.629722
     38.915099     236.294782
     38.928686     227.741365
     38.948766     267.411537
     38.955181     234.214212
     38.972134     278.475513
     38.994909     268.565006
     39.005742     242.308161
     39.024325     208.347471
     39.039622     281.640022
     39.048027     292.306718
     39.063022     263.821639
     39.082711     184.114926
     39.099988     280.269351
     39.108587     212.429714
     39.122621     276.786325
     39.137441     278.749056
     39.159857     210.117650
     39.174635     272.926117
     39.186921     195.058744
     39.201344     252.326270
     39.219153     194.194777
     39.226186     205.932690
     39.249213     236.214522
     39.258432     290.016739
     39.278951     202.359177
     39.286959     222.923884
     39.300190     266.431286
     39.320798     277.441579
     39.336029     199.671237
     39.348734     268.827777
     39.364866     221.100038
     39.375129     216.604221
     39.391227     247.119649
     39.406910     236.319588
     39.428210     292.510705
     39.442678     189.469060
     39.457216     207.012962
     39.467767     201.321889
     39.487635     202.650987
     39.496990     247.775508
     39.515164     262.322289
     39.527109     225.973508
     39.545442     282.975808
     39.561709     300.488574
     39.572564     256.982538
     39.589377     225.463398
     39.608867     269.763960
     39.616042     250.429238
     39.631126     228.843884
     39.649483     159.987691
     39.667655     224.298810
     39.677643     281.706060
     39.693977     222.103928
     39.710703     213.131814
     39.723126     271.436560
     39.736471     260.496938
     39.756399     265.218873
     39.774213     230.023920
     39.780202     300.617419
     39.795482     219.686125
     39.819844     223.660058
     39.833530     277.329778
     39.841863     279.538296
     39.855446     259.555597
     39.871286     249.100026
     39.894208     288.739980
     39.900417     274.393606
     39.920157     253.099539
     39.936440     205.134307
     39.948401     298.395870
     39.969154     205.936958
     39.983233     267.903711
     39.999309     236.688598
     40.006215     283.120901
     40.029255     244.086125
     40.036703     199.964584
     40.050816     265.384738
     40.066871     224.918149
     40.086560     311.399635
     40.096330     270.680341
     40.119982     206.959612
     40.129735     270.175228
     40.147320     237.585363
     40.159150     281.187837
     40.179412     296.670875
     40.188019     274.521031
     40.202868     228.591222
     40.220698     237.718076
     40.233336     212.770568
     40.254512     266.242096
     40.262344     274.621866
     40.280134     295.508692
     40.296202     292.349476
     40.314462     235.530453
     40.327769     267.188409
     40.343848     225.807614
     40.352764     267.175541
     40.373812     206.864119
     40.381477     194.399656
     40.402142     193.420166
     40.416147     241.397468
     40.432172     246.190328
     40.441286     280.923897
     40.457828     288.844689
     40.476697     247.989499
     40.491418     277.799888
     40.500171     230.545018
     40.522181     257.484919
     40.539987     284.767256
     40.553978     248.258300
     40.562040     280.453703
     40.577520     234.625155
     40.592555     292.267952
     40.606847     314.249981
     40.624246     287.831453
     40.642665     228.622880
     40.656611     190.540930
     40.674384     237.528825
     40.689134     227.878242
     40.697694     305.577968
     40.713315     255.761889
     40.729408     296.403350
     40.741544     246.775756
     40.762341     231.442978
     40.775906     285.360352
     40.792382     197.672796
     40.802005     270.071447
     40.816567     204.319437
     40.838674     254.208764
     40.846480     274.025464
     40.861456     223.173669
     40.880974     252.172476
     40.895098     261.633102
     40.913984     205.236852
     40.925981     211.746258
     40.938856     280.256005
     40.950383     260.502761
     40.970321     246.102501
     40.984824     213.990597
     41.001305     309.989967
     41.013182     238.831226
     41.028862     197.092653
     41.044326     222.801138
     41.062654     299.775644
     41.071276     228.839977
     41.094619     252.469946
     41.108519     275.520651
     41.124318     257.245455
     41.130380     265.072939
     41.145985     235.931589
     41.165671     235.235024
     41.181653     283.309127
     41.197958     245.103327
     41.208224     233.360241
     41.226305     269.019267
     41.244693     288.464708
     41.253886     272.483291
     41.267435     247.680634
     41.281437     219.435533
     41.295691     263.908477
     41.310468     280.803469
     41.326250     207.945927
     41.345884     204.065946
     41.355318     275.010551
     41.378726     245.116090
     41.390473     223.790602
     41.406595     267.190582
     41.416472     257.509491
     41.431041     238.514658
     41.446071     241.900569
     41.466898     301.074077
     41.480937     297.203396
     41.499339     262.662510
     41.508281     242.080529
     41.524860     262.623446
     41.543605     282.522643
     41.553908     247.096907
     41.565380     223.839371
     41.589179     210.485799
     41.595594     176.856736
     41.613678     218.721486
     41.631841     223.279660
     41.642941     268.129523
     41.656754     311.022468
     41.671447     289.654940
     41.685382     219.206404
     41.704852     215.888104
     41.723072     242.033832
     41.737881     259.179592
     41.753169     278.370003
     41.763334     187.679232
     41.779203     230.289376
     41.793539     292.385134
     41.805128     202.230825
     41.828369     225.725007
     41.839652     270.442761
     41.852729     286.611437
     41.867759     275.338879
     41.889633     208.425352
