      2.003326     -25.670153
      2.010101     -30.519900
      2.033384      -1.563526
      2.047327      51.761999
      2.061772     -33.928310
      2.070166      60.407926
      2.094570      51.455229
      2.109056      57.158479
      2.122240      50.756049
      2.131705      69.343196
      2.152214      38.354013
      2.161444      38.756562
      2.178490      75.310127
      2.199339      94.954296
      2.210481      47.580977
      2.222650     146.831720
      2.240460     115.649482
      2.259710     190.372454
      2.265858     228.110195
      2.286840     163.469684
      2.300006     257.855351
      2.314896     208.483317
      2.325765     336.350939
      2.341901     305.437582
      2.355105     286.390046
      2.376485     344.579542
      2.388850     461.292191
      2.407494     434.250894
      2.415328     406.742125
      2.432793     416.154032
      2.451231     477.981469
      2.460170     522.332234
      2.478941     516.138478
      2.498667     489.614748
      2.507767     561.059811
      2.525510     564.533118
      2.542104     560.949772
      2.551681     551.454612
      2.574125     511.430473
      2.588613     616.831881
      2.599352     530.620395
      2.616324     620.834033
      2.630523     631.342740
      2.642069     622.294947
      2.659814     583.077442
      2.679574     594.178015
      2.685868     617.276530
      2.707127     646.700282
      2.719398     652.539356
      2.738744     640.410944
      2.748807     680.172426
      2.760531     678.949626
      2.778112     745.182285
      2.792034     741.579355
      2.810030     803.729128
      2.827823     748.280655
      2.837207     782.945171
      2.858558     760.569510
      2.867317     803.914135
      2.888775     872.896848
      2.903072     848.020263
      2.912794     873.727578
      2.932037     882.891591
      2.944659     913.567499
      2.962199     950.366108
      2.971690     934.121125
      2.993654     964.792076
      3.001630    1056.806898
      3.020248    1062.815383
      3.037919    1097.018234
      3.049663    1109.334265
      3.066233    1081.350925
      3.078182    1232.890541
      3.093616    1238.189870
      3.113881    1230.631027
      3.122440    1322.860062
      3.138291    1394.302436
      3.151082    1418.091527
      3.165282    1551.107176
      3.184618    1537.975748
      3.199588    1727.727592
      3.215469    1832.992315
      3.227086    1862.044349
      3.246042    2068.532153
      3.258547    2119.755364
      3.272177    2329.802302
      3.287157    2557.608947
      3.304578    2944.208033
      3.319970    3280.797289
      3.331005    3930.998568
      3.349232    4640.434893
      3.366346    4943.855847
      3.376193    4070.800259
      3.390133    2126.408548
      3.412234    1089.383163
      3.421101     625.513991
      3.437306     607.460416
      3.452513     506.994479
      3.474350     378.860414
      3.488638     374.297565
      3.502233     450.930903
      3.518077     415.578564
      3.527680     353.259890
      3.546060     380.661724
      3.555882     311.337197
      3.579710     358.498352
      3.587413     350.640408
      3.605964     278.737715
      3.619064     346.965049
      3.639275     315.007773
      3.653035     316.170340
      3.661168     325.733156
      3.680706     293.402114
      3.698342     348.650597
      3.710778     361.697005
      3.720880     325.464232
      3.735926     361.839181
      3.750559     314.691211
      3.767049     334.502677
      3.785233     244.087206
      3.801735     317.720150
      3.818012     342.651174
      3.830962     285.739396
      3.845780     274.406476
      3.863208     357.813812
      3.873042     299.744804
      3.886876     287.357476
      3.904353     352.225114
      3.916605     304.307115
      3.937383     352.669910
      3.950744     324.627930
      3.967260     333.395673
      3.979309     377.959751
      3.991227     318.173656
      4.007425     400.004800
      4.029748     321.073091
      4.042477     365.278466
      4.051203     383.922889
      4.073859     323.071590
      4.089834     363.410746
      4.104967     300.625163
      4.119994     354.197819
      4.133433     388.403487
      4.148579     347.199251
      4.163794     376.042262
      4.170709     410.388676
      4.189569     326.295327
      4.207535     332.362787
      4.219319     378.220376
      4.232081     392.858419
      4.251497     400.190918
      4.266979     360.110311
      4.281138     354.810998
      4.294561     412.949489
      4.314228     388.210800
      4.329288     369.779043
      4.339824     374.436858
      4.352352     464.893596
      4.370084     399.345704
      4.388107     478.879211
      4.400160     393.120654
      4.416465     460.307606
      4.432646     396.311639
      4.441779     514.792163
      4.455646     497.768320
      4.479589     549.001026
      4.485074     497.561308
      4.509626     506.063650
      4.516267     475.712463
      4.538118     527.765068
      4.545875     590.956746
      4.560551     596.581876
      4.582716     620.604956
      4.590773     635.629053
      4.610000     582.016031
      4.624359     669.935415
      4.637242     756.815813
      4.651411     764.803229
      4.673712     808.744655
      4.682498     894.680188
      4.697079     980.593063
      4.718121    1134.757151
      4.728466    1183.238150
      4.746923    1400.445251
      4.755139    1590.528661
      4.777455    1555.125683
      4.793301    1055.656127
      4.804281     699.904069
      4.815123     418.882464
      4.836295     429.072595
      4.847089     360.450171
      4.862152     354.749601
      4.882533     362.770094
      4.892072     374.092281
      4.910922     384.937307
      4.926824     360.702169
      4.941590     404.101679
      4.955078     435.147850
      4.968341     412.635087
      4.980361     441.704724
      4.996485     420.117759
      5.016193     421.737473
      5.034861     429.048029
      5.043418     406.519675
      5.062307     398.850719
      5.078272     373.565740
      5.089885     476.454594
      5.100897     435.393286
      5.118399     402.111301
      5.130395     408.337332
      5.147163     394.217623
      5.167887     448.702472
      5.175709     378.231181
      5.194214     448.308290
      5.207070     461.159608
      5.229936     506.170803
      5.240047     438.678855
      5.258037     455.374076
      5.266916     398.583779
      5.289060     514.113116
      5.304649     546.120499
      5.313734     466.506410
      5.325161     531.227333
      5.349594     546.260989
      5.358444     437.041274
      5.370172     534.263019
      5.386981     473.845963
      5.408861     497.813982
      5.423886     507.037621
      5.437225     581.537529
      5.448910     538.737993
      5.460253     573.700189
      5.477530     547.893597
      5.499665     601.640999
      5.511863     579.304150
      5.522624     700.392978
      5.544857     673.938858
      5.551492     734.812693
      5.565121     748.468077
      5.589608     730.928088
      5.596194     771.899348
      5.610655     807.588141
      5.629585     840.582275
      5.640435     971.685420
      5.663577     949.276922
      5.678263     978.307596
      5.690845    1028.689079
      5.707674    1013.682620
      5.724263    1158.977196
      5.734555    1272.830163
      5.747931    1369.306357
      5.763398    1459.292882
      5.781437    1690.056398
      5.796960    1927.895344
      5.810257    2334.216157
      5.828626    2812.826172
      5.837380    2991.462410
      5.850119    2513.014343
      5.868984    1586.791929
      5.883236     915.688820
      5.898278     633.973432
      5.915657     443.814736
      5.929931     460.218242
      5.946943     415.500193
      5.959807     438.367347
      5.976674     449.024663
      5.986615     371.021404
      6.000627     381.950660
      6.020762     358.833405
      6.035379     364.979280
      6.052322     377.179497
      6.063899     357.114765
      6.079711     345.788611
      6.096908     404.450322
      6.114532     405.736611
      6.120751     408.839430
      6.141178     405.526240
      6.159467     371.086438
      6.168901     434.000499
      6.183842     368.139451
      6.199368     385.674904
      6.219814     359.962138
      6.225061     371.144526
      6.248698     331.683241
      6.261991     444.718490
      6.279371     456.533088
      6.294794     456.141395
      6.301726     469.531110
      6.317553     449.365698
      6.330067     426.788500
      6.349657     403.655090
      6.362215     409.366813
      6.383465     402.801166
      6.396003     380.194712
      6.411581     412.680364
      6.424408     378.135658
      6.435800     464.578257
      6.454214     456.287255
      6.473216     426.648208
      6.480826     421.146089
      6.497548     456.148008
      6.519691     466.448842
      6.534653     503.438097
      6.547655     517.901407
      6.558596     513.679637
      6.572545     479.071231
      6.589625     547.096963
      6.600175     590.095390
      6.619144     580.934026
      6.632105     616.174669
      6.650858     572.481676
      6.662464     637.413688
      6.676398     692.252207
      6.699523     785.353160
      6.707592     794.362313
      6.729710     944.057311
      6.744837    1118.849986
      6.757723    1054.895046
      6.771191     834.821741
      6.784337     586.827024
      6.797397     523.962862
      6.814007     440.499621
      6.826508     356.002904
      6.840689     440.352515
      6.861743     373.185901
      6.877226     397.177577
      6.887083     349.764959
      6.905128     442.087996
      6.924052     443.577420
      6.938897     373.776574
      6.950576     488.324265
      6.961929     463.577562
      6.984788     400.145653
      6.990523     394.569867
      7.009469     414.249000
      7.022641     384.529221
      7.042087     409.029482
      7.055649     353.441851
      7.071079     363.747620
      7.081658     427.170956
      7.098106     482.308929
      7.111889     450.268585
      7.134146     438.834306
      7.147985     389.667982
      7.156224     381.300449
      7.172028     388.062520
      7.188620     413.301589
      7.201943     459.175496
      7.219379     429.361621
      7.235763     413.169775
      7.245014     517.775655
      7.266686     421.428089
      7.284290     503.828658
      7.295540     540.172469
      7.305440     537.132620
      7.320128     532.307158
      7.341158     552.272697
      7.353471     579.156725
      7.365090     545.105683
      7.388405     562.683018
      7.400937     611.557667
      7.414403     635.592685
      7.434884     762.368293
      7.449554     669.175948
      7.458668     846.155021
      7.473164     869.939375
      7.491502    1019.903447
      7.502815    1126.428946
      7.518137    1279.955479
      7.531694    1394.455874
      7.545745    1530.366283
      7.569502    1286.468455
      7.577986     971.802973
      7.596539     653.663280
      7.612414     473.568220
      7.628303     472.291870
      7.639546     466.882397
      7.651452     416.134852
      7.672137     494.154444
      7.689388     422.633024
      7.697677     447.801651
      7.711393     466.617658
      7.726726     450.366883
      7.746022     514.599431
      7.755342     498.084027
      7.774689     428.730441
      7.792232     497.943726
      7.803265     479.032499
      7.824475     455.837664
      7.831321     525.256848
      7.854456     452.205011
      7.864013     456.977897
      7.882900     455.494436
      7.895626     444.170311
      7.912649     468.409224
      7.922841     536.204601
      7.942684     579.010525
      7.953513     576.824603
      7.967068     545.030061
      7.984050     544.733165
      8.001081     576.008072
      8.015021     617.258385
      8.034882     677.839482
      8.044313     631.277250
      8.058777     660.900019
      8.075614     711.366185
      8.085978     744.311242
      8.101269     781.712684
      8.123197     799.136049
      8.136732     911.236077
      8.151070     966.342265
      8.160517    1012.642016
      8.179466    1080.224607
      8.197143    1155.130107
      8.213327    1355.068887
      8.227276    1530.178630
      8.243763    1794.452175
      8.253030    2064.281060
      8.274112    2156.777254
      8.283909    1869.756926
      8.297851    1357.973220
      8.318373     795.916661
      8.334414     549.801510
      8.346821     458.844361
      8.355973     423.417476
      8.375146     369.939490
      8.389792     358.308116
      8.405029     352.829037
      8.422899     365.445528
      8.438731     416.405499
      8.446275     382.980785
      8.464820     325.914992
      8.481865     323.599887
      8.493105     367.583583
      8.507439     391.343188
      8.524574     430.656434
      8.535544     343.336153
      8.552882     400.782019
      8.573880     387.874107
      8.580324     395.772120
      8.595458     418.575656
      8.611796     384.507408
      8.631172     377.816938
      8.640997     326.996814
      8.655384     388.426862
      8.678348     378.001318
      8.690288     328.206777
      8.709192     351.076193
      8.723112     348.683874
      8.730011     422.362271
      8.746756     370.429476
      8.769034     440.611377
      8.781800     345.888671
      8.790046     350.058511
      8.812926     406.847985
      8.821462     416.315135
      8.837944     344.690529
      8.851957     385.439519
      8.872790     378.677805
      8.881041     406.640293
      8.897837     490.991488
      8.917092     489.910298
      8.929310     528.364599
      8.944459     460.145678
      8.956986     369.288566
      8.972125     450.678187
      8.990290     428.740743
      9.006364     429.649337
      9.021680     395.304331
      9.036037     319.485225
      9.054813     376.364158
      9.063875     328.479997
      9.078943     313.319103
      9.090786     292.876274
      9.110093     379.885262
      9.127549     397.643740
      9.142716     360.016882
      9.158627     371.617635
      9.165824     409.134387
      9.181514     368.978641
      9.201980     400.654720
      9.218829     331.653386
      9.234643     391.277368
      9.245732     405.947620
      9.256509     402.446034
      9.279056     357.201413
      9.294167     368.582312
      9.305660     278.913625
      9.316247     336.734859
      9.337203     372.731101
      9.353413     363.841020
      9.360475     361.822911
      9.375805     339.403471
      9.399959     402.075006
      9.410460     384.408244
      9.424379     367.485066
      9.443233     353.108988
      9.457904     350.392443
      9.472987     338.182457
      9.483840     418.472459
      9.502964     433.909049
      9.513944     419.640877
      9.533919     371.685883
      9.545749     359.348128
      9.563694     438.712894
      9.575383     413.686447
      9.587000     402.008148
      9.605741     354.221470
      9.618436     433.790485
      9.635677     297.575164
      9.648723     324.939217
      9.668243     414.731262
      9.676453     372.313735
      9.694201     413.994287
      9.711026     411.892149
      9.725827     413.288426
      9.742145     416.606034
      9.756428     425.464840
      9.765558     374.852818
      9.786414     363.933107
      9.797811     446.645629
      9.811216     387.745890
      9.826997     352.262953
      9.847064     398.149504
      9.856621     371.596550
      9.878252     419.561523
      9.894355     363.209034
      9.902130     395.945783
      9.919079     428.888299
      9.932193     405.308566
      9.950054     469.391857
      9.960828     417.491051
      9.980890     441.104328
      9.993134     421.443187
     10.007328     472.309090
     10.027119     533.049999
     10.035212     497.336917
     10.059977     484.587500
     10.067677     536.874363
     10.086295     498.885070
     10.102135     521.634360
     10.118686     626.570772
     10.132051     709.334423
     10.149689     642.910007
     10.162122     628.829963
     10.175382     518.276915
     10.189795     502.651280
     10.205594     409.615729
     10.220498     304.552642
     10.230289     339.787089
     10.248021     416.425979
     10.263160     354.243163
     10.275195     425.080685
     10.291013     381.155523
     10.307231     345.074182
     10.327268     363.023717
     10.339990     398.605942
     10.354089     376.427927
     10.372457     336.992734
     10.382078     321.278499
     10.395386     392.850785
     10.416382     408.975589
     10.431624     394.603510
     10.448790     324.253676
     10.463980     336.920103
     10.473277     330.519811
     10.490880     419.362398
     10.508268     354.777223
     10.522545     347.726625
     10.535281     392.966358
     10.546095     385.550630
     10.565879     435.285929
     10.579526     371.496915
     10.590725     460.625087
     10.606140     369.595379
     10.626284     432.222195
     10.638711     384.100532
     10.658199     439.816179
     10.665094     498.454894
     10.681210     494.266112
     10.701472     515.009506
     10.710826     406.065472
     10.730678     463.756930
     10.748957     369.750052
     10.761471     435.454546
     10.774965     438.585240
     10.786081     393.781354
     10.801597     419.936740
     10.824164     374.381720
     10.833196     348.669287
     10.854807     425.524767
     10.868251     381.720049
     10.882969     420.938684
     10.895479     418.589485
     10.912194     452.161826
     10.922066     394.333004
     10.942788     405.145541
     10.956173     381.019968
     10.969992     455.197812
     10.980182     466.547493
     10.996761     433.303036
     11.017219     476.087330
     11.027885     457.871437
     11.046111     495.602037
     11.057227     517.179028
     11.074876     535.847071
     11.087835     537.136690
     11.109111     569.396772
     11.118434     664.852068
     11.137001     646.080823
     11.151247     769.656584
     11.163661     773.192358
     11.180562     845.845437
     11.195140     956.525465
     11.214790    1010.719195
     11.226501     889.525960
     11.239264     760.687056
     11.253709     563.837044
     11.270252     491.834922
     11.285855     457.906064
     11.301901     447.089374
     11.316617     466.893937
     11.334217     406.654183
     11.340291     403.881974
     11.362359     436.064718
     11.372364     441.036702
     11.390824     437.555669
     11.402707     480.979012
     11.417826     425.776689
     11.430575     387.899190
     11.445670     431.651365
     11.460681     402.988232
     11.479936     387.333635
     11.493775     429.350216
     11.512599     377.600406
     11.522914     443.126800
     11.538205     472.719323
     11.550974     436.609518
     11.565124     403.972376
     11.580812     489.338103
     11.599321     506.118769
     11.612757     550.677293
     11.634015     457.993503
     11.644077     466.362048
     11.655502     523.941370
     11.672931     546.495526
     11.690968     595.482774
     11.707363     625.899373
     11.724306     590.450078
     11.734953     613.276405
     11.753471     515.106619
     11.760824     478.850088
     11.783361     455.255864
     11.793409     501.547514
     11.813605     355.975485
     11.828031     405.718412
     11.837407     445.918224
     11.852535     411.893595
     11.869506     428.109686
     11.884528     431.256314
     11.901901     516.349618
     11.917773     501.076546
     11.931796     452.270875
     11.946926     503.668472
     11.956114     413.845847
     11.971951     471.845627
     11.985270     463.962929
     12.005179     531.042587
     12.019636     509.019021
     12.037542     507.386606
     12.050407     539.558251
     12.069318     555.672952
     12.081766     576.935000
     12.097468     612.526763
     12.106885     695.126403
     12.129674     770.999047
     12.139971     874.089996
     12.155177     909.916617
     12.171770    1024.152480
     12.184147    1149.734089
     12.198317    1129.381480
     12.212316     968.091445
     12.227760     756.048394
     12.245900     550.839764
     12.258814     497.949808
     12.274713     483.160489
     12.285213     362.380830
     12.300384     407.832121
     12.321667     456.902958
     12.331639     436.391130
     12.353233     383.781783
     12.362853     444.298621
     12.380810     402.064943
     12.391887     415.942335
     12.409367     388.737947
     12.424481     388.194557
     12.439166     387.186609
     12.457282     377.707972
     12.472148     445.573468
     12.485260     390.249726
     12.502485     333.706317
     12.510056     418.995459
     12.525450     408.517370
     12.541049     350.926432
     12.557173     365.193905
     12.571792     419.380986
     12.588204     364.867013
     12.608769     348.513335
     12.619791     442.671787
     12.631064     419.409449
     12.645517     366.601158
     12.664671     386.144026
     12.681739     363.882397
     12.699359     335.805778
     12.708648     340.337110
     12.722485     390.148096
     12.741310     354.641772
     12.750078     347.796034
     12.769099     412.897181
     12.782591     337.881460
     12.800394     342.770318
     12.812757     380.375062
     12.833660     348.965702
     12.841537     337.740908
     12.856869     396.853732
     12.875454     323.658822
     12.891570     377.037272
     12.903132     306.219684
     12.915824     416.336190
     12.939279     432.809221
     12.946591     429.176555
     12.967371     395.916968
     12.978538     387.761915
     12.996286     380.326987
     13.011838     464.097835
     13.021280     433.620123
     13.036329     398.249306
     13.058123     462.798296
     13.074115     418.276292
     13.087446     483.360176
     13.102193     441.444961
     13.114942     544.663510
     13.127113     536.409824
     13.148529     461.804478
     13.158846     426.169843
     13.179892     421.968373
     13.187711     407.082284
     13.202993     481.194629
     13.216089     406.840875
     13.230397     500.903600
     13.250801     471.210091
     13.260291     379.493988
     13.282949     427.045952
     13.296158     425.569264
     13.311427     486.608466
     13.320372     483.124275
     13.338315     500.179473
     13.350498     470.195220
     13.371606     508.335032
     13.380472     539.343539
     13.401910     564.772042
     13.412161     492.557431
     13.430972     567.791139
     13.449740     668.291229
     13.462371     645.576062
     13.477102     769.679462
     13.490455     834.061886
     13.504706     909.170083
     13.519529     943.261960
     13.535659    1000.053551
     13.548666     940.754543
     13.560964     789.846577
     13.576300     638.023647
     13.596005     549.155625
     13.611728     459.146126
     13.624599     439.068867
     13.638111     421.574562
     13.656316     446.139384
     13.668241     372.094300
     13.689772     377.632568
     13.696208     415.724820
     13.712233     471.664466
     13.725723     432.970116
     13.743249     420.704048
     13.764732     440.440734
     13.778793     438.850258
     13.787690     498.616293
     13.806475     462.730939
     13.816227     425.067235
     13.830745     481.333587
     13.851364     476.652112
     13.863224     551.897511
     13.878047     600.227625
     13.896980     577.762101
     13.907893     654.478124
     13.922987     689.408575
     13.941289     784.731989
     13.951424     780.391845
     13.967402     655.024840
     13.985806     596.780315
     14.000421     570.615158
     14.011225     409.007544
     14.028324     397.098999
     14.048490     447.161745
     14.062929     471.922280
     14.072038     399.569624
     14.091717     442.919669
     14.106062     433.106728
     14.115587     432.908758
     14.133493     359.244210
     14.145266     375.510915
     14.165092     421.893733
     14.175505     395.699299
     14.192403     452.995665
     14.209849     428.696588
     14.229169     463.000793
     14.239190     428.228585
     14.256766     432.332059
     14.268205     461.651576
     14.289248     478.658271
     14.295452     539.316251
     14.310422     576.319252
     14.331947     561.026408
     14.342155     676.435842
     14.362838     638.076333
     14.375005     656.026981
     14.385061     583.900178
     14.403005     461.633749
     14.417833     454.266646
     14.436339     459.127211
     14.445319     444.904947
     14.469095     360.074101
     14.477589     400.885439
     14.491843     374.590623
     14.510864     411.401072
     14.529442     414.475416
     14.537216     380.459982
     14.550538     344.369911
     14.573191     462.178234
     14.585805     417.083250
     14.604812     366.456041
     14.616469     430.227926
     14.632787     473.207267
     14.644566     483.994137
     14.658413     499.371006
     14.670017     439.646424
     14.692531     519.944227
     14.705551     593.338846
     14.717737     610.963528
     14.732890     648.899638
     14.752468     720.617719
     14.765896     726.203829
     14.782684     695.535504
     14.798207     555.923285
     14.814797     434.617250
     14.829370     449.466113
     14.836100     346.033404
     14.856954     332.824333
     14.869838     359.638425
     14.888433     423.860138
     14.904773     360.239568
     14.912353     334.505151
     14.929776     399.996010
     14.944172     365.392811
     14.959833     383.109458
     14.974935     332.290152
     14.990785     385.843180
     15.001109     326.552076
     15.021679     354.443938
     15.033010     374.441608
     15.049786     416.150098
     15.068419     398.490014
     15.080956     326.723437
     15.095360     420.313970
     15.111552     420.881972
     15.120812     415.062958
     15.139058     447.179671
     15.155955     402.862949
     15.165634     341.387331
     15.181345     343.700023
     15.198812     352.402883
     15.218264     403.730238
     15.228262     334.834716
     15.247472     313.874984
     15.261943     328.002514
     15.276695     382.061628
     15.288788     406.165718
     15.304190     344.870207
     15.322022     395.998684
     15.332079     335.211180
     15.349795     367.279722
     15.369861     301.966585
     15.376734     333.128088
     15.391342     381.210988
     15.408652     364.834354
     15.429878     375.651335
     15.435972     392.450702
     15.459296     445.814248
     15.467253     481.620529
     15.489512     434.324147
     15.499178     455.072069
     15.512333     453.202179
     15.534835     451.884162
     15.549032     459.972387
     15.555826     395.347587
     15.571645     417.676586
     15.592243     379.293477
     15.601685     396.273287
     15.621173     318.641761
     15.638175     325.395409
     15.649619     333.788042
     15.665058     359.207117
     15.675987     383.003791
     15.693131     387.821901
     15.712863     433.346324
     15.720876     456.467520
     15.742036     373.953219
     15.753168     423.685474
     15.771767     458.235983
     15.782562     450.832635
     15.797023     576.403265
     15.816128     517.549789
     15.833476     622.718194
     15.841302     631.405315
     15.863989     753.254657
     15.873240     790.098755
     15.885810     828.769793
     15.903763     781.145256
     15.922324     645.086260
     15.936922     572.559177
     15.948973     425.626418
     15.963335     407.436882
     15.976177     339.502201
     15.997038     392.910034
     16.010221     370.440220
     16.020469     414.845710
     16.040464     303.013851
     16.054823     303.534613
     16.071727     319.763017
     16.088389     277.240063
     16.096070     367.280039
     16.118964     357.425051
     16.133738     323.602008
     16.143477     321.048800
     16.164941     383.933202
     16.171097     346.100266
     16.187040     390.825540
     16.204175     353.789361
     16.223733     339.030058
     16.236681     322.121505
     16.251232     367.404023
     16.268632     332.505809
     16.280371     295.092310
     16.295238     390.374697
     16.310759     388.248530
     16.325473     333.612468
     16.339612     304.572810
     16.355483     288.992062
     16.372800     304.135676
     16.386081     336.536612
     16.403288     320.002206
     16.417820     359.362912
     16.434246     321.567551
     16.444077     298.293387
     16.457129     350.879532
     16.476965     373.281871
     16.492659     418.131644
     16.504906     355.382993
     16.519784     403.621271
     16.538717     449.013158
     16.549594     543.872826
     16.569306     522.125677
     16.583291     551.442513
     16.599197     648.212726
     16.611488     578.767958
     16.628538     516.873888
     16.635542     475.083004
     16.659286     387.937863
     16.673451     440.823400
     16.680054     419.766702
     16.698291     391.960915
     16.715570     339.959697
     16.731075     376.744655
     16.746452     324.954467
     16.759460     339.442467
     16.779156     300.060292
     16.791477     338.146108
     16.803968     344.933047
     16.819157     310.915181
     16.835564     365.667111
     16.854222     446.443696
     16.869065     378.515316
     16.882437     401.075305
     16.898897     455.601012
     16.908753     468.329729
     16.929081     427.281430
     16.942036     499.333837
     16.950664     458.659905
     16.970589     519.950332
     16.989820     398.311010
     17.002164     343.860413
     17.016691     306.867341
     17.034461     320.722774
     17.045534     324.147294
     17.057292     349.571368
     17.077165     330.220905
     17.085107     281.387392
     17.105312     287.225425
     17.122007     339.995124
     17.139213     270.356673
     17.146101     267.446872
     17.163671     281.067030
     17.184132     306.156894
     17.196051     357.892633
     17.206967     322.163142
     17.229207     322.259630
     17.243902     273.711314
     17.253714     373.388566
     17.265600     356.992321
     17.282318     287.518834
     17.303439     279.499687
     17.318701     349.810656
     17.331124     259.692312
     17.348310     304.370785
     17.363327     352.308182
     17.377721     327.189287
     17.393771     344.879886
     17.404869     303.551690
     17.421763     306.972492
     17.439343     290.700592
     17.450341     379.727946
     17.462940     284.476027
     17.480182     327.429748
     17.497363     308.077145
     17.514862     330.145955
     17.525283     310.151482
     17.544167     306.280926
     17.559244     327.203399
     17.565905     441.233153
     17.586836     430.804184
     17.595050     475.206476
     17.618158     430.414174
     17.633750     442.650401
     17.647888     369.883033
     17.657576     349.413786
     17.676973     312.867771
     17.688188     297.513528
     17.706666     266.533116
     17.722210     275.477620
     17.738870     252.559441
     17.751172     363.766061
     17.763029     329.199584
     17.777765     359.418483
     17.794726     326.830629
     17.814834     288.027568
     17.829538     251.555500
     17.836233     367.621578
     17.852483     393.016763
     17.866789     365.160786
     17.881028     337.655019
     17.898183     358.061189
     17.916543     351.116554
     17.930577     381.064933
     17.945490     383.242856
     17.957454     291.869755
     17.970530     398.465379
     17.988208     344.026538
     18.000384     289.855653
     18.019400     295.417049
     18.032617     263.541077
     18.048681     297.121303
     18.067829     284.615663
     18.075933     262.915768
     18.093856     332.011946
     18.108624     301.336438
     18.123818     291.436504
     18.143931     297.229537
     18.150126     299.323368
     18.173117     280.628659
     18.182941     303.199157
     18.203980     253.923447
     18.212805     332.677490
     18.227648     325.506764
     18.247116     294.147365
     18.261095     350.553671
     18.277573     350.478020
     18.292361     258.198984
     18.302080     279.835115
     18.321589     311.984906
     18.337036     333.194150
     18.352681     336.045239
     18.364761     330.040061
     18.377184     295.648273
     18.396029     309.007827
     18.405746     289.345563
     18.423393     369.971316
     18.439910     299.247614
     18.451120     303.610115
     18.467006     227.167431
     18.485542     304.154588
     18.500435     242.344433
     18.512314     284.759914
     18.531184     345.345433
     18.547782     277.789251
     18.561267     322.520304
     18.575653     314.618675
     18.594440     311.009561
     18.608856     252.514521
     18.620101     296.581159
     18.637242     267.099989
     18.652708     286.515714
     18.667842     294.785075
     18.683666     258.030603
     18.695312     310.018141
     18.708190     278.027144
     18.723290     318.723404
     18.736672     358.793334
     18.756665     311.806887
     18.768813     300.266399
     18.784136     403.430706
     18.800046     411.275440
     18.814667     381.663631
     18.830132     334.332130
     18.846312     418.086125
     18.857236     479.124672
     18.879823     462.948985
     18.885359     437.659085
     18.909696     480.045413
     18.917232     336.648265
     18.932126     424.036178
     18.950306     296.705742
     18.968548     255.577354
     18.977557     266.241755
     18.994285     312.965243
     19.013629     261.486917
     19.024511     270.111144
     19.042752     362.900167
     19.059814     382.296015
     19.074680     326.184442
     19.084293     363.374170
     19.099331     310.047412
     19.111874     339.156658
     19.133735     336.365360
     19.142612     299.274150
     19.162056     331.103722
     19.175888     314.116516
     19.188521     339.096295
     19.208795     413.156562
     19.216036     373.783327
     19.231935     369.347862
     19.251533     330.064457
     19.262064     347.842250
     19.284242     358.738275
     19.295668     372.580286
     19.312756     367.276808
     19.324045     355.659905
     19.341341     377.177730
     19.350420     353.344497
     19.367288     306.825284
     19.384889     337.517776
     19.399669     323.625691
     19.415804     344.177639
     19.433530     453.204532
     19.444576     401.196728
     19.456973     377.178045
     19.476402     349.255673
     19.485406     496.840584
     19.504079     514.134596
     19.524472     395.207879
     19.533244     369.628792
     19.551798     326.377058
     19.562605     290.281437
     19.582794     373.400547
     19.590495     273.140619
     19.611876     375.583537
     19.629640     372.121782
     19.639497     274.533095
     19.657620     275.500860
     19.674320     308.337720
     19.688216     309.072845
     19.695002     263.048206
     19.715944     249.261436
     19.727208     272.150079
     19.748854     315.407904
     19.764123     365.583363
     19.777388     308.050345
     19.790408     356.629322
     19.807474     332.053981
     19.818163     264.548606
     19.835456     360.204676
     19.850009     320.726785
     19.862700     315.899807
     19.879778     317.009912
     19.899666     313.112085
     19.914981     321.610541
     19.929013     280.349164
     19.940470     316.843475
     19.959987     315.882264
     19.973104     326.335038
     19.980767     373.702885
     20.000038     317.648828
     20.013046     363.809425
     20.031690     316.623580
     20.045216     346.625901
     20.057002     396.078481
     20.075571     435.457211
     20.085737     431.535690
     20.103279     408.246863
     20.121424     324.915291
     20.131200     311.379903
     20.147734     330.505856
     20.162590     345.932279
     20.179656     357.855620
     20.190057     283.338195
     20.210165     353.201914
     20.221225     366.263598
     20.238537     354.966659
     20.253874     350.479632
     20.273557     354.587428
     20.285283     296.130637
     20.303474     282.091899
     20.311728     279.728250
     20.326854     345.927235
     20.346180     393.625671
     20.361622     391.279588
     20.374744     360.118545
     20.392749     367.723186
     20.406052     381.406043
     20.420024     341.265146
     20.437076     298.944956
     20.450674     271.609437
     20.468990     284.777898
     20.483410     363.143653
     20.496191     316.127544
     20.508892     370.357473
     20.524411     417.572758
     20.542942     360.064305
     20.558367     328.143819
     20.566091     349.883671
     20.585803     366.426830
     20.599958     319.329765
     20.611870     357.015337
     20.633241     353.907016
     20.648614     370.362046
     20.655257     418.697035
     20.671514     415.153922
     20.688889     385.545729
     20.700293     288.862809
     20.717547     294.624465
     20.736729     393.827058
     20.754722     357.461098
     20.766737     331.896024
     20.776248     375.452050
     20.793446     380.971413
     20.807179     360.423722
     20.825688     366.468394
     20.844701     411.031986
     20.850018     395.883554
     20.874615     386.718624
     20.880418     459.435647
     20.902912     427.348043
     20.918774     424.264159
     20.934634     494.124902
     20.947400     455.616406
     20.956095     413.955049
     20.973647     424.217710
     20.994041     357.426671
     21.009676     376.225252
     21.021308     303.229248
     21.039092     359.697386
     21.045418     298.834127
     21.068265     278.335099
     21.079424     318.650479
     21.093198     321.466284
     21.108475     335.479864
     21.120546     362.419021
     21.135114     269.540563
     21.152783     329.619636
     21.168386     316.636589
     21.185698     279.920294
     21.202131     275.239045
     21.212095     381.258127
     21.231014     327.944036
     21.246935     268.028286
     21.263245     364.681539
     21.275271     298.990191
     21.294852     307.092353
     21.301396     341.287761
     21.315502     294.810058
     21.335384     360.411385
     21.351824     311.824379
     21.364058     369.557280
     21.378127     385.315383
     21.396866     389.730845
     21.413200     333.377673
     21.427304     362.637053
     21.437825     415.557012
     21.453392     446.850393
     21.470812     420.833782
     21.489008     384.255748
     21.497895     462.276978
     21.512837     397.483891
     21.531801     418.518619
     21.547208     394.669583
     21.562166     323.255919
     21.574880     318.883026
     21.589047     329.317768
     21.602284     321.583181
     21.619214     349.523485
     21.637123     309.069833
     21.648599     296.366500
     21.668696     349.069321
     21.678504     373.139031
     21.696387     307.675232
     21.713928     375.947958
     21.729815     390.513726
     21.735758     364.813525
     21.752881     353.893539
     21.772347     344.032393
     21.782965     365.574913
     21.800776     333.797702
     21.819697     383.900882
     21.826374     327.572944
     21.846032     374.838908
     21.861383     273.643361
     21.874285     347.664927
     21.892904     377.866758
     21.907008     314.774197
     21.916187     277.881317
     21.930950     301.556783
     21.952377     385.735304
     21.962185     304.974000
     21.983981     360.935345
     21.991995     342.801874
     22.011585     307.642388
     22.025879     337.718305
     22.036955     379.624174
     22.054909     352.239444
     22.067775     388.556674
     22.088229     304.985118
     22.100622     359.083172
     22.115050     331.905823
     22.132602     299.900659
     22.148030     308.887162
     22.163768     349.092258
     22.176480     384.985396
     22.193145     402.155409
     22.200238     376.726498
     22.220662     414.108259
     22.237474     357.451133
     22.248072     481.903459
     22.269522     452.049159
     22.277255     418.602579
     22.295144     463.867159
     22.313951     454.610681
     22.320735     387.778302
     22.336581     392.842666
     22.358671     353.497573
     22.365414     335.681081
     22.389819     354.144029
     22.401328     304.930647
     22.417274     362.677426
     22.428537     376.729215
     22.445500     290.308372
     22.456505     339.895065
     22.478452     362.915357
     22.485867     326.738535
     22.503594     285.949562
     22.520232     378.298769
     22.532287     322.490117
     22.549291     304.489134
     22.569146     285.126803
     22.580597     310.580054
     22.597679     316.817552
     22.605533     313.912052
     22.628764     408.899108
     22.644752     305.260431
     22.658193     331.088169
     22.672769     341.116086
     22.687680     329.803426
     22.702315     258.553725
     22.715169     270.345907
     22.725457     294.575006
     22.748818     364.980085
     22.759938     407.886780
     22.773857     422.267109
     22.790414     397.288913
     22.804233     343.121150
     22.824243     349.108553
     22.833424     328.284703
     22.845397     372.226329
     22.862237     317.274006
     22.884107     275.905115
     22.891677     335.343759
     22.907816     268.427869
     22.927411     295.852638
     22.941262     260.924033
     22.950722     287.464760
     22.968355     298.361066
     22.983826     321.454577
     23.002670     236.389504
     23.018664     281.481670
     23.027771     260.310455
     23.046973     266.639328
     23.063452     334.937020
     23.075668     319.023785
     23.087549     303.834084
     23.102260     251.686891
     23.123742     248.058315
     23.136819     314.779765
     23.154319     261.425787
     23.168652     241.619975
     23.177968     298.073557
     23.191994     286.693300
     23.209792     338.840450
     23.229641     329.039337
     23.244820     280.864389
     23.250605     343.748365
     23.268335     314.770302
     23.285140     375.069196
     23.299913     342.527629
     23.313656     378.037174
     23.332908     363.981983
     23.348159     325.680018
     23.361083     348.421723
     23.372105     313.435747
     23.394447     329.470706
     23.403479     312.548431
     23.421172     310.208618
     23.430501     269.703232
     23.452494     278.212019
     23.462631     353.951449
     23.484612     367.694119
     23.492528     282.548835
     23.512464     404.829364
     23.527477     296.431301
     23.540304     398.149288
     23.553978     346.916037
     23.565580     406.779274
     23.588842     395.964857
     23.604470     426.777768
     23.613236     374.934806
     23.629682     324.460491
     23.647328     346.897060
     23.664821     388.907297
     23.671795     266.819216
     23.692078     297.024757
     23.704639     333.126147
     23.720127     322.736871
     23.734444     302.036285
     23.753958     292.784275
     23.762295     372.992864
     23.776527     285.153490
     23.799139     302.574415
     23.805963     340.354471
     23.826242     361.473878
     23.835489     308.821708
     23.859174     305.701590
     23.873571     328.031519
     23.887226     360.924918
     23.899244     299.496607
     23.918682     279.861183
     23.928333     285.954090
     23.944419     275.465523
     23.960102     361.098810
     23.978259     263.053253
     23.989698     369.301878
     24.008821     322.676136
     24.022578     332.442339
     24.039791     305.646663
     24.046991     303.204305
     24.062094     388.538743
     24.077514     364.849146
     24.094203     312.891361
     24.114144     266.341485
     24.125691     242.475865
     24.137432     242.638400
     24.155488     287.484838
     24.169713     239.774547
     24.185719     347.418393
     24.203007     282.591727
     24.213986     317.015284
     24.225932     263.329803
     24.248712     336.213592
     24.264978     312.054870
     24.278611     265.634175
     24.285325     281.091642
     24.309114     308.394501
     24.321701     261.400809
     24.333043     284.395709
     24.351194     290.855703
     24.364455     247.824770
     24.384873     267.108354
     24.396373     266.361478
     24.406845     264.489940
     24.429305     348.523239
     24.443549     274.833836
     24.454876     330.961240
     24.474473     281.914833
     24.481269     361.224348
     24.495938     368.529199
     24.513866     299.998686
     24.531501     316.579110
     24.547269     287.604164
     24.561261     335.588564
     24.576970     244.377381
     24.586241     306.415379
     24.606541     319.463391
     24.619266     287.741983
     24.638527     314.863254
     24.651357     263.205193
     24.665981     297.335543
     24.677856     358.423201
     24.692429     257.073572
     24.712353     354.340270
     24.723210     293.404716
     24.738021     280.570915
     24.754411     306.392669
     24.774012     302.178173
     24.782820     358.123164
     24.804519     339.496240
     24.818181     283.858337
     24.826253     325.807300
     24.842822     359.550175
     24.861700     352.363644
     24.876818     385.900139
     24.890106     339.548272
     24.905916     291.887355
     24.917950     369.492062
     24.931455     396.892650
     24.948091     349.621682
     24.967387     381.532904
     24.980104     384.622652
     24.990967     383.214453
     25.012306     391.374389
     25.021647     425.196958
     25.037040     378.906548
     25.057913     391.164997
     25.069081     370.693201
     25.087591     439.750090
     25.096505     332.490637
     25.114251     370.807398
     25.133819     365.846538
     25.141327     357.380381
     25.157092     292.220656
     25.172980     335.595127
     25.190612     315.762179
     25.206071     368.328942
     25.216871     382.464645
     25.237428     404.479958
     25.254977     354.971776
     25.266645     331.970414
     25.282515     324.405592
     25.298054     360.280070
     25.313801     321.482243
     25.322257     257.406247
     25.341949     305.744634
     25.358815     303.756957
     25.365327     277.101686
     25.382738     305.754738
     25.398982     247.333649
     25.415189     294.868238
     25.434089     294.270606
     25.448799     260.555903
     25.463146     332.509959
     25.479977     250.710579
     25.490480     300.538866
     25.503677     289.072228
     25.515192     289.919972
     25.533161     268.518776
     25.550811     282.304339
     25.565559     318.337723
     25.575843     264.453802
     25.593523     269.459420
     25.613047     302.274784
     25.627927     311.810520
     25.640194     330.606158
     25.651525     260.249234
     25.671717     282.103833
     25.682020     267.196163
     25.701819     345.624191
     25.713089     347.237787
     25.725770     326.741078
     25.746290     348.646769
     25.758520     324.708234
     25.779447     297.047722
     25.792923     310.417550
     25.805402     284.527167
     25.815442     345.211695
     25.834662     326.538790
     25.846946     293.942059
     25.860138     261.213178
     25.877817     338.387177
     25.899391     308.623943
     25.914848     334.055129
     25.928464     305.670491
     25.936816     361.666369
     25.959427     324.735736
     25.966201     274.770491
     25.980060     274.271621
     25.997561     335.173336
     26.011474     239.611519
     26.032486     283.363565
     26.046586     277.390639
     26.056688     265.311862
     26.070489     244.788024
     26.086636     341.251826
     26.105399     335.399766
     26.118666     337.769808
     26.137632     269.678390
     26.149479     289.454506
     26.160453     323.293706
     26.179460     323.905996
     26.193899     295.751934
     26.209654     374.847260
     26.220439     297.110343
     26.239193     311.495930
     26.254968     371.103920
     26.265106     300.235096
     26.280726     273.108833
     26.296650     326.554463
     26.319125     261.155006
     26.330987     299.218976
     26.345982     312.072901
     26.363417     297.444221
     26.376719     323.644706
     26.388790     377.910618
     26.405702     281.700310
     26.420723     293.321262
     26.431221     330.618136
     26.450175     367.440719
     26.461070     305.909986
     26.482634     284.947149
     26.491274     323.348952
     26.505413     270.271593
     26.523763     329.110280
     26.536299     298.226977
     26.553299     264.460996
     26.574478     318.549238
     26.584807     303.518719
     26.595728     357.034892
     26.616778     368.866009
     26.634932     333.819945
     26.640431     272.036614
     26.659620     344.276526
     26.670306     275.363827
     26.686216     293.330921
     26.705550     262.898612
     26.718027     345.353719
     26.737145     300.427184
     26.748370     300.302481
     26.764270     261.133937
     26.777824     253.706662
     26.791438     220.253067
     26.809231     298.046010
     26.824500     247.035193
     26.842589     311.227909
     26.855805     288.916470
     26.865460     289.988319
     26.889797     331.635664
     26.896365     310.681318
     26.911404     313.392444
     26.928405     334.669381
     26.949616     390.079887
     26.957671     349.085010
     26.977502     327.489760
     26.993983     304.857896
     27.004772     341.320299
     27.016769     317.607199
     27.033002     307.419437
     27.051570     320.651810
     27.060223     288.297677
     27.081506     295.080582
     27.095465     305.124528
     27.112994     336.104822
     27.128425     316.558853
     27.144433     288.021712
     27.157869     310.906960
     27.172782     349.527506
     27.182318     271.750927
     27.197212     301.567094
     27.219570     281.975578
     27.226882     294.517332
     27.248734     366.551225
     27.256721     319.533168
     27.277377     247.005247
     27.292777     287.812236
     27.307226     273.255601
     27.324870     322.524130
     27.339797     303.828135
     27.349000     249.753471
     27.361966     278.075614
     27.381374     283.734163
     27.393947     256.143105
     27.405987     277.643123
     27.428062     344.463424
     27.437912     282.865148
     27.451520     294.109843
     27.466285     332.925802
     27.489272     344.281475
     27.501887     291.518106
     27.515571     302.700967
     27.527158     283.994314
     27.540107     312.272402
     27.562830     303.877903
     27.576454     319.513615
     27.588604     353.946577
     27.607057     298.131469
     27.619080     277.889516
     27.638464     332.535056
     27.648931     335.099589
     27.669163     289.295000
     27.682276     322.429672
     27.691925     346.503825
     27.710580     300.312417
     27.722021     381.608324
     27.735691     331.232834
     27.759282     352.065316
     27.771846     322.472030
     27.784141     312.563244
     27.800432     234.964561
     27.811592     322.536858
     27.827152     327.569088
     27.848193     255.980657
     27.864676     288.091754
     27.875781     367.384066
     27.890437     315.037825
     27.903256     347.474452
     27.917283     365.325465
     27.932347     384.202682
     27.951178     380.087554
     27.960459     293.279100
     27.982288     348.884731
     27.992229     303.627267
     28.014085     268.249001
     28.020161     303.727882
     28.042198     355.496651
     28.055388     346.935357
     28.073462     316.149742
     28.088608     327.547762
     28.098873     319.257767
     28.116447     289.064292
     28.126206     330.453176
     28.140650     277.442898
     28.164041     271.776660
     28.176065     351.368765
     28.188311     239.746147
     28.206294     270.107375
     28.224166     310.129685
     28.232860     293.527254
     28.253619     303.796927
     28.262951     292.857123
     28.276700     253.839657
     28.298845     308.886081
     28.305351     338.659735
     28.324897     326.015873
     28.340367     364.830808
     28.355552     356.940849
     28.368248     330.725115
     28.387877     278.354125
     28.404149     358.718886
     28.413191     346.302244
     28.432020     358.911014
     28.448650     343.652092
     28.462132     338.911622
     28.474837     413.794943
     28.487354     395.346492
     28.503168     363.376203
     28.519498     353.277473
     28.534560     415.997836
     28.550304     421.303286
     28.561114     403.334191
     28.581361     429.700546
     28.593313     337.242353
     28.605342     323.491550
     28.621478     411.718418
     28.643768     354.084414
     28.653609     310.677885
     28.672411     349.613512
     28.688798     349.966950
     28.698818     294.801105
     28.718032     362.358810
     28.731413     303.645177
     28.741934     329.563057
     28.763429     365.383397
     28.775230     313.393559
     28.793169     311.380676
     28.807604     331.188531
     28.820095     294.531526
     28.837367     338.706339
     28.845455     372.765948
     28.862323     339.250059
     28.876645     355.768716
     28.896607     347.108552
     28.914397     336.916111
     28.922137     398.791190
     28.937055     366.992862
     28.951897     358.342781
     28.968902     323.422237
     28.987958     337.288103
     28.995617     308.826764
     29.014033     323.347674
     29.025298     324.873588
     29.047947     277.843155
     29.057092     342.638931
     29.074919     317.469193
     29.091352     287.492926
     29.106481     374.697952
     29.122201     282.881870
     29.137861     362.026373
     29.148908     366.190324
     29.161033     258.275655
     29.175312     340.995610
     29.199324     324.762620
     29.209464     384.159898
     29.229413     331.338722
     29.235829     283.398439
     29.250557     355.181353
     29.273357     334.811522
     29.284877     314.054398
     29.298650     342.984087
     29.317232     315.874475
     29.334680     317.069756
     29.343496     258.348810
     29.359190     271.463378
     29.370115     235.465294
     29.394509     252.566764
     29.404684     232.853301
     29.420271     265.238541
     29.434494     227.897602
     29.453228     302.091402
     29.460219     307.249409
     29.483048     295.421030
     29.498641     247.419902
     29.514071     285.112275
     29.529274     347.164525
     29.544059     262.974682
     29.552646     302.713391
     29.573265     268.915844
     29.585657     301.389824
     29.598360     343.368504
     29.616170     359.002420
     29.632909     336.954614
     29.645525     325.366634
     29.663402     323.309444
     29.673131     249.018559
     29.685017     288.064311
     29.702024     310.589115
     29.722048     291.763423
     29.734372     330.709347
     29.749407     320.374481
     29.764954     288.021192
     29.784873     254.245959
     29.793600     307.256429
     29.808669     321.711180
     29.820177     343.652144
     29.839038     275.694281
     29.851750     353.905659
     29.874802     294.895111
     29.889558     294.707187
     29.902885     314.628933
     29.916844     286.656457
     29.930306     253.288856
     29.941810     286.622640
     29.962694     276.749049
     29.978914     325.297151
     29.990488     333.877930
     30.001428     276.835479
     30.022506     316.987034
     30.031970     338.494759
     30.047610     317.131833
     30.060166     201.702486
     30.078104     288.523619
     30.093492     305.669835
     30.105394     265.169041
     30.122476     217.420388
     30.137966     289.497911
     30.154150     298.756521
     30.169458     324.482864
     30.182856     288.728693
     30.199360     302.721922
     30.212434     317.594106
     30.229694     300.100122
     30.242562     276.490440
     30.255674     333.254438
     30.279650     339.459752
     30.290215     304.114366
     30.302164     220.360604
     30.320795     284.087216
     30.333819     272.260036
     30.351912     329.472043
     30.367740     351.949149
     30.383775     327.032404
     30.393989     299.336716
     30.406843     334.010480
     30.424588     255.842576
     30.441779     245.312498
     30.452702     344.331923
     30.465373     261.408397
     30.488814     333.759403
     30.500865     269.494110
     30.514246     255.388490
     30.532726     284.522038
     30.544180     272.734785
     30.556240     334.601477
     30.579631     318.037956
     30.594799     302.554658
     30.609059     248.577127
     30.619946     319.278968
     30.635263     288.438434
     30.654684     323.591736
     30.664041     269.110036
     30.684986     269.700071
     30.691618     338.620854
     30.713016     338.298907
     30.720471     300.124865
     30.742365     318.183604
     30.751506     355.002834
     30.772161     326.399549
     30.781309     300.735716
     30.795281     277.415650
     30.813189     349.779918
     30.833251     274.648491
     30.840718     270.156498
     30.863531     315.362981
     30.872614     289.050532
     30.890423     287.952561
     30.901026     284.822301
     30.920979     281.960836
     30.939084     248.788805
     30.948679     240.982956
     30.967383     286.274678
     30.980432     262.652596
     30.996777     274.871879
     31.011822     280.889945
     31.025929     307.589119
     31.036306     322.898870
     31.056625     267.515776
     31.068663     240.025048
     31.089655     251.419644
     31.100522     272.065977
     31.118123     247.291587
     31.129564     244.680455
     31.145847     345.190131
     31.159900     300.202674
     31.171578     353.697308
     31.192502     338.540781
     31.209967     290.168306
     31.221762     300.758437
     31.239998     289.284404
     31.246269     307.946286
     31.268729     278.746744
     31.281448     240.527508
     31.292002     275.269242
     31.312969     337.820107
     31.327099     250.588222
     31.335764     246.897520
     31.358476     293.383481
     31.372731     317.085288
     31.383436     233.626737
     31.398572     203.793161
     31.418512     259.854868
     31.433510     300.094204
     31.443951     316.364821
     31.456501     286.833743
     31.479218     279.026573
     31.490619     288.769395
     31.506918     274.663628
     31.518219     307.202454
     31.537953     254.190897
     31.546549     358.006002
     31.561848     302.182197
     31.581951     335.904776
     31.595197     289.505762
     31.614042     291.749981
     31.624875     348.354581
     31.644165     253.940343
     31.659503     308.038184
     31.669429     239.793998
     31.688476     267.622393
     31.701456     279.928508
     31.717292     267.538170
     31.726946     291.603264
     31.745339     278.467157
     31.764887     310.018337
     31.772124     304.636502
     31.787527     295.489874
     31.807759     297.887376
     31.817322     326.033733
     31.832144     219.439327
     31.846649     328.452351
     31.862030     334.701684
     31.882150     318.117357
     31.895221     305.421899
     31.910010     258.572609
     31.921060     328.725581
     31.941214     301.135646
     31.953398     334.858966
     31.967007     282.300706
     31.987948     297.769840
     32.002235     307.588020
     32.011299     266.731220
     32.030966     253.449105
     32.047946     345.964740
     32.061519     298.780884
     32.079477     349.312958
     32.087932     256.557938
     32.104492     261.048596
     32.119320     293.219070
     32.130759     325.710129
     32.149111     296.117811
     32.162242     259.818742
     32.181225     347.327272
     32.190912     325.983255
     32.205501     344.200410
     32.220375     264.052179
     32.237756     316.711878
     32.259541     250.429420
     32.271652     316.028859
     32.283068     280.872609
     32.298634     304.438823
     32.313424     279.015321
     32.332517     230.436613
     32.346541     309.686736
     32.362828     259.079357
     32.370800     276.777432
     32.393716     286.225020
     32.403687     241.196018
     32.423318     309.136045
     32.434685     318.748076
     32.454075     303.574999
     32.468752     300.507533
     32.477776     297.883469
     32.497563     279.899319
     32.507580     253.464716
     32.528164     348.721966
     32.535970     321.241594
     32.558777     272.689622
     32.574850     294.554876
     32.580557     327.508547
     32.602660     256.612098
     32.615976     356.144464
     32.627681     336.455603
     32.642920     268.878491
     32.658255     313.383542
     32.677034     264.436841
     32.686053     270.701578
     32.708971     309.247188
     32.717663     304.904262
     32.730802     227.557415
     32.747994     304.781644
     32.763313     271.029311
     32.776378     321.059241
     32.794320     276.832884
     32.807498     262.917197
     32.824498     339.310581
     32.839922     256.024370
     32.854554     288.035881
     32.874684     246.278389
     32.882051     293.083909
     32.899974     285.325119
     32.910699     307.102261
     32.929286     269.717214
     32.949026     290.986273
     32.956119     237.233743
     32.972534     293.214161
     32.988019     270.335197
     33.005549     231.979186
     33.020846     277.095117
     33.035744     347.862413
     33.051389     297.383827
     33.067686     296.722565
     33.081090     341.417091
     33.091798     229.312756
     33.105248     269.174526
     33.120469     357.717102
     33.141862     281.748928
     33.150023     287.849598
     33.166554     261.983779
     33.185668     243.227939
     33.201989     287.467627
     33.215979     256.086209
     33.227867     252.549148
     33.244648     292.581159
     33.260481     276.411592
     33.273299     267.943067
     33.293157     282.124857
     33.309151     275.904220
     33.315175     271.599595
     33.336664     272.055475
     33.351295     323.029325
     33.367499     296.238894
     33.375614     243.025900
     33.391029     213.661804
     33.405497     247.115299
     33.424674     256.385883
     33.439818     213.339427
     33.459982     285.488473
     33.472891     304.145387
     33.488422     239.274199
     33.501778     223.710993
     33.516322     267.772976
     33.533996     251.681513
     33.541207     292.078457
     33.559017     281.617553
     33.572838     291.935230
     33.588257     267.757229
     33.606189     286.693840
     33.622155     327.938090
     33.635169     240.243942
     33.646307     260.571192
     33.664011     270.948839
     33.682360     313.535949
     33.696839     305.507334
     33.710620     299.611870
     33.729307     287.111266
     33.735807     267.088269
     33.750679     303.906790
     33.768154     234.066448
     33.780017     226.372130
     33.804543     216.933961
     33.810999     252.814988
     33.825591     334.431616
     33.847226     271.533200
     33.856927     292.897418
     33.871400     219.276190
     33.891891     306.180726
     33.902361     248.705342
     33.924360     314.667601
     33.936865     300.729908
     33.945662     239.941208
     33.960398     330.201557
     33.983895     242.914511
     33.990714     289.082349
     34.012968     274.260430
     34.028707     248.217075
     34.041566     277.055210
     34.056699     296.900324
     34.067992     283.184765
     34.087015     248.039161
     34.102622     322.611153
     34.114775     253.197785
     34.127737     301.609997
     34.140489     245.155387
     34.161414     279.626891
     34.176130     298.895390
     34.185198     265.724569
     34.204047     299.182981
     34.219254     253.739685
     34.239604     307.522167
     34.245943     252.921548
     34.260624     218.712752
     34.283539     290.537629
     34.290781     238.080310
     34.307008     284.888172
     34.328568     254.728638
     34.339060     273.896157
     34.358561     292.804699
     34.366652     276.395669
     34.382149     255.399408
     34.398134     281.891449
     34.411555     319.590223
     34.433716     307.442465
     34.440355     294.445788
     34.457615     316.993139
     34.479634     272.844713
     34.493488     259.551678
     34.500888     221.162077
     34.520230     243.046997
     34.536474     287.648058
     34.553860     268.224239
     34.564625     275.219266
     34.578437     287.021516
     34.596645     305.195862
     34.609254     320.346215
     34.620139     278.240227
     34.644460     288.121281
     34.657205     343.134428
     34.674951     327.498109
     34.684852     279.228840
     34.695286     264.738635
     34.719000     315.815339
     34.728497     250.622289
     34.744634     330.328051
     34.763775     284.366076
     34.770179     256.655104
     34.792247     349.482570
     34.801728     276.995474
     34.824992     275.294879
     34.836249     313.616188
     34.848287     317.946150
     34.864970     360.808912
     34.882563     270.827716
     34.897068     291.111627
     34.911259     306.285123
     34.924714     289.460850
     34.935591     240.613096
     34.954689     258.357395
     34.965699     244.946770
     34.984534     269.604338
     35.002060     255.042144
     35.014950     259.862717
     35.028808     286.585316
     35.045452     257.730227
     35.060559     257.530236
     35.079439     251.347765
     35.089976     279.619412
     35.107411     227.928924
     35.123322     260.112810
     35.131733     247.779945
     35.151742     277.072641
     35.164231     221.469895
     35.178773     212.994745
     35.195071     293.076395
     35.207682     279.497890
     35.223203     271.159022
     35.241149     228.975862
     35.259926     244.824896
     35.271178     238.301384
     35.286347     259.554256
     35.299473     184.157901
     35.311044     211.799208
     35.327055     312.105747
     35.343300     234.229482
     35.363506     272.458320
     35.371093     262.363096
     35.392038     220.660970
     35.406088     222.363118
     35.419898     250.059370
     35.431381     282.570275
     35.447947     297.556443
     35.469138     288.508017
     35.477075     319.544453
     35.498054     306.706645
     35.514734     224.398267
     35.525414     261.157566
     35.541998     202.070144
     35.551906     273.669210
     35.566546     256.352495
     35.587292     236.380160
     35.599024     202.759047
     35.615316     218.648539
     35.627220     230.153569
     35.649520     244.777621
     35.661853     280.189768
     35.677737     263.631948
     35.686388     286.893589
     35.709830     302.148052
     35.717523     299.983108
     35.730774     230.375653
     35.747972     267.131837
     35.764800     278.484646
     35.784796     249.771767
     35.797958     278.213593
     35.811563     271.274342
     35.822460     280.669089
     35.840610     254.843841
     35.856461     211.700616
     35.870638     288.777154
     35.887990     280.123720
     35.895347     238.725086
     35.910814     228.739233
     35.930928     246.669354
     35.947438     252.466998
     35.957718     261.385927
     35.978415     274.978541
     35.992299     289.939370
     36.005638     281.352441
     36.015040     237.982451
     36.037512     220.184113
     36.045650     200.121468
     36.067493     274.732554
     36.076880     280.124056
     36.093785     261.127913
     36.114645     326.517872
     36.129172     284.388309
     36.140796     235.178257
     36.153075     291.129913
     36.165514     300.288268
     36.185235     256.873460
     36.200298     211.681396
     36.212620     300.065542
     36.232524     254.805913
     36.242170     230.961803
     36.259074     297.304522
     36.271900     270.903528
     36.290725     290.195638
     36.301309     217.259153
     36.316388     277.464616
     36.333678     292.536469
     36.353848     311.542292
     36.361559     312.536965
     36.379874     247.240834
     36.396772     189.914336
     36.414972     306.879758
     36.425174     229.727885
     36.438644     288.639215
     36.459044     271.449721
     36.468586     296.917881
     36.483737     235.050331
     36.499148     236.389017
     36.518773     300.185545
     36.533551     283.946575
     36.542532     199.463087
     36.562418     202.335775
     36.576936     201.742375
     36.591366     219.271333
     36.603629     186.584185
     36.624432     235.289188
     36.633596     272.990686
     36.650186     267.308547
     36.669205     234.266720
     36.676412     209.983650
     36.693037     211.730946
     36.705173     213.517772
     36.727963     301.308747
     36.741167     238.915214
     36.750997     296.704624
     36.767419     276.018834
     36.780630     293.040132
     36.798488     289.396062
     36.819794     295.860242
     36.825472     219.068975
     36.843258     241.906685
     36.861449     274.114553
     36.877322     316.599761
     36.891815     209.779493
     36.907044     204.712506
     36.918692     308.276491
     36.933972     259.166610
     36.945354     214.476448
     36.960769     299.581196
     36.982646     242.330595
     36.999745     239.941515
     37.010920     248.447856
     37.028551     237.493444
     37.043861     293.168507
     37.054599     215.701746
     37.071579     232.072426
     37.089849     243.785199
     37.095876     266.780045
     37.115805     227.213945
     37.134709     287.460360
     37.144378     270.930946
     37.155460     263.285150
     37.172044     308.795827
     37.192277     263.223671
     37.201320     279.790158
     37.219960     299.843116
     37.234530     310.925473
     37.246825     291.385352
     37.267443     239.280758
     37.280125     273.092205
     37.293626     233.707551
     37.312423     250.157524
     37.320382     336.789144
     37.340750     258.424372
     37.351427     235.583787
     37.374137     252.893267
     37.388111     217.494947
     37.402015     212.603959
     37.416949     226.161015
     37.433766     239.852289
     37.448205     266.350500
     37.462903     278.866332
     37.476288     274.633791
     37.487917     247.331980
     37.507429     182.437527
     37.522489     190.649639
     37.536294     311.940932
     37.547137     255.891391
     37.565772     302.734659
     37.581461     227.789271
     37.590599     259.843258
     37.610987     217.774516
     37.620789     251.027903
     37.643397     212.802807
     37.653934     224.022229
     37.670969     234.236002
     37.682475     261.225285
     37.702065     187.374239
     37.714692     274.309926
     37.726809     255.069038
     37.742239     235.012918
     37.763823     210.261010
     37.771759     203.835819
     37.786774     255.305749
     37.805852     289.888958
     37.818847     225.659760
     37.837622     315.218335
     37.847205     254.326456
     37.866847     296.392436
     37.878856     240.521213
     37.890001     290.845571
     37.906914     256.084504
     37.921296     174.508886
     37.941856     299.528844
     37.955266     290.260078
     37.973432     268.983207
     37.988817     290.863303
     37.998090     198.166346
     38.010039     237.961408
     38.032268     192.182771
     38.043904     288.092227
     38.063714     216.629044
     38.073745     280.879361
     38.094217     186.139438
     38.107411     256.029920
     38.120220     201.873166
     38.133499     213.689523
     38.153146     182.945683
     38.160494     242.308596
     38.179661     270.265353
     38.195790     249.540454
     38.213128     232.786861
     38.224913     265.970889
     38.238991     265.234447
     38.252579     273.024845
     38.269638     251.878506
     38.287434     225.227272
     38.303514     275.003024
     38.315984     224.186892
     38.327036     188.037100
     38.348870     286.706495
     38.362074     296.769700
     38.373003     266.329016
     38.394838     249.126042
     38.409360     233.509198
     38.422950     247.378202
     38.432493     215.507310
     38.453209     278.719879
     38.462462     215.248490
     38.482981     262.280037
     38.492057     238.306515
     38.511863     224.758504
     38.521103     255.766521
     38.540340     285.860903
     38.551829     197.077394
     38.566983     235.328875
     38.580255     232.873286
     38.599983     212.458931
     38.610872     221.268704
     38.631535     201.248525
     38.642139     195.943644
     38.660178     220.977232
     38.679932     266.792991
     38.690518     261.305783
     38.708062     214.296871
     38.724093     232.176718
     38.731613     222.323632
     38.752254     264.654499
     38.766349     234.999181
     38.779442     262.911162
     38.799568     258.979155
     38.810079     247.311629
     38.824913     188.733847
     38.841324     263.724424
     38.850984     204.169817
     38.868914     220.283158
     38.880864     305.557617
     38.902052     236.453899
     38.914455     200.213590
     38.927834     184.839843
     38.947993     293.871849
     38.963232     234.450616
     38.979339     244.027544
     38.994112     188.962027
     39.009820     194.464590
     39.021462     191.645511
     39.034114     274.645504
     39.051578     279.490117
     39.065714     213.641266
     39.078091     190.124712
     39.097072     201.971670
     39.113251     207.208992
     39.129677     261.933572
     39.141276     265.720332
     39.150821     224.366996
     39.167373     248.152267
     39.184422     196.055935
     39.199832     295.581756
     39.219895     284.748947
     39.232065     276.343877
     39.242662     218.027217
     39.259416     237.074936
     39.278282     206.459843
     39.291580     262.894676
     39.306527     274.581986
     39.315257     297.005142
     39.335842     199.062933
     39.348323     266.833915
     39.369195     210.580969
     39.381942     262.044848
     39.397064     279.256118
     39.414165     190.175506
     39.429386     264.486426
     39.442137     174.411952
     39.450528     228.796651
     39.473447     190.245698
     39.486287     194.428973
     39.496042     189.663381
     39.510448     220.450014
     39.529390     273.655560
     39.540927     238.765030
     39.558666     258.192493
     39.577560     227.099180
     39.587134     279.032382
     39.608066     224.793816
     39.618987     314.207950
     39.635556     206.918088
     39.648658     227.066836
     39.662858     227.859219
     39.675530     223.089736
     39.693323     222.736901
     39.713041     216.379703
     39.724046     278.539343
     39.736302     208.367562
     39.755370     220.474368
     39.766784     229.573450
     39.787902     249.614739
     39.801337     239.048438
     39.810971     196.886914
     39.829598     222.038097
     39.845163     253.547009
     39.859096     207.257729
     39.871681     213.815805
     39.894533     327.552284
     39.909869     200.289889
     39.922171     211.022418
     39.934463     298.309499
     39.954984     295.087231
     39.969470     205.106121
     39.978859     291.028026
     39.995659     257.943667
     40.009655     256.440649
     40.020454     263.137378
     40.036078     204.353490
     40.059439     294.018749
     40.071801     208.492776
     40.080523     276.486202
     40.101117     278.908118
     40.118030     271.791734
     40.128314     245.769017
     40.145914     200.469113
     40.164538     193.499844
     40.179502     268.018199
     40.192879     266.567003
     40.207818     298.893163
     40.222937     277.931186
     40.236613     215.345060
     40.254924     276.407677
     40.265288     268.105493
     40.277289     227.198444
     40.294737     248.417009
     40.306593     304.564078
     40.326393     275.326714
     40.341177     260.203293
     40.359942     222.219415
     40.372850     221.527331
     40.385608     231.318429
     40.401391     233.833959
     40.411546     189.145280
     40.431965     253.742733
     40.447486     204.415099
     40.458473     239.328702
     40.472489     225.525700
     40.492296     227.785279
     40.505330     213.442746
     40.518650     283.603322
     40.531094     251.237650
     40.548257     283.260423
     40.567690     192.777481
     40.577546     288.592800
     40.595626     210.492660
     40.610737     246.149058
     40.620178     233.284421
     40.642329     293.047463
     40.650215     226.689896
     40.673612     250.658594
     40.680545     209.258248
     40.696536     299.475567
     40.719607     206.473784
     40.725866     247.726167
     40.744995     218.777070
     40.761366     262.979722
     40.778446     228.625387
     40.785024     245.106444
     40.802825     191.864800
     40.824398     263.437711
     40.838239     283.120411
     40.849423     282.714390
     40.863796     260.551055
     40.877375     245.454576
     40.896926     274.946968
     40.914328     250.092455
     40.920740     296.738748
     40.935888     215.313179
     40.956678     241.944972
     40.965777     275.401918
     40.982180     261.891674
     41.004938     313.037902
     41.018554     232.914973
     41.034471     224.407347
     41.047690     247.002703
     41.064175     265.194917
     41.078796     268.475622
     41.094202     288.367782
     41.103629     236.892165
     41.119083     236.883869
     41.138705     283.578496
     41.154599     254.439270
     41.162987     253.597928
     41.184360     232.692958
     41.195872     215.644354
     41.214819     222.217479
     41.228122     299.434758
     41.244030     302.306416
     41.257794     229.866686
     41.265391     264.450326
     41.283697     211.719371
     41.296536     233.065037
     41.318023     194.152710
     41.332210     232.298863
     41.348999     260.371435
     41.355831     266.580501
     41.376254     176.158698
     41.394180     308.568539
     41.400474     283.140245
     41.424237     206.290109
     41.433419     212.762210
     41.446123     293.746211
     41.465865     301.986606
     41.478125     285.072059
     41.495689     275.607540
     41.507985     277.075243
     41.529368     247.922378
     41.535069     240.146705
     41.553086     263.516515
     41.568248     293.095159
     41.588497     221.873697
     41.599220     192.336300
     41.617760     188.188262
     41.628232     194.085917
     41.647967     194.115852
     41.662038     257.613193
     41.672290     245.759205
     41.689772     290.382761
     41.705764     204.814625
     41.724108     193.930565
     41.732879     256.437270
     41.748013     216.330474
     41.766776     210.771783
     41.783422     294.071976
     41.799143     221.610419
     41.807951     224.836758
     41.822737     244.978651
     41.838344     228.617157
     41.852884     257.862861
     41.868953     207.931983
     41.888154     220.914516
