      1.996371     -32.337047
      2.017813      45.226105
      2.027589     -11.783004
      2.045091      35.109537
      2.063752      12.215666
      2.070665       0.188185
      2.087453     -22.537435
      2.106469     -11.326698
      2.116250      17.421817
      2.130519     -13.973563
      2.146258      36.975702
      2.163328      95.995539
      2.176815      60.194449
      2.194492     101.365167
      2.206341     119.256237
      2.223083     139.676670
      2.242569     113.069892
      2.257334     170.014602
      2.267083     172.931202
      2.280606     200.101552
      2.300953     285.694692
      2.316468     302.158817
      2.330765     282.551744
      2.343120     379.222838
      2.358901     371.009080
      2.371365     359.052450
      2.390525     407.350935
      2.406283     421.646411
      2.417637     411.715098
      2.432410     425.871812
      2.445338     485.669364
      2.469314     466.475674
      2.479050     504.683631
      2.498493     533.417092
      2.507791     528.497602
      2.529056     557.514947
      2.537971     589.775160
      2.552434     544.493616
      2.565815     599.765731
      2.584517     534.447314
      2.604416     586.103108
      2.614337     615.265273
      2.630762     624.524736
      2.643132     555.300735
      2.655636     621.076593
      2.677967     638.524768
      2.686265     673.282075
      2.705912     689.428292
      2.723774     606.729641
      2.733613     628.025696
      2.753946     699.249961
      2.767539     636.567239
      2.778881     685.314951
      2.796274     738.020756
      2.814083     771.391888
      2.824637     767.029882
      2.842275     779.254338
      2.855827     731.577416
      2.871095     851.090629
      2.882452     848.265491
      2.895395     894.602338
      2.917202     841.093972
      2.934926     941.780038
      2.947438     900.124531
      2.959695     964.647010
      2.973181     901.489481
      2.986055    1000.397388
      3.005527    1008.818170
      3.015542    1008.662148
      3.037026    1031.593872
      3.054503    1094.183030
      3.063230    1118.843695
      3.078272    1248.274705
      3.099526    1248.430799
      3.113708    1178.198756
      3.124131    1243.272627
      3.144705    1381.833105
      3.150427    1395.245376
      3.172294    1547.352127
      3.185049    1595.717819
      3.197439    1705.480045
      3.211173    1842.716533
      3.225125    1902.722365
      3.244848    2084.953909
      3.255050    2054.252058
      3.278129    2330.070402
      3.291615    2561.393059
      3.306969    2888.523618
      3.320069    3292.539651
      3.330128    3909.503585
      3.348997    4632.466617
      3.365348    4910.445853
      3.379871    4117.264241
      3.391744    2126.771548
      3.413215     998.537828
      3.420648     680.609242
      3.441226     607.740252
      3.450640     412.121515
      3.469368     408.814400
      3.483468     387.360511
      3.495816     382.443557
      3.518813     423.884629
      3.532732     348.152705
      3.546768     369.927304
      3.555753     390.089387
      3.572016     305.054166
      3.594229     343.949362
      3.606482     324.856333
      3.617464     296.158490
      3.639321     339.772811
      3.653749     336.777272
      3.665993     285.258854
      3.675462     324.293435
      3.692934     307.093972
      3.709894     330.717518
      3.727306     376.246033
      3.742753     320.146811
      3.754269     373.868546
      3.772271     347.189748
      3.783725     319.318989
      3.796894     366.938070
      3.811061     388.947463
      3.829914     355.667715
      3.843557     301.500938
      3.859659     330.863032
      3.871085     363.140784
      3.885119     332.905730
      3.904568     341.774197
      3.922959     309.837925
      3.933406     330.291685
      3.953307     302.944427
      3.966862     320.265100
      3.984485     385.280225
      3.996823     339.336379
      4.005442     327.949361
      4.026265     363.356571
      4.044636     337.422667
      4.054734     325.894615
      4.067183     322.082408
      4.087884     308.462632
      4.100065     288.701321
      4.112555     338.281460
      4.134610     375.064911
      4.141945     403.030665
      4.159373     352.626617
      4.173209     339.311992
      4.191105     397.500444
      4.207769     388.832663
      4.216460     353.258152
      4.234842     425.660394
      4.248857     397.168977
      4.263775     370.201899
      4.280554     405.501284
      4.293052     381.212092
      4.308259     382.449238
      4.326729     361.906745
      4.339400     371.281780
      4.351740     412.243483
      4.370200     422.865955
      4.385385     477.456777
      4.398581     465.965635
      4.410084     401.497467
      4.431881     416.459535
      4.444789     471.808486
      4.459818     458.042084
      4.472746     501.324404
      4.485318     509.335553
      4.503634     475.947924
      4.521373     535.751185
      4.534224     581.118890
      4.547477     585.522061
      4.567406     623.931825
      4.575795     643.502309
      4.599724     585.672267
      4.607864     607.993215
      4.628529     697.913904
      4.643375     713.461600
      4.659641     756.043609
      4.668410     856.832189
      4.686338     902.902974
      4.701785     979.745635
      4.716061    1154.806174
      4.729458    1213.389882
      4.744008    1395.602977
      4.761120    1553.863747
      4.776035    1569.357593
      4.794824    1061.092625
      4.805132     714.312561
      4.822469     429.129099
      4.835698     398.110937
      4.848377     421.813277
      4.868438     387.672954
      4.879274     366.061186
      4.895493     396.478828
      4.911395     388.461731
      4.921670     433.028111
      4.939528     368.247080
      4.956249     345.494299
      4.966917     392.223569
      4.986497     347.957181
      5.000038     389.297485
      5.013440     421.279917
      5.034129     444.473771
      5.046004     440.379006
      5.063943     415.833537
      5.075946     387.412313
      5.087931     498.370011
      5.109692     404.808467
      5.118121     373.933245
      5.132332     378.239804
      5.148935     403.666576
      5.161224     428.915158
      5.184698     423.512852
      5.194575     373.885743
      5.212100     450.159662
      5.222289     463.978223
      5.242737     379.566330
      5.258899     378.588710
      5.269318     438.840165
      5.280542     454.291312
      5.297030     501.755717
      5.317605     484.624075
      5.332108     458.033506
      5.348483     482.256891
      5.358284     425.645189
      5.376340     500.268963
      5.393795     428.928567
      5.407741     508.482431
      5.416797     501.418200
      5.438375     492.658664
      5.451152     546.599580
      5.460251     622.922851
      5.475032     558.016730
      5.493156     642.002300
      5.509283     565.269698
      5.527827     684.904924
      5.544654     677.612523
      5.557523     726.816806
      5.572830     690.601381
      5.581059     799.505756
      5.600656     806.210022
      5.619044     805.036357
      5.628713     808.722418
      5.642801     965.921607
      5.661528     950.824501
      5.675678     978.221573
      5.690528     997.197261
      5.704824     989.381801
      5.724251    1157.745855
      5.730909    1286.073123
      5.747562    1424.731407
      5.766920    1508.442121
      5.776294    1678.952296
      5.793236    1909.397766
      5.813040    2348.550405
      5.820693    2795.734052
      5.842459    2976.994363
      5.859920    2518.302246
      5.871813    1626.200191
      5.889920     925.284857
      5.898237     550.420624
      5.910371     466.085689
      5.928230     509.548461
      5.944237     382.033150
      5.964499     420.136104
      5.977970     475.477832
      5.986141     392.373786
      6.004614     368.474595
      6.022540     376.041765
      6.035446     409.278753
      6.045107     376.682341
      6.063786     390.536704
      6.075542     400.260352
      6.094728     395.367972
      6.107084     392.736957
      6.125067     348.272643
      6.143454     395.831779
      6.154839     458.370487
      6.172029     444.734030
      6.183708     439.203706
      6.203517     365.008083
      6.212141     433.336304
      6.234144     408.499138
      6.240204     339.682908
      6.263775     439.901045
      6.276807     377.623564
      6.288584     460.179235
      6.304292     429.712182
      6.317895     399.730488
      6.334056     383.407303
      6.352135     445.286585
      6.364468     422.662768
      6.383018     455.415282
      6.394974     454.270485
      6.411162     382.548229
      6.420630     393.498058
      6.440765     468.504654
      6.459434     480.892887
      6.466753     430.166520
      6.480247     428.410872
      6.498963     444.541447
      6.510315     408.566854
      6.534547     494.011222
      6.543820     465.609692
      6.557940     513.077733
      6.571564     457.552598
      6.589519     484.182897
      6.607036     565.665621
      6.622313     508.144215
      6.637539     585.223016
      6.650097     599.205901
      6.666288     711.489032
      6.680378     701.570174
      6.696597     801.743925
      6.707375     838.201518
      6.723071     951.803148
      6.739982    1087.810074
      6.751918    1063.263496
      6.768757     875.979534
      6.782491     561.252147
      6.804010     488.252012
      6.813639     373.928625
      6.830778     422.241439
      6.847119     423.391074
      6.855129     360.169319
      6.873283     406.345214
      6.892231     381.703004
      6.900012     383.542313
      6.918320     359.684531
      6.931412     427.542052
      6.951230     487.306837
      6.969335     449.110360
      6.982395     366.273404
      6.995985     335.930428
      7.005897     410.016131
      7.023000     460.280200
      7.036336     380.764934
      7.054984     434.289508
      7.071307     362.206728
      7.088557     449.414201
      7.104657     412.926638
      7.112578     425.249569
      7.131461     450.725477
      7.148085     383.296213
      7.162590     397.413029
      7.170626     414.630708
      7.185196     488.262152
      7.209119     499.796933
      7.215986     436.455294
      7.230375     436.417150
      7.246578     439.852065
      7.269127     471.516677
      7.283958     512.590865
      7.294338     471.789569
      7.306445     519.148313
      7.322705     555.488260
      7.342191     528.186590
      7.355943     634.959097
      7.367894     603.709921
      7.386030     577.371803
      7.399448     653.275254
      7.418414     702.909764
      7.426928     681.557506
      7.444308     755.191980
      7.458276     818.689792
      7.473958     955.507319
      7.491456     974.452874
      7.502379    1071.316100
      7.521345    1267.983701
      7.531843    1428.307846
      7.548434    1525.220288
      7.564808    1301.419379
      7.579894     947.119199
      7.593260     636.955411
      7.607190     564.231824
      7.628988     477.568850
      7.641163     434.756384
      7.654738     490.148951
      7.672486     413.171712
      7.685478     433.948274
      7.702708     516.912884
      7.712791     403.729562
      7.727042     416.045892
      7.749970     453.780282
      7.758589     439.437667
      7.777686     452.342462
      7.787214     481.481862
      7.802949     492.753404
      7.819367     465.467699
      7.838034     502.129074
      7.853138     419.987429
      7.865002     449.717181
      7.882880     491.464849
      7.898880     510.179203
      7.907256     471.701888
      7.929010     530.529185
      7.939573     505.013187
      7.958273     543.649765
      7.972292     495.792581
      7.984968     537.781241
      8.002465     569.052958
      8.014679     599.078246
      8.026326     634.284274
      8.041188     660.701733
      8.056163     702.936126
      8.072317     734.622718
      8.086507     763.020870
      8.105334     702.672688
      8.123720     769.158042
      8.132656     868.450658
      8.146255     880.282314
      8.166327    1035.004677
      8.179871    1084.309350
      8.192056    1227.742847
      8.209311    1349.101617
      8.223980    1529.671239
      8.240424    1796.866207
      8.258256    2048.454138
      8.269344    2162.582385
      8.285145    1939.324246
      8.299966    1299.831866
      8.316142     817.665700
      8.334283     530.983270
      8.340716     469.879239
      8.360680     447.930749
      8.379607     454.395768
      8.394408     402.598607
      8.407978     346.864276
      8.419094     396.675355
      8.430731     388.148029
      8.445343     350.250681
      8.467024     419.915295
      8.483091     385.077574
      8.491394     347.302611
      8.513266     409.794944
      8.522208     408.834614
      8.536646     332.291430
      8.555144     392.626917
      8.570105     395.397936
      8.585194     369.443844
      8.595256     358.812107
      8.617062     393.551245
      8.627486     369.229342
      8.641345     317.319163
      8.657856     339.783576
      8.671515     379.139842
      8.688961     321.064163
      8.707248     340.827205
      8.718234     370.634781
      8.730798     351.988898
      8.745335     400.947749
      8.766095     437.608842
      8.775433     372.071384
      8.790886     317.327986
      8.813916     326.066324
      8.828324     385.078167
      8.841212     346.389361
      8.855658     380.094566
      8.871847     398.745084
      8.882141     433.342810
      8.897444     453.913150
      8.914868     503.858799
      8.927279     488.017463
      8.941761     498.188540
      8.962020     390.664453
      8.970530     423.073696
      8.993019     355.956360
      9.004519     376.932778
      9.015203     373.068987
      9.031950     404.109175
      9.047116     397.047121
      9.060727     344.648208
      9.081854     394.564591
      9.099575     375.231851
      9.107399     313.323294
      9.127536     323.274194
      9.137273     348.890362
      9.154230     393.908171
      9.170304     385.464063
      9.182696     359.523288
      9.199713     362.147897
      9.216362     372.433554
      9.225935     379.200358
      9.244822     401.539201
      9.258380     344.862699
      9.277082     319.462630
      9.289949     295.304814
      9.308268     349.807018
      9.316293     334.640391
      9.330206     364.492026
      9.348089     372.322846
      9.362903     400.719621
      9.384803     322.458601
      9.392101     333.612366
      9.406736     343.074872
      9.423922     304.620130
      9.442433     313.463291
      9.457910     388.301089
      9.469131     341.720285
      9.484799     389.878701
      9.501155     429.922935
      9.510212     402.398321
      9.534221     424.915596
      9.540401     391.588687
      9.558437     403.689400
      9.577332     430.637676
      9.592053     395.650375
      9.604838     337.626824
      9.623577     360.663458
      9.636921     297.582377
      9.645607     330.977048
      9.667151     383.314390
      9.676957     409.675691
      9.690793     422.670685
      9.707218     408.544062
      9.728297     423.844334
      9.740680     413.139208
      9.751215     442.939633
      9.774709     381.864465
      9.781660     379.995777
      9.798291     429.614017
      9.815676     401.540400
      9.827275     397.770043
      9.847875     395.604097
      9.858270     380.759645
      9.876777     373.304977
      9.885795     373.386419
      9.901059     415.185969
      9.922096     378.795130
      9.931992     381.551104
      9.952807     390.567337
      9.962156     458.733231
      9.978819     407.596618
      9.991252     439.449511
     10.010707     441.266251
     10.020893     454.232939
     10.037679     497.892328
     10.059934     501.859263
     10.070326     489.651340
     10.085570     497.550415
     10.099189     541.214327
     10.112115     633.970303
     10.131864     646.333930
     10.144745     645.696081
     10.160115     573.568359
     10.179421     554.984307
     10.188595     460.383499
     10.202195     448.659322
     10.222916     396.169914
     10.235033     409.923105
     10.245792     347.580428
     10.262748     357.556159
     10.282643     380.053430
     10.297835     357.752173
     10.310598     356.790870
     10.322107     391.447911
     10.341226     353.436476
     10.354266     405.475150
     10.370838     405.804670
     10.388863     387.099680
     10.402589     301.730891
     10.411781     405.180182
     10.427784     389.751997
     10.446257     359.804935
     10.462873     321.638081
     10.470638     426.259477
     10.488185     378.043896
     10.507529     355.970039
     10.523477     354.777106
     10.537676     410.977006
     10.546905     444.261299
     10.560627     385.799049
     10.577520     434.542449
     10.593894     393.542290
     10.606002     390.761598
     10.627882     436.919566
     10.635785     420.109136
     10.659879     444.709907
     10.667822     459.661833
     10.686113     430.449173
     10.695373     455.739168
     10.715333     440.998736
     10.729166     372.916196
     10.744810     406.929959
     10.755775     382.767933
     10.774745     440.285590
     10.793552     382.409418
     10.801834     390.635528
     10.821123     366.283574
     10.836466     386.417097
     10.853083     418.324824
     10.860686     401.374057
     10.881731     381.289296
     10.895507     405.026039
     10.910368     405.478937
     10.925615     400.295338
     10.943818     404.810227
     10.957082     439.501942
     10.968450     431.200844
     10.984073     437.032457
     11.003690     514.666794
     11.016928     516.323767
     11.027214     487.777853
     11.043439     538.144330
     11.059941     543.282931
     11.070756     571.344613
     11.090241     595.860038
     11.100580     634.608903
     11.116976     653.209688
     11.130300     645.630381
     11.148078     736.457370
     11.166768     757.518044
     11.183269     844.527547
     11.196877     960.973304
     11.208449    1009.291525
     11.220968     901.126553
     11.236032     720.533452
     11.252793     563.227811
     11.265558     477.185153
     11.285955     422.919083
     11.297305     401.041587
     11.318390     378.731964
     11.328448     378.643373
     11.342397     372.216141
     11.362981     417.248686
     11.377447     462.551523
     11.392113     371.923437
     11.401228     410.468231
     11.422877     423.732015
     11.430157     372.224697
     11.449332     388.922088
     11.467659     379.446146
     11.480852     467.376174
     11.497665     434.729971
     11.509573     414.422154
     11.527073     367.281323
     11.543965     421.039188
     11.555501     466.682320
     11.570505     468.039774
     11.580104     521.496934
     11.604245     495.052998
     11.616909     496.596954
     11.634378     526.539462
     11.649686     506.128007
     11.664220     560.232558
     11.678736     590.935811
     11.690432     638.438092
     11.707214     645.162655
     11.722001     576.078726
     11.731036     620.105201
     11.753779     487.060182
     11.761973     480.663775
     11.781127     444.288769
     11.797174     460.762695
     11.807188     423.742654
     11.828417     442.701581
     11.843522     421.823970
     11.858973     408.473037
     11.870474     476.326784
     11.889722     382.250758
     11.899289     478.921465
     11.914944     414.960125
     11.928847     427.185885
     11.947935     491.466213
     11.964730     420.649291
     11.972871     460.803893
     11.990643     495.250852
     12.004081     465.212910
     12.024866     539.311175
     12.036166     538.074306
     12.049261     557.767364
     12.064110     621.993342
     12.077952     559.342790
     12.098828     659.500525
     12.108192     707.697197
     12.123546     783.069893
     12.135453     844.230671
     12.156660     912.512734
     12.171316    1018.090529
     12.187713    1152.034812
     12.198757    1085.020190
     12.215149     965.450822
     12.225864     699.253884
     12.242141     532.311417
     12.255472     471.651015
     12.271954     455.541057
     12.293961     359.098304
     12.301520     432.989106
     12.317267     401.085398
     12.338459     420.117922
     12.354244     410.198305
     12.365991     366.235006
     12.382402     411.764455
     12.396362     399.037473
     12.407534     429.849069
     12.421327     368.641976
     12.437071     356.500692
     12.450381     367.548583
     12.470417     383.749635
     12.486078     406.328543
     12.496281     351.533555
     12.517226     353.004748
     12.532714     382.996141
     12.547981     360.894625
     12.562492     402.109154
     12.571279     439.332893
     12.593036     357.209756
     12.602159     411.522901
     12.615573     397.863896
     12.633505     355.722325
     12.651886     363.094228
     12.669071     344.870036
     12.681020     358.878757
     12.696561     346.024558
     12.710927     403.596284
     12.728191     439.122599
     12.736688     384.553801
     12.754730     394.235223
     12.765132     320.010824
     12.786290     418.749917
     12.799307     347.118918
     12.812561     377.394818
     12.829284     392.594028
     12.843904     338.235518
     12.859304     384.784418
     12.875702     389.858683
     12.887140     377.356092
     12.902351     360.966874
     12.923559     374.281202
     12.932082     404.674939
     12.947136     408.334274
     12.960725     446.151735
     12.984043     382.551181
     12.991798     416.872439
     13.014146     404.002777
     13.029304     377.057532
     13.042741     376.846055
     13.057857     457.702887
     13.074478     409.695161
     13.085181     465.801053
     13.095950     459.471597
     13.111148     499.832664
     13.128662     463.565584
     13.147490     450.543362
     13.163759     441.603156
     13.175053     419.067642
     13.194777     425.668860
     13.202013     446.328425
     13.220775     467.422813
     13.239816     504.180385
     13.253695     461.597828
     13.266187     365.969399
     13.275279     473.718207
     13.292203     421.291861
     13.307336     468.760094
     13.328462     509.508363
     13.342402     496.960777
     13.354488     529.232892
     13.365221     476.243313
     13.386205     479.470957
     13.401306     566.398280
     13.417713     534.027960
     13.430601     591.588306
     13.445650     647.760067
     13.458746     610.637039
     13.470902     736.188010
     13.490875     813.497841
     13.506571     892.828127
     13.523208     911.958958
     13.530496     981.011126
     13.551909     984.493834
     13.560186     834.791375
     13.584534     585.741041
     13.592413     514.211153
     13.613273     436.294216
     13.620307     426.679591
     13.643669     388.107192
     13.657801     487.548530
     13.671620     394.724570
     13.687793     387.624489
     13.698157     407.925429
     13.713389     408.519147
     13.727885     385.454300
     13.747961     472.965936
     13.757916     497.146094
     13.776664     471.075683
     13.793836     514.521891
     13.807041     454.180016
     13.819816     444.754735
     13.834742     437.468131
     13.851195     537.956182
     13.862761     548.646476
     13.884671     597.832428
     13.898212     574.924920
     13.907130     693.368772
     13.927686     692.363893
     13.944784     729.712231
     13.958877     765.578858
     13.967350     648.493049
     13.988090     596.421722
     13.995675     521.848936
     14.014990     486.095269
     14.025961     427.628969
     14.049915     413.718655
     14.055871     431.395994
     14.075906     367.844137
     14.089927     355.533242
     14.100683     424.010697
     14.115934     380.413865
     14.133237     338.460692
     14.153025     426.441491
     14.168260     402.544892
     14.183689     439.907679
     14.194344     414.897262
     14.205518     416.328190
     14.228755     379.434998
     14.240084     493.732612
     14.250739     452.454804
     14.269229     433.466065
     14.287271     484.088825
     14.300917     497.095150
     14.311011     615.066649
     14.332882     596.596355
     14.346092     639.403052
     14.357760     616.086330
     14.377153     662.669560
     14.390719     602.444720
     14.408102     477.501584
     14.415310     429.629971
     14.432812     444.433008
     14.446863     414.945206
     14.463402     443.429693
     14.479688     346.444724
     14.497406     441.983128
     14.511706     381.197638
     14.520525     351.529571
     14.541524     434.754966
     14.554457     370.208765
     14.567984     372.791081
     14.581153     361.044040
     14.597570     354.923040
     14.612295     444.710925
     14.634598     492.589089
     14.647260     391.096127
     14.659248     419.840772
     14.676834     486.031011
     14.693856     521.336020
     14.708158     582.348166
     14.716308     671.763629
     14.731117     631.054783
     14.751874     716.729885
     14.769680     687.783064
     14.779638     657.556667
     14.792475     574.470504
     14.810591     499.176816
     14.821355     433.857485
     14.838991     432.874006
     14.857029     424.912020
     14.867816     396.811252
     14.883608     391.520636
     14.898246     380.561804
     14.918764     336.773145
     14.928606     399.335976
     14.942610     403.761325
     14.959712     360.439104
     14.979234     339.729234
     14.994625     347.207930
     15.009969     394.012876
     15.021834     381.945156
     15.032791     327.435482
     15.052796     385.283514
     15.064671     358.280345
     15.081237     414.096306
     15.094795     405.407844
     15.114084     435.143399
     15.124024     412.560971
     15.137626     419.735368
     15.156722     404.714333
     15.168145     406.149042
     15.184048     360.791350
     15.203453     404.394012
     15.213950     349.082119
     15.228422     385.872702
     15.244240     358.979080
     15.258173     367.399310
     15.274696     445.690620
     15.285678     394.508807
     15.303344     379.803623
     15.324938     343.589351
     15.335969     346.523390
     15.352476     328.454592
     15.366269     310.483373
     15.380520     407.128485
     15.393265     325.290196
     15.405420     430.661652
     15.428746     432.143330
     15.436504     364.102571
     15.454492     412.986332
     15.466444     428.437330
     15.489442     434.718121
     15.500638     454.004493
     15.518825     499.979295
     15.528669     426.092794
     15.540732     422.239546
     15.557904     475.445887
     15.573610     384.461704
     15.590360     395.589906
     15.601746     357.806468
     15.622271     378.263627
     15.632439     317.442571
     15.650766     372.008760
     15.660424     396.687023
     15.676721     417.609152
     15.699781     418.772479
     15.709002     407.275951
     15.724570     427.447607
     15.743878     380.476686
     15.758117     455.051545
     15.765464     451.721752
     15.781160     499.308567
     15.799152     538.540737
     15.816008     510.068759
     15.827064     623.591613
     15.842971     700.623039
     15.864577     666.764954
     15.878133     768.018302
     15.892379     754.999430
     15.909416     706.759410
     15.923051     631.247341
     15.939858     539.782604
     15.953444     419.114409
     15.963007     351.344120
     15.981294     342.021257
     15.991222     329.502064
     16.012725     398.788861
     16.023389     399.697297
     16.043526     385.027222
     16.052881     292.413567
     16.068427     346.599535
     16.086956     305.319792
     16.097564     331.798226
     16.119563     323.821784
     16.134632     324.015019
     16.147133     296.647876
     16.163445     381.834436
     16.175697     318.045297
     16.194069     302.590592
     16.206108     360.810459
     16.217064     337.139482
     16.239207     381.039338
     16.245097     371.722990
     16.265304     308.321247
     16.276744     325.786824
     16.294029     391.076301
     16.312067     365.431747
     16.329761     376.524153
     16.343335     272.064285
     16.350129     352.984758
     16.368264     336.686595
     16.388292     339.679417
     16.402427     305.795963
     16.418341     394.185123
     16.426481     333.203632
     16.445465     341.876923
     16.458565     410.836429
     16.479241     389.980317
     16.485416     437.266370
     16.505953     380.566784
     16.517001     440.071101
     16.539730     420.687992
     16.551078     458.055630
     16.564668     530.597587
     16.583876     553.592724
     16.591265     630.998590
     16.612491     612.766491
     16.628065     572.248011
     16.640415     472.813404
     16.650970     432.280750
     16.669638     366.012592
     16.686214     333.638524
     16.695081     389.424448
     16.715379     350.040902
     16.730932     333.801246
     16.749481     363.182200
     16.760072     372.927914
     16.774755     288.050689
     16.794604     342.264502
     16.800166     292.598140
     16.815539     392.981929
     16.837475     321.159157
     16.854450     404.080790
     16.860652     411.713771
     16.877817     474.290810
     16.891906     466.657093
     16.910204     482.030826
     16.926939     493.051722
     16.935687     484.473117
     16.957509     512.656423
     16.968213     435.702526
     16.989264     431.397283
     17.001853     414.456994
     17.014158     302.266275
     17.032488     288.581732
     17.042324     249.196269
     17.060116     344.035382
     17.078601     265.787125
     17.091040     279.288647
     17.102248     278.676159
     17.120627     335.866612
     17.136255     264.159005
     17.152346     274.326990
     17.161040     359.983541
     17.180150     294.019203
     17.190141     267.934979
     17.214347     289.293100
     17.229396     285.718860
     17.244433     320.908712
     17.259054     296.170273
     17.267454     372.670243
     17.288281     350.166524
     17.302687     325.374263
     17.311155     352.015445
     17.329452     270.712588
     17.341049     281.208133
     17.361717     340.656936
     17.377044     300.197242
     17.386956     317.931459
     17.409107     276.720932
     17.420640     376.087286
     17.437146     354.039611
     17.448188     327.621840
     17.467032     274.155069
     17.477750     314.530072
     17.494712     319.330936
     17.505082     357.552403
     17.521135     332.321500
     17.541879     384.156081
     17.558174     376.866024
     17.571917     405.838358
     17.585349     429.408321
     17.603996     414.852088
     17.614528     397.787567
     17.634070     380.784133
     17.643435     418.158532
     17.659654     398.399520
     17.676696     297.428450
     17.692516     292.795125
     17.705079     329.308235
     17.715967     277.369102
     17.730043     294.421870
     17.753111     361.477415
     17.760786     321.990710
     17.776533     292.903618
     17.797963     322.720493
     17.814234     281.176089
     17.826957     340.090983
     17.843348     358.399982
     17.852478     310.875257
     17.874788     315.865521
     17.885127     366.714909
     17.900373     336.893683
     17.915027     308.271152
     17.930570     412.600969
     17.941623     397.075467
     17.957297     308.789664
     17.977280     395.395990
     17.994766     303.555748
     18.002945     320.563033
     18.019326     313.633899
     18.037618     266.707058
     18.053467     284.141069
     18.062672     321.600085
     18.081244     299.457525
     18.093623     251.127578
     18.111417     224.429692
     18.125273     276.871292
     18.139903     331.622002
     18.158488     290.863249
     18.172499     330.509332
     18.182737     316.863906
     18.196160     249.652916
     18.210025     323.183245
     18.228778     336.914158
     18.246111     256.419655
     18.263751     346.157957
     18.270334     327.866641
     18.289652     310.516015
     18.305721     258.902957
     18.317915     282.603790
     18.337213     333.484058
     18.347833     281.277322
     18.369781     280.497262
     18.379289     320.335048
     18.391256     266.401970
     18.408294     272.852274
     18.423108     285.554818
     18.444377     308.129792
     18.455467     243.544442
     18.472167     298.546088
     18.480303     229.101636
     18.496983     246.382716
     18.513287     248.726264
     18.532273     341.709764
     18.545013     268.650086
     18.558803     331.354424
     18.575974     339.940444
     18.593176     280.099004
     18.609479     276.432781
     18.615218     298.686659
     18.639283     328.059278
     18.650575     296.039118
     18.663728     359.835073
     18.682955     319.298038
     18.691966     315.440656
     18.705665     299.340091
     18.727426     322.034584
     18.736786     280.272499
     18.751822     332.014388
     18.772538     306.529024
     18.789108     358.086973
     18.804200     350.233295
     18.813643     351.849436
     18.826399     380.982478
     18.846078     402.290925
     18.855518     491.284683
     18.872963     477.145778
     18.892859     459.785266
     18.904709     458.779871
     18.921547     391.606826
     18.932270     413.417195
     18.953874     326.108023
     18.964058     275.942541
     18.983612     269.103794
     18.995403     279.417608
     19.008595     313.088461
     19.026682     288.838579
     19.037018     307.795454
     19.052379     292.205831
     19.069459     287.418707
     19.086124     335.653840
     19.103868     337.042606
     19.111240     352.924083
     19.128167     313.321868
     19.146687     318.619946
     19.163796     311.120273
     19.171612     371.688757
     19.192729     365.170872
     19.207563     377.359933
     19.216312     384.980942
     19.236794     298.097479
     19.252826     369.902526
     19.261473     291.982717
     19.280615     332.419019
     19.292667     336.844882
     19.309142     297.302933
     19.322275     285.449692
     19.344502     379.330290
     19.357017     372.093898
     19.373466     338.698916
     19.387621     351.582211
     19.401456     356.983918
     19.419388     328.310529
     19.431042     398.162759
     19.445092     440.184848
     19.462947     369.996547
     19.477135     369.070446
     19.490546     468.395059
     19.500184     477.448811
     19.518458     400.082729
     19.537092     372.046940
     19.552931     295.341178
     19.567906     321.998382
     19.579407     291.385321
     19.592829     336.979660
     19.606868     372.763652
     19.625646     328.966812
     19.640426     326.981299
     19.650049     275.509080
     19.670771     335.764632
     19.689921     251.873994
     19.704279     338.754204
     19.719456     340.347718
     19.734637     259.320900
     19.747291     302.600757
     19.762741     311.540299
     19.770236     366.428538
     19.792559     359.601484
     19.804956     338.139963
     19.819448     309.913687
     19.832339     353.549209
     19.847823     295.259855
     19.866419     370.482729
     19.880617     317.141868
     19.895589     320.085677
     19.910662     318.160041
     19.928331     296.798522
     19.941974     293.701146
     19.959182     368.084357
     19.974845     355.199150
     19.982954     302.006354
     19.996601     336.633102
     20.018192     391.752903
     20.028403     324.242288
     20.047307     308.746052
     20.058552     382.905476
     20.075480     430.137116
     20.090117     398.763464
     20.108975     433.974586
     20.124824     374.753599
     20.134509     365.507461
     20.148158     371.153483
     20.164553     284.956604
     20.176619     303.052153
     20.195433     373.272952
     20.212495     316.549683
     20.228186     338.371515
     20.237651     338.729004
     20.251239     315.359308
     20.265128     370.744436
     20.282199     295.566018
     20.300697     362.142800
     20.315857     294.315649
     20.325207     348.231415
     20.346889     325.278455
     20.358820     381.167574
     20.374842     356.304395
     20.385444     385.207098
     20.408734     319.272886
     20.418736     292.406163
     20.434334     316.273794
     20.446220     299.520970
     20.468592     350.923781
     20.478816     363.929883
     20.493509     327.276099
     20.509430     310.142413
     20.522543     355.710306
     20.543334     281.849546
     20.555675     278.688149
     20.574935     399.210456
     20.585517     364.541370
     20.598257     407.393634
     20.616990     374.227567
     20.633450     413.000741
     20.645766     369.291042
     20.656664     438.625566
     20.675088     421.751658
     20.690142     341.611407
     20.708726     296.617894
     20.715914     355.687951
     20.734452     296.890160
     20.747999     331.149622
     20.765394     372.561204
     20.775352     361.257820
     20.796762     389.838237
     20.810065     398.534178
     20.820439     409.193546
     20.841882     379.990539
     20.855300     391.790732
     20.871382     413.809033
     20.884998     398.202451
     20.902448     416.862297
     20.916349     430.099957
     20.925552     500.075166
     20.946987     453.709879
     20.955091     387.384018
     20.977848     359.909977
     20.989614     409.485712
     21.005308     321.264628
     21.023373     389.863014
     21.038768     295.021381
     21.052127     322.477968
     21.068881     267.756148
     21.081839     266.006040
     21.094634     301.705156
     21.110672     381.810187
     21.123060     336.934946
     21.139767     303.687953
     21.150538     351.474480
     21.165738     339.836011
     21.186726     350.608153
     21.200263     255.918927
     21.214291     313.397371
     21.231920     340.452263
     21.244557     265.051432
     21.255346     301.179346
     21.271233     353.591708
     21.285343     311.670485
     21.309806     297.560426
     21.315105     262.247792
     21.332609     312.368276
     21.351763     289.281557
     21.360955     388.562851
     21.379471     413.163748
     21.396690     338.899432
     21.408015     326.900481
     21.424441     439.224578
     21.439392     374.251415
     21.451693     456.946183
     21.469360     458.421076
     21.483615     422.224874
     21.499329     460.835124
     21.517702     427.772059
     21.529754     327.015491
     21.540853     346.006736
     21.556177     408.741822
     21.579523     284.797846
     21.593134     344.813298
     21.603854     362.118969
     21.617286     323.217875
     21.631653     335.346291
     21.653048     276.623650
     21.668842     299.387889
     21.682222     335.094275
     21.691820     326.452426
     21.711395     338.449082
     21.725853     374.716499
     21.738188     305.808564
     21.751484     359.565100
     21.771348     354.343398
     21.787511     357.116644
     21.802019     374.269829
     21.813555     348.443733
     21.826313     313.920098
     21.841353     361.069561
     21.858425     359.146175
     21.870897     340.925260
     21.886724     327.243520
     21.908456     299.564477
     21.921750     348.608535
     21.934354     395.994024
     21.953091     308.921199
     21.965212     312.926686
     21.983004     391.190888
     21.994129     313.375054
     22.011122     330.966709
     22.021820     424.898025
     22.036875     319.865984
     22.051958     353.309068
     22.074287     327.072698
     22.080971     366.595901
     22.102038     334.316984
     22.119502     334.729280
     22.131845     289.068046
     22.143994     296.254508
     22.159255     276.620999
     22.173574     357.163654
     22.188437     360.548346
     22.205017     383.373706
     22.222455     434.482423
     22.231348     426.532046
     22.253262     425.581793
     22.260296     452.048552
     22.276538     460.003837
     22.292836     466.467331
     22.313592     445.267204
     22.323369     408.247873
     22.336494     331.531357
     22.350975     294.496253
     22.371196     286.976645
     22.380682     379.219740
     22.401578     298.257186
     22.417743     345.089143
     22.430817     356.606607
     22.447793     291.605770
     22.457610     290.517484
     22.470635     316.282767
     22.492034     308.914271
     22.508326     325.834657
     22.519438     362.519464
     22.536175     347.669123
     22.551898     360.622820
     22.560144     293.521859
     22.579368     317.521893
     22.598418     341.713372
     22.609420     299.821693
     22.623786     401.362383
     22.636293     357.873767
     22.657956     333.925100
     22.668773     319.429764
     22.686253     266.317904
     22.695273     312.235025
     22.718326     255.214271
     22.733101     376.539227
     22.745581     392.445045
     22.760525     338.929003
     22.779932     401.970917
     22.793428     348.190003
     22.805218     318.857870
     22.824828     376.154327
     22.832612     388.148241
     22.853276     317.013630
     22.869620     298.705236
     22.877899     362.485183
     22.896998     294.055116
     22.906459     328.184106
     22.929576     364.175990
     22.937387     340.048297
     22.956914     249.994317
     22.971354     316.239809
     22.981472     327.588432
     23.003042     281.889655
     23.014711     244.559579
     23.025439     305.739136
     23.049594     248.986492
     23.056687     253.202733
     23.073400     260.963151
     23.089560     327.316663
     23.100467     244.912263
     23.120991     268.330221
     23.130518     328.313614
     23.150254     272.668234
     23.165892     262.417540
     23.183952     315.645342
     23.194617     291.363170
     23.211386     330.425208
     23.228980     289.739548
     23.242576     271.692128
     23.254705     352.888568
     23.270723     365.716262
     23.281323     386.627327
     23.298069     353.747445
     23.310137     364.228735
     23.331618     313.735387
     23.340385     351.566111
     23.360037     291.562753
     23.373814     356.261617
     23.393644     286.715049
     23.400113     331.184220
     23.418514     307.092638
     23.430689     361.552817
     23.451436     279.448696
     23.469644     367.364659
     23.480846     365.823890
     23.498291     358.553383
     23.511182     337.831394
     23.523371     373.041977
     23.544166     389.908063
     23.552206     407.592198
     23.565754     372.762353
     23.588271     341.279266
     23.595151     358.460391
     23.618527     381.321524
     23.633132     304.885198
     23.640470     386.208805
     23.662290     365.515574
     23.676733     307.536658
     23.687153     356.316216
     23.705656     322.487209
     23.716352     290.613889
     23.731635     336.919109
     23.747301     275.042228
     23.768106     371.343827
     23.775962     320.612695
     23.791670     280.180918
     23.809833     355.043300
     23.825983     348.960901
     23.844341     347.086743
     23.858408     310.102516
     23.874222     294.068048
     23.882203     277.817344
     23.902086     325.068099
     23.912628     350.929836
     23.926650     282.734303
     23.941456     257.667386
     23.955659     296.951314
     23.974611     249.628116
     23.994374     287.713729
     24.001622     356.542784
     24.016221     298.717613
     24.038893     340.183784
     24.050558     326.550543
     24.069640     397.596333
     24.077288     326.986897
     24.091559     326.288012
     24.111923     282.301804
     24.122574     320.939898
     24.140738     283.731916
     24.156822     275.222476
     24.173388     319.310229
     24.189437     339.903554
     24.197043     292.038117
     24.217445     232.552196
     24.231917     271.350630
     24.241594     258.269305
     24.261629     320.657055
     24.277610     250.946313
     24.286246     278.404409
     24.301392     298.312565
     24.320837     338.199761
     24.335300     351.102363
     24.352082     343.332713
     24.360822     316.709885
     24.375421     274.946124
     24.390656     348.872245
     24.411423     262.641400
     24.427854     255.677893
     24.443514     317.547448
     24.459787     339.388173
     24.465244     295.821452
     24.480589     372.885536
     24.497475     350.780554
     24.516615     306.801064
     24.529717     321.939565
     24.544893     283.818254
     24.555648     341.351906
     24.576250     300.364284
     24.591734     315.135517
     24.602215     260.071847
     24.622917     348.265800
     24.635394     298.959736
     24.652398     254.232667
     24.664577     280.893921
     24.675484     353.051053
     24.691114     257.556401
     24.714835     351.927177
     24.727709     305.651502
     24.736583     293.274501
     24.752966     352.800322
     24.774874     247.420918
     24.784631     356.509676
     24.803152     296.953263
     24.812955     268.378015
     24.831283     303.765411
     24.843705     383.317192
     24.856341     384.462785
     24.873731     319.062551
     24.886126     283.379865
     24.902510     360.328598
     24.923938     392.638229
     24.930982     408.877897
     24.949370     434.367939
     24.961301     379.992408
     24.981159     400.650985
     24.995642     389.952506
     25.007034     410.782798
     25.026617     451.792018
     25.043396     458.957098
     25.057144     383.321611
     25.065251     392.298540
     25.082361     433.557772
     25.101698     329.345501
     25.115537     380.895993
     25.128543     351.950020
     25.145313     280.648274
     25.161860     376.851488
     25.171121     336.208468
     25.185303     349.860360
     25.203946     334.694936
     25.219273     387.043250
     25.231642     391.852154
     25.245920     378.939066
     25.261406     336.244733
     25.276085     285.654715
     25.296502     342.450260
     25.313259     305.389755
     25.325162     354.496860
     25.341683     231.316480
     25.359239     327.171858
     25.372240     264.427752
     25.386341     327.115271
     25.402435     267.478016
     25.414685     311.932589
     25.426271     280.644369
     25.449393     325.163772
     25.464009     309.077259
     25.477244     341.310421
     25.494682     256.586838
     25.504697     274.176565
     25.521515     280.372344
     25.539481     297.570275
     25.546718     283.891338
     25.562907     300.864308
     25.582430     275.096664
     25.596882     272.894149
     25.609053     299.162035
     25.624406     257.987357
     25.641728     256.072690
     25.654877     339.659796
     25.672997     311.946894
     25.683210     324.155272
     25.698367     279.389657
     25.714863     338.319456
     25.729768     303.690194
     25.740066     337.901874
     25.762261     303.339450
     25.779552     291.451245
     25.785883     294.462275
     25.804150     295.243144
     25.819693     321.767227
     25.834167     322.522714
     25.854347     297.090124
     25.864098     268.620681
     25.882269     322.240151
     25.890369     241.900527
     25.910703     306.323676
     25.928929     325.243505
     25.941689     289.281107
     25.953319     263.570835
     25.967049     313.136833
     25.986278     309.880829
     26.002972     332.372997
     26.010343     313.697328
     26.025812     323.385436
     26.045174     282.952377
     26.062330     332.154768
     26.079128     254.693784
     26.093405     353.943742
     26.109805     321.112590
     26.122276     257.841952
     26.131804     310.427763
     26.151359     358.591233
     26.162103     358.817488
     26.179050     281.085214
     26.195272     329.906121
     26.207716     343.670203
     26.223352     365.922949
     26.243822     320.832167
     26.251119     291.319542
     26.268921     305.220574
     26.284186     315.027915
     26.302551     280.569384
     26.313194     324.524818
     26.329612     321.150671
     26.344714     372.164651
     26.364221     300.582845
     26.374901     358.406897
     26.392753     378.206129
     26.407289     353.546266
     26.415700     281.293617
     26.432219     296.444840
     26.450571     283.203745
     26.461485     277.394072
     26.479641     334.469527
     26.498565     302.981243
     26.509395     306.072613
     26.527985     306.305937
     26.542044     240.113303
     26.551005     331.818922
     26.573586     296.769519
     26.587866     381.190956
     26.595380     334.239253
     26.613069     368.970559
     26.629736     331.104255
     26.641916     337.818029
     26.664369     317.359450
     26.670958     339.298130
     26.687000     257.929406
     26.702242     241.088827
     26.721301     358.944026
     26.730021     340.834776
     26.746437     344.458892
     26.765784     286.546977
     26.777177     293.183751
     26.797337     294.310685
     26.808232     283.143006
     26.829528     240.450699
     26.837152     319.192547
     26.854134     283.202555
     26.870816     274.116887
     26.885167     282.920763
     26.896464     291.369108
     26.918923     285.868861
     26.927429     280.293879
     26.948049     342.335695
     26.955186     302.775527
     26.979543     318.924780
     26.991768     313.196268
     27.007745     346.228022
     27.020914     337.371088
     27.036672     335.539155
     27.046369     305.369664
     27.061039     317.608862
     27.075941     321.613017
     27.096822     336.037056
     27.111973     324.394723
     27.120552     271.257528
     27.136440     305.481945
     27.151817     275.184398
     27.167261     334.186335
     27.186250     362.969104
     27.197612     348.952882
     27.218066     282.591641
     27.232498     340.784953
     27.245923     331.363917
     27.255408     355.316415
     27.274448     272.582681
     27.291823     335.859548
     27.301677     296.554390
     27.316727     336.235180
     27.330512     307.778533
     27.353928     294.786632
     27.366913     346.157548
     27.375109     321.772003
     27.397524     266.757197
     27.407177     332.184682
     27.428980     269.034301
     27.435085     285.902399
     27.453692     363.111491
     27.466318     326.070600
     27.482282     318.549378
     27.504863     338.446400
     27.515285     350.028991
     27.527933     284.048110
     27.542916     323.156972
     27.564335     260.842296
     27.575407     304.482806
     27.592520     322.245256
     27.603618     306.621338
     27.615485     233.542160
     27.630489     274.804435
     27.647453     255.051263
     27.662961     295.459319
     27.683911     345.029206
     27.692541     374.424369
     27.706122     369.539767
     27.725655     348.264431
     27.736138     336.565484
     27.755268     368.615117
     27.768795     273.863502
     27.786358     314.074186
     27.799480     302.593312
     27.811503     334.922940
     27.829557     311.367744
     27.845760     284.096784
     27.856349     344.377947
     27.877331     336.242091
     27.893408     382.993747
     27.907605     364.083892
     27.919841     402.923569
     27.939736     359.738104
     27.952559     344.195930
     27.967009     290.669012
     27.977302     328.468029
     27.997366     297.036881
     28.008918     310.911538
     28.023180     300.098061
     28.036802     273.477989
     28.054211     316.172901
     28.066435     287.201346
     28.084356     312.301266
     28.103000     249.208242
     28.110916     357.430693
     28.130518     334.276717
     28.141059     340.007851
     28.161559     343.047299
     28.173313     284.083670
     28.190523     241.417525
     28.205325     321.206282
     28.224086     347.515426
     28.239224     318.505426
     28.250494     322.858037
     28.263888     310.741586
     28.282319     282.855608
     28.291746     308.534190
     28.312673     299.618575
     28.326799     266.062105
     28.336889     347.169779
     28.359857     281.784906
     28.370121     267.623190
     28.382247     318.736188
     28.404608     298.571635
     28.414779     334.845854
     28.428153     288.513513
     28.448554     343.785920
     28.463835     404.702799
     28.478965     366.791336
     28.487249     376.544903
     28.504641     352.861324
     28.522732     333.499532
     28.535517     418.878571
     28.550845     399.201384
     28.561995     435.731516
     28.578936     376.456254
     28.599342     331.590053
     28.612889     346.936300
     28.622278     334.101093
     28.642121     335.476723
     28.653842     344.901658
     28.666966     330.703795
     28.682799     280.036947
     28.695447     308.113540
     28.718673     361.292641
     28.731854     376.490864
     28.747828     342.410075
     28.757631     288.840974
     28.774691     348.709686
     28.788504     310.082145
     28.804690     325.252984
     28.816906     291.330543
     28.839445     301.105650
     28.847344     323.532763
     28.865843     282.673546
     28.881616     294.413943
     28.892146     315.663524
     28.912645     257.390144
     28.927937     404.458108
     28.941063     298.937303
     28.954110     321.910432
     28.972996     345.518532
     28.984471     329.985236
     28.995853     304.323495
     29.010272     335.709684
     29.029091     319.252579
     29.047649     301.992706
     29.059372     281.425718
     29.073561     363.646342
     29.088846     308.525184
     29.100290     302.382199
     29.120906     321.378685
     29.136205     315.715758
     29.153904     305.790255
     29.160991     298.953818
     29.178221     291.221518
     29.190285     300.971318
     29.211730     383.335672
     29.225831     287.523020
     29.240856     305.293038
     29.259379     290.682732
     29.271967     289.601439
     29.283540     333.992145
     29.297001     321.582592
     29.313472     306.277060
     29.331346     268.085818
     29.348210     351.072458
     29.364284     273.501776
     29.379787     242.813718
     29.386404     250.081230
     29.402055     232.962856
     29.415556     279.800846
     29.430969     325.639092
     29.450043     336.511310
     29.460888     302.774530
     29.475483     318.141670
     29.491509     265.962903
     29.512545     273.688671
     29.525928     274.353245
     29.541869     270.497866
     29.555607     282.192859
     29.567013     335.709297
     29.587912     271.425631
     29.600491     296.298173
     29.611808     290.349048
     29.630705     345.011198
     29.642301     316.353991
     29.660986     310.312162
     29.670458     339.184809
     29.689861     262.731595
     29.709472     254.683693
     29.720598     265.601389
     29.735969     336.834421
     29.747421     293.439953
     29.766035     226.099251
     29.776798     262.522312
     29.798805     338.963268
     29.811860     275.975989
     29.823746     321.903557
     29.835403     278.996960
     29.857237     323.651446
     29.870898     253.755655
     29.885822     239.111586
     29.903350     300.571116
     29.914458     349.041563
     29.933218     258.668512
     29.940258     315.497462
     29.956007     276.629051
     29.974761     273.844738
     29.990986     260.608185
     30.004897     333.657618
     30.024568     288.001790
     30.039550     248.158349
     30.052310     326.101947
     30.069961     248.983677
     30.080466     236.668594
     30.093321     292.986081
     30.109116     317.778846
     30.120183     311.278395
     30.137801     314.263631
     30.156994     338.873677
     30.172789     310.448944
     30.181435     239.311371
     30.198559     215.068268
     30.216674     329.718267
     30.226821     265.175680
     30.245531     249.153699
     30.260994     284.963297
     30.273782     315.441075
     30.294060     263.815532
     30.308220     273.771387
     30.315385     274.303417
     30.336865     302.171727
     30.347875     253.817576
     30.367246     325.396214
     30.378648     354.686958
     30.392142     256.856964
     30.414929     288.918245
     30.421247     253.886009
     30.439559     289.589252
     30.451380     275.650867
     30.472875     291.180742
     30.483581     320.930624
     30.504150     308.808379
     30.519138     259.489874
     30.528036     315.538448
     30.546297     336.423537
     30.563160     328.278385
     30.578617     351.775590
     30.590324     299.959392
     30.600475     273.794744
     30.617940     279.699194
     30.639357     328.200284
     30.647564     288.594160
     30.663324     314.508596
     30.675599     298.578072
     30.690243     253.843860
     30.709880     349.704235
     30.724352     268.358681
     30.744776     295.856202
     30.750604     357.270404
     30.770442     325.774295
     30.785562     305.734981
     30.799213     336.526059
     30.818085     290.095992
     30.831734     261.473014
     30.846946     296.298335
     30.856041     314.616620
     30.875744     257.508639
     30.888628     271.386038
     30.907001     290.808145
     30.918469     302.655796
     30.932229     250.537382
     30.947652     337.739187
     30.967687     281.893792
     30.976494     281.319282
     30.997807     234.905943
     31.007120     290.211806
     31.027700     302.925206
     31.040190     225.150024
     31.057673     290.884321
     31.065797     263.338422
     31.088575     322.646835
     31.098302     251.624788
     31.113424     271.068140
     31.126539     250.764761
     31.149412     345.213301
     31.164644     233.947465
     31.173362     311.562308
     31.187247     349.753041
     31.206579     295.840746
     31.224453     317.362783
     31.234911     241.973182
     31.248454     269.365616
     31.267940     294.777600
     31.275659     286.585032
     31.292558     246.210896
     31.311888     252.290332
     31.328597     317.642369
     31.342645     288.602932
     31.351864     275.356005
     31.365076     242.590586
     31.386757     243.199191
     31.402385     234.955218
     31.417334     259.506273
     31.430939     313.220921
     31.440394     300.165410
     31.462720     288.405321
     31.478390     312.536235
     31.488637     274.811343
     31.500570     357.162164
     31.522932     315.103713
     31.531531     269.013357
     31.550159     365.539258
     31.563112     299.498519
     31.583133     308.327280
     31.594746     286.537238
     31.609741     318.003166
     31.621671     344.133733
     31.641953     329.189556
     31.657779     265.396605
     31.668338     251.504912
     31.686952     265.912933
     31.696064     263.247072
     31.711005     292.275094
     31.725069     291.471813
     31.740863     346.247765
     31.764381     222.470438
     31.777905     299.367215
     31.791863     265.043837
     31.807601     248.479049
     31.821837     290.058609
     31.836222     222.771438
     31.845346     290.007005
     31.860029     252.625494
     31.880020     334.778627
     31.895463     238.771790
     31.905034     237.997593
     31.923214     289.370665
     31.943744     241.459921
     31.954630     352.259147
     31.967597     302.530623
     31.983114     302.495384
     31.996583     255.832103
     32.011849     269.551508
     32.031429     273.679578
     32.048620     280.838120
     32.056247     343.324131
     32.078017     277.125745
     32.085675     256.927943
     32.106688     286.388567
     32.119883     279.964116
     32.132991     260.578149
     32.151383     246.599664
     32.168578     250.679488
     32.179073     318.322778
     32.197724     233.027454
     32.206806     331.367556
     32.220863     288.110655
     32.235700     274.940584
     32.257552     291.713017
     32.267766     261.514072
     32.288006     231.942234
     32.304131     328.334607
     32.317716     323.143827
     32.334365     272.824751
     32.340026     307.374449
     32.364130     318.128413
     32.375515     307.763964
     32.386400     247.813311
     32.408247     313.398366
     32.422929     238.594738
     32.430249     250.876562
     32.451149     268.441242
     32.463336     275.957643
     32.477441     243.804134
     32.495848     231.070778
     32.511435     241.507481
     32.520827     358.459903
     32.543571     308.150963
     32.559664     274.146301
     32.568473     304.027513
     32.583300     262.791073
     32.596501     330.979758
     32.615456     326.647443
     32.628094     337.151762
     32.645368     351.496978
     32.663816     293.607679
     32.671553     255.116337
     32.691315     318.492136
     32.701295     271.063805
     32.718925     348.109653
     32.730935     239.453743
     32.747904     281.541645
     32.763752     299.327517
     32.776418     286.196546
     32.792340     266.076012
     32.808204     297.467577
     32.824026     330.479121
     32.838782     311.759902
     32.857353     247.777302
     32.872088     295.785527
     32.885991     288.221343
     32.898029     346.989063
     32.911122     263.657956
     32.931895     318.022220
     32.940909     271.386248
     32.958187     285.929429
     32.973704     233.191037
     32.991587     317.072036
     33.000805     229.480941
     33.019797     264.285771
     33.038210     331.805727
     33.050103     309.967799
     33.068778     303.731434
     33.076859     289.304987
     33.092687     286.642100
     33.109668     289.803632
     33.127388     296.613568
     33.135949     265.570709
     33.154786     313.222553
     33.166088     257.934540
     33.181931     229.007389
     33.199382     222.136557
     33.211789     295.607037
     33.229662     262.048948
     33.243047     227.854188
     33.260356     279.751826
     33.277480     314.276522
     33.288627     280.246488
     33.302253     232.594279
     33.316726     277.777898
     33.331778     225.252839
     33.347913     328.634418
     33.365959     312.725851
     33.379365     234.332361
     33.393141     233.313803
     33.411601     266.947660
     33.428868     255.128389
     33.440022     301.329706
     33.455564     272.351817
     33.467726     248.349841
     33.483172     301.923375
     33.502925     280.718000
     33.515295     271.662196
     33.530288     276.957283
     33.540810     240.098634
     33.556340     217.328225
     33.576835     277.275144
     33.587922     338.043118
     33.606756     310.908585
     33.617263     266.861598
     33.638654     224.946741
     33.649395     249.174461
     33.663672     232.390458
     33.683133     242.969011
     33.697988     226.112965
     33.705275     245.761825
     33.720217     304.037784
     33.741825     318.607961
     33.751888     274.104260
     33.774464     254.991975
     33.780661     299.286606
     33.804690     274.402569
     33.817640     268.432418
     33.834259     269.002926
     33.840492     316.558752
     33.857423     295.158998
     33.878237     240.227813
     33.893393     244.634805
     33.907254     234.436638
     33.920753     256.583568
     33.932035     306.444616
     33.954470     243.022589
     33.965393     300.734926
     33.976712     321.920942
     33.995710     235.656854
     34.005124     321.958943
     34.023410     328.764801
     34.043963     270.723141
     34.051015     277.868710
     34.074842     353.252112
     34.086939     241.692661
     34.095294     249.326373
     34.118154     286.994964
     34.128579     319.944428
     34.149026     314.117176
     34.158626     288.629548
     34.172682     308.318922
     34.194531     227.217517
     34.206935     242.735506
     34.217474     278.590325
     34.233765     244.239298
     34.251692     243.570323
     34.261391     273.040996
     34.283565     260.509780
     34.296298     285.025959
     34.309000     251.067516
     34.324835     254.952422
     34.338925     281.618643
     34.354924     299.562034
     34.366523     220.542245
     34.389185     331.959410
     34.404344     318.935875
     34.416083     243.014757
     34.431301     235.837312
     34.446006     308.861351
     34.464060     314.924086
     34.477859     277.458473
     34.494060     296.643631
     34.508396     300.621158
     34.524786     308.870442
     34.534417     289.387888
     34.545663     270.861730
     34.566776     232.043809
     34.584724     265.995073
     34.592097     231.797400
     34.606825     300.269558
     34.624272     266.705226
     34.637805     282.563851
     34.656806     282.427100
     34.665608     292.115054
     34.682919     275.662517
     34.696403     347.660176
     34.714868     251.339324
     34.730615     331.949267
     34.745570     326.280622
     34.760362     323.731475
     34.777628     275.101360
     34.790796     261.443373
     34.804617     312.324688
     34.817517     218.638574
     34.836401     254.803680
     34.854850     267.724700
     34.863026     369.060960
     34.881047     256.727914
     34.891677     282.143403
     34.911647     259.714065
     34.928909     237.206489
     34.935592     232.825836
     34.950014     268.938315
     34.970858     257.779289
     34.986918     322.147088
     34.996648     270.297351
     35.017906     302.868575
     35.031065     279.609612
     35.048981     312.102891
     35.056044     320.483955
     35.073998     285.165845
     35.093363     227.632103
     35.107946     229.984721
     35.116506     247.216510
     35.130171     279.086920
     35.152669     206.101122
     35.164945     247.325226
     35.180079     243.191258
     35.192440     287.451787
     35.211529     300.985500
     35.226615     254.845684
     35.243164     238.785304
     35.251455     268.469343
     35.267121     258.217812
     35.281833     196.021957
     35.301813     267.817206
     35.314440     241.096715
     35.334711     275.376318
     35.346713     297.310527
     35.359808     261.012275
     35.370400     272.097738
     35.385684     198.738450
     35.404026     294.866474
     35.422461     265.052393
     35.430459     298.264732
     35.450257     289.185594
     35.461497     264.962829
     35.480479     301.749965
     35.496138     213.675403
     35.505580     305.054320
     35.522415     328.920030
     35.541154     283.226537
     35.553165     230.079145
     35.567106     213.355126
     35.581228     239.029130
     35.599459     221.937325
     35.610269     204.745772
     35.626318     244.943608
     35.642958     249.293719
     35.656734     218.833811
     35.677777     240.868225
     35.685825     272.413745
     35.704638     275.269627
     35.718393     202.291800
     35.731206     250.071953
     35.745040     283.375171
     35.760857     214.512241
     35.781593     218.315489
     35.790118     272.802710
     35.812572     264.573629
     35.823598     261.324478
     35.835416     222.639049
     35.853640     302.261305
     35.874192     231.414157
     35.882218     219.297169
     35.898109     232.437246
     35.911534     197.732611
     35.930070     310.937689
     35.940447     297.050537
     35.964848     236.509899
     35.971464     250.125523
     35.988958     261.043150
     36.007647     310.566778
     36.020110     203.369903
     36.037892     193.950178
     36.052635     273.421555
     36.060712     327.896636
     36.081164     247.761092
     36.094935     244.010492
     36.109896     253.811793
     36.124533     311.775271
     36.136611     254.981070
     36.158485     295.541497
     36.168930     316.181441
     36.182378     293.158816
     36.201695     271.475109
     36.214626     220.358606
     36.227203     274.450508
     36.249115     263.516253
     36.264872     215.999609
     36.276835     301.899902
     36.287334     298.369079
     36.308214     229.918064
     36.319147     313.229594
     36.331354     227.794081
     36.348283     290.772920
     36.361029     270.898446
     36.380110     266.197988
     36.393648     231.826212
     36.407446     261.409057
     36.423061     262.032659
     36.441886     257.253969
     36.457006     267.012408
     36.471932     281.173557
     36.480291     255.033789
     36.497815     271.491364
     36.519006     284.390471
     36.534718     236.136350
     36.546225     232.855726
     36.558645     209.186181
     36.573760     296.805103
     36.590778     213.330689
     36.603883     274.542689
     36.617875     291.360858
     36.635740     283.209306
     36.650711     246.747813
     36.668945     296.298001
     36.682497     283.973680
     36.694837     285.934093
     36.712911     224.246314
     36.726243     216.249024
     36.735400     212.892299
     36.759737     249.941375
     36.770245     275.779833
     36.786538     305.984013
     36.802636     259.910365
     36.815620     221.623705
     36.830615     298.234437
     36.841602     241.885070
     36.861328     260.337004
     36.871882     281.688588
     36.891917     216.267832
     36.908405     265.684990
     36.924780     296.244839
     36.934993     275.925525
     36.951000     206.844597
     36.969680     273.419736
     36.983055     219.985648
     36.997223     233.657682
     37.010522     288.902464
     37.028952     252.848128
     37.040596     294.201868
     37.059560     256.310632
     37.066066     273.631780
     37.081255     202.093687
     37.096359     241.011105
     37.114347     215.524870
     37.134546     276.160077
     37.148855     246.200209
     37.155866     323.101046
     37.177498     240.812176
     37.193722     310.430763
     37.209657     262.148156
     37.217079     291.259625
     37.237686     219.406187
     37.250647     314.724251
     37.260665     330.989298
     37.280527     267.298820
     37.299202     289.105172
     37.309205     271.098168
     37.321290     271.095565
     37.337615     307.335689
     37.350909     262.150238
     37.369139     221.014461
     37.385492     275.356201
     37.396892     301.882472
     37.414658     282.305115
     37.431314     244.598979
     37.448846     226.657106
     37.456914     234.832704
     37.478742     220.996641
     37.492717     218.868227
     37.503389     223.270586
     37.519568     243.171151
     37.531817     264.129359
     37.553663     256.253890
     37.560654     245.903449
     37.579598     211.326187
     37.590689     217.640192
     37.609625     237.960545
     37.621931     270.910515
     37.644191     300.112370
     37.652771     239.759329
     37.668412     218.561994
     37.686774     252.178718
     37.700571     251.501640
     37.714557     239.729452
     37.734428     286.414166
     37.743851     249.394318
     37.764450     247.207223
     37.775506     206.041597
     37.789763     241.234912
     37.805577     196.170004
     37.820938     307.776286
     37.836962     283.006482
     37.852219     211.832975
     37.861344     204.627574
     37.884515     285.185923
     37.895344     289.775355
     37.913503     243.442419
     37.922675     183.031300
     37.943203     246.959244
     37.950653     257.257865
     37.967482     224.810774
     37.981920     261.996390
     37.996694     274.847853
     38.016106     230.625488
     38.033253     263.700057
     38.044246     225.106343
     38.061234     249.892036
     38.071518     250.693510
     38.088134     207.662092
     38.102971     246.105034
     38.120434     200.642106
     38.132115     252.900154
     38.150292     223.653946
     38.161996     236.683098
     38.183665     202.276251
     38.190515     266.249108
     38.205894     245.398149
     38.223298     197.861533
     38.238955     236.359697
     38.252653     253.430165
     38.273387     239.827780
     38.284518     239.553629
     38.296249     268.367618
     38.313730     258.242451
     38.332788     247.655865
     38.348650     270.495023
     38.359747     268.327428
     38.379069     288.581341
     38.387549     272.627739
     38.404192     323.336395
     38.423150     195.619946
     38.437024     267.910481
     38.454612     300.685751
     38.461508     256.579204
     38.477579     249.784143
     38.498282     232.783883
     38.514111     214.540983
     38.524529     208.028262
     38.544857     220.198937
     38.554594     263.205613
     38.569733     245.604015
     38.580700     279.925729
     38.596112     197.809997
     38.614797     245.060600
     38.626126     212.627269
     38.640527     198.430393
     38.661323     275.923070
     38.678536     233.277937
     38.687395     225.224619
     38.705785     227.037050
     38.715677     249.046756
     38.735625     240.170444
     38.749441     268.121239
     38.765759     248.682680
     38.781075     238.412432
     38.799172     260.562110
     38.806473     238.699492
     38.822787     254.439656
     38.835623     243.179183
     38.850504     232.271769
     38.873475     288.487148
     38.882579     284.801632
     38.900282     276.507667
     38.914516     278.393339
     38.927270     251.767273
     38.941246     249.549106
     38.956961     220.010351
     38.975445     205.958219
     38.991596     258.073748
     39.005861     210.661226
     39.016404     248.993299
     39.030599     286.322953
     39.046579     239.433341
     39.060225     223.722676
     39.077850     220.981788
     39.097593     277.897826
     39.109888     252.026987
     39.121078     275.462236
     39.139515     208.517531
     39.154540     241.122998
     39.171871     216.803974
     39.180394     238.822461
     39.195588     247.790806
     39.214256     286.584283
     39.227911     212.019477
     39.248954     211.622274
     39.261313     231.874668
     39.279886     259.460956
     39.286158     268.751041
     39.300622     245.633375
     39.324508     250.742551
     39.334964     264.487992
     39.353995     254.481353
     39.362999     186.281093
     39.376411     215.057876
     39.398118     234.767965
     39.413290     220.194443
     39.427460     308.273396
     39.443864     219.754038
     39.451787     217.138409
     39.465395     202.224069
     39.489142     179.860611
     39.502442     276.070797
     39.515191     225.788626
     39.525124     249.146533
     39.545717     245.602842
     39.564709     265.162045
     39.571345     233.287923
     39.590146     224.350088
     39.603886     273.960165
     39.617872     222.441277
     39.635064     193.475668
     39.654916     199.511181
     39.667154     215.820336
     39.675051     260.905616
     39.698739     181.307625
     39.707699     281.991466
     39.727847     268.896604
     39.744551     285.632727
     39.756253     258.966569
     39.772580     245.496838
     39.780176     287.296905
     39.795630     303.592333
     39.816610     225.715066
     39.831964     229.517491
     39.846038     206.175061
     39.861542     218.180561
     39.870624     191.746424
     39.885130     244.971445
     39.900321     231.012452
     39.918817     220.951657
     39.930540     200.037113
     39.945967     249.163630
     39.969614     287.614380
     39.976226     212.526944
     39.998936     299.531312
     40.014011     268.494858
     40.028388     237.776638
     40.044848     269.485122
     40.059529     220.337536
     40.066872     215.130436
     40.084605     261.974909
     40.098329     239.778228
     40.119202     271.342868
     40.134727     247.512445
     40.140590     223.223719
     40.162458     230.669435
     40.175394     243.795640
     40.191986     317.302048
     40.202359     256.816266
     40.223303     221.894322
     40.235417     203.262186
     40.245646     283.399934
     40.269231     276.537325
     40.281275     283.344037
     40.291772     252.419139
     40.311300     275.573257
     40.320994     216.567429
     40.335662     278.498579
     40.356787     285.362372
     40.374110     194.158834
     40.382463     238.109421
     40.397854     217.458316
     40.411379     210.656121
     40.427740     259.353367
     40.444030     276.473652
     40.460290     250.440401
     40.473415     219.842220
     40.486821     279.586242
     40.507735     255.714479
     40.517123     240.902765
     40.538841     282.257630
     40.545458     272.867883
     40.563808     229.890085
     40.578231     273.719998
     40.591865     239.179172
     40.610023     288.933653
     40.627166     226.256135
     40.642779     246.309331
     40.654267     192.926635
     40.667062     220.394138
     40.687266     240.063188
     40.700092     277.434031
     40.715654     278.283060
     40.727105     241.194097
     40.744634     289.985889
     40.755245     308.455678
     40.774604     205.764525
     40.789037     190.805154
     40.803024     242.796926
     40.821093     250.940500
     40.834511     193.974706
     40.848826     205.714680
     40.863819     289.392615
     40.882804     220.938628
     40.891682     199.718430
     40.908121     262.933412
     40.923773     219.360467
     40.939937     255.997251
     40.957962     241.826911
     40.974210     302.113556
     40.981514     260.220535
     40.996562     245.925316
     41.013631     241.923199
     41.030213     227.974029
     41.040328     276.182258
     41.060524     230.500861
     41.074471     274.895443
     41.094248     229.594549
     41.102176     297.552828
     41.116798     227.753194
     41.136690     224.549751
     41.146408     218.523300
     41.160421     221.536560
     41.180473     211.889808
     41.198172     283.977594
     41.209018     219.188394
     41.221276     212.381508
     41.243774     206.514233
     41.252748     298.553476
     41.267486     225.410068
     41.289282     257.259956
     41.303421     228.182011
     41.315608     281.693778
     41.326226     201.474082
     41.348552     246.266949
     41.355291     271.559514
     41.377395     236.839821
     41.385694     242.246989
     41.402452     216.641748
     41.417989     196.690323
     41.433013     265.734696
     41.449401     258.454488
     41.467036     283.569989
     41.481812     275.271735
     41.496124     219.181615
     41.507036     256.321876
     41.524007     286.250958
     41.542419     268.813944
     41.556454     205.558559
     41.567684     266.538528
     41.581650     228.306852
     41.595554     227.165131
     41.614960     237.056766
     41.625178     208.029225
     41.640344     228.899595
     41.663235     302.613873
     41.674052     292.327272
     41.690794     246.153673
     41.705521     285.476507
     41.724313     165.638661
     41.733910     264.078219
     41.745693     236.613074
     41.762371     217.297282
     41.778627     309.909745
     41.797234     248.046509
     41.812279     256.499637
     41.824624     268.612123
     41.841579     249.304681
     41.851169     231.405751
     41.866484     233.924798
     41.882027     172.640828
