      1.999550     -39.458826
      2.018669       2.841021
      2.027916      46.931308
      2.042510      -7.044342
      2.057462      49.767626
      2.077153       3.429260
      2.090780      35.481703
      2.103592      17.691606
      2.123558      -1.913136
      2.133947     -12.307354
      2.148298      71.734670
      2.163817      21.297680
      2.181060      34.632236
      2.192904      56.847868
      2.209483      90.102792
      2.224586     141.625660
      2.244929     158.825701
      2.257098     101.664460
      2.274236     228.203847
      2.282970     244.832675
      2.303508     276.255482
      2.315546     236.824321
      2.327089     320.115336
      2.345055     373.542940
      2.359022     296.733102
      2.376952     422.893631
      2.394485     405.830249
      2.401288     451.547241
      2.424326     418.965558
      2.436574     416.090580
      2.454166     435.138665
      2.467224     480.492331
      2.475625     517.610765
      2.496742     493.703204
      2.510774     513.455303
      2.520781     564.303061
      2.536313     543.681708
      2.550488     587.746809
      2.571511     593.306198
      2.588255     564.255391
      2.600249     524.439945
      2.617721     546.311812
      2.633201     569.885484
      2.645316     632.953719
      2.656044     584.134384
      2.679876     629.599584
      2.692995     626.390673
      2.705478     634.273152
      2.716386     629.006829
      2.732873     715.675389
      2.749025     722.702335
      2.763021     687.322452
      2.776384     720.701061
      2.791946     694.643463
      2.810194     821.009753
      2.824930     722.638182
      2.843660     745.760918
      2.857674     746.088636
      2.869236     775.053831
      2.881263     818.311912
      2.903601     883.120890
      2.912133     874.948838
      2.933110     947.244376
      2.949685     908.715352
      2.958306     966.624707
      2.972814     886.055886
      2.988372    1033.379751
      3.000646     998.626110
      3.019500    1058.919674
      3.037896    1103.654159
      3.045138    1120.790954
      3.067991    1105.133644
      3.084355    1226.048490
      3.096430    1269.111605
      3.111289    1224.632743
      3.120685    1262.031879
      3.142953    1384.648328
      3.158093    1420.151500
      3.171155    1524.515363
      3.186320    1575.677075
      3.200766    1702.624055
      3.211751    1812.476886
      3.227104    1874.652646
      3.247633    2070.302064
      3.264978    2043.334162
      3.274650    2313.514051
      3.290609    2590.020245
      3.304696    2898.078997
      3.322183    3313.973558
      3.334649    3954.871221
      3.345182    4643.156128
      3.364171    4939.588184
      3.375208    4088.829000
      3.391170    2116.240085
      3.410631    1093.902961
      3.425903     648.891224
      3.437147     607.883184
      3.450942     503.657686
      3.468199     476.550953
      3.489645     413.190778
      3.498262     440.141336
      3.516129     377.987691
      3.527401     308.851395
      3.541286     394.890111
      3.562003     335.866250
      3.578486     304.582150
      3.590577     289.677918
      3.603688     306.596321
      3.616375     347.926871
      3.638408     301.212160
      3.653207     280.007445
      3.669520     355.628116
      3.677103     356.964867
      3.692311     362.796207
      3.709759     298.744856
      3.722194     391.848604
      3.735231     357.228940
      3.752621     369.775891
      3.767786     331.300277
      3.786280     248.840126
      3.804171     281.664470
      3.816464     392.653754
      3.825981     305.229916
      3.844824     304.337769
      3.858368     321.589003
      3.875754     355.129191
      3.894496     278.284347
      3.904133     378.965752
      3.918405     307.066779
      3.938172     262.822054
      3.952497     304.609762
      3.964396     346.526021
      3.982134     399.012348
      3.996887     355.538130
      4.006093     332.844553
      4.022898     378.191093
      4.037775     385.788130
      4.059415     358.866363
      4.070145     296.804379
      4.084250     323.621353
      4.096223     285.110910
      4.117773     320.122101
      4.129697     382.220147
      4.148986     336.411221
      4.160199     376.359674
      4.172482     337.058433
      4.187251     299.652022
      4.207579     353.492599
      4.224588     340.694483
      4.233668     403.307910
      4.246639     407.467077
      4.269606     424.245531
      4.283135     380.329249
      4.290964     427.690469
      4.307230     410.362789
      4.323871     432.677631
      4.344074     441.225062
      4.354610     455.628330
      4.366388     442.693444
      4.382276     404.906473
      4.395791     467.359138
      4.416125     486.218258
      4.425735     431.410044
      4.448093     506.337059
      4.459599     468.155366
      4.477357     476.622283
      4.493060     477.108225
      4.502951     485.576953
      4.519113     506.540159
      4.538350     572.705757
      4.549962     655.942129
      4.564419     551.839386
      4.576511     699.438906
      4.595915     606.162397
      4.612025     592.573962
      4.627997     753.789885
      4.636536     791.212669
      4.652893     752.938324
      4.673764     862.036135
      4.686401     851.475747
      4.701676     951.897904
      4.718064    1133.331976
      4.726792    1238.035254
      4.747403    1374.664154
      4.761542    1558.319107
      4.773125    1554.338276
      4.791745    1045.377065
      4.802275     653.070154
      4.824620     437.364410
      4.831326     420.577269
      4.851379     428.965249
      4.869884     346.692806
      4.882122     344.537015
      4.893610     398.093575
      4.911959     376.683393
      4.922448     345.604126
      4.941263     353.998658
      4.951397     391.141761
      4.973221     446.465241
      4.985469     354.742127
      4.997902     365.344041
      5.018265     388.797457
      5.026164     409.158531
      5.041646     351.310181
      5.056264     439.603087
      5.072144     464.476639
      5.088923     450.883668
      5.102800     409.996307
      5.122355     402.364409
      5.138732     362.758909
      5.152939     409.916465
      5.167560     397.747537
      5.182420     338.171545
      5.190103     390.441222
      5.206227     513.215271
      5.225210     416.822947
      5.241158     434.777575
      5.258228     404.906596
      5.272409     388.707682
      5.286484     458.824469
      5.298166     497.448546
      5.319243     476.854078
      5.334469     520.052966
      5.342955     534.834739
      5.362395     496.874646
      5.379248     454.924884
      5.385759     465.692271
      5.405367     488.516199
      5.418938     500.711006
      5.430731     542.606284
      5.453371     534.988232
      5.462536     570.787298
      5.484741     532.128932
      5.499617     620.227239
      5.506985     576.771065
      5.523558     698.742562
      5.537840     658.275969
      5.554788     677.865535
      5.573480     683.992364
      5.587604     800.887120
      5.598049     760.258360
      5.610257     763.504179
      5.631230     803.808109
      5.643807     960.617648
      5.656983     938.641615
      5.678033    1040.918973
      5.693525    1064.378453
      5.701624    1035.737882
      5.718536    1189.951263
      5.734595    1263.147958
      5.752686    1419.095899
      5.762203    1524.360909
      5.775061    1700.478646
      5.795791    1897.302627
      5.810587    2298.268170
      5.821647    2843.112953
      5.840822    3044.778060
      5.855527    2500.780051
      5.870327    1637.160137
      5.887744     845.958344
      5.901683     583.405924
      5.911994     542.776093
      5.929575     465.163659
      5.945082     433.289746
      5.958390     391.117865
      5.975763     382.357348
      5.994259     361.789407
      6.006606     433.752296
      6.021322     371.967936
      6.034790     391.794404
      6.053432     414.682007
      6.064542     398.836342
      6.078520     379.591336
      6.094941     382.851050
      6.105582     372.839042
      6.128282     402.842298
      6.140588     426.229118
      6.155153     399.922278
      6.174184     424.738112
      6.183099     451.874303
      6.200013     409.929234
      6.214501     373.707374
      6.229504     430.783636
      6.246262     339.369351
      6.257695     454.842245
      6.273266     461.836266
      6.293095     468.573174
      6.308428     466.027531
      6.318483     419.565165
      6.334229     381.847019
      6.346199     372.969598
      6.360938     367.459036
      6.381392     474.493250
      6.397669     451.538996
      6.413318     377.431430
      6.423018     410.637068
      6.443078     444.996264
      6.455361     488.870986
      6.474820     431.888647
      6.488874     476.658444
      6.498427     440.848075
      6.519245     426.739849
      6.533905     477.653239
      6.549417     513.461135
      6.558844     471.439980
      6.577879     445.721700
      6.593879     510.460316
      6.606704     543.763315
      6.624258     504.792985
      6.638170     581.962506
      6.645386     559.135951
      6.663871     635.360831
      6.681416     697.055457
      6.691415     827.033607
      6.713450     790.680919
      6.727839     940.011964
      6.735296    1115.292330
      6.750089    1057.423252
      6.770586     893.311043
      6.788819     596.941440
      6.800284     482.443565
      6.816156     450.420180
      6.830858     360.196562
      6.849336     373.328275
      6.856166     405.218175
      6.878315     385.133246
      6.893961     344.849740
      6.902633     454.912300
      6.918305     379.641297
      6.939933     455.555616
      6.951595     463.650165
      6.967731     471.101868
      6.977605     382.391762
      6.993831     383.442076
      7.013888     367.147891
      7.029262     429.237755
      7.040494     377.540022
      7.054724     397.210339
      7.074521     453.440103
      7.087499     384.617091
      7.101213     397.607127
      7.111142     455.230103
      7.128397     412.307559
      7.144094     383.216126
      7.155882     419.095123
      7.177490     375.777103
      7.186012     474.864762
      7.200378     473.400305
      7.220182     421.262382
      7.234936     420.294339
      7.250157     470.263729
      7.263882     441.465961
      7.280511     496.059152
      7.293748     459.281207
      7.305304     533.240173
      7.329573     493.551009
      7.336043     543.241259
      7.352558     565.250288
      7.366143     591.045077
      7.388396     613.620884
      7.403220     609.234010
      7.417481     609.074931
      7.426048     735.719325
      7.445496     675.061574
      7.460771     816.088313
      7.471459     951.003858
      7.487859     954.931797
      7.506549    1114.719956
      7.516142    1224.859652
      7.531866    1433.803455
      7.546790    1540.241258
      7.566906    1275.645265
      7.584154     978.538916
      7.595569     629.797212
      7.606975     517.018342
      7.620909     435.196513
      7.637068     501.585560
      7.651857     420.498321
      7.667223     459.087137
      7.684070     464.948939
      7.703492     509.968672
      7.712307     423.652224
      7.730585     456.688649
      7.743983     494.314444
      7.757897     434.347332
      7.776350     432.662424
      7.788516     427.385940
      7.806495     449.606503
      7.815033     524.938799
      7.838494     561.213705
      7.854501     476.858430
      7.866147     503.874803
      7.876736     498.460960
      7.891753     518.300416
      7.911216     556.413839
      7.921283     533.189006
      7.935920     579.838699
      7.959843     558.653098
      7.972236     544.246662
      7.988800     531.806620
      7.995360     543.333464
      8.014944     657.988103
      8.032053     654.559917
      8.046652     613.950856
      8.061720     654.848071
      8.075911     723.774669
      8.088471     763.469657
      8.107668     703.012949
      8.119225     842.769881
      8.137527     855.561875
      8.154065     954.374179
      8.167741    1003.254357
      8.177543    1116.410145
      8.194288    1223.256458
      8.206833    1382.788681
      8.226316    1507.590633
      8.235427    1799.571457
      8.254088    2077.532857
      8.269644    2188.105190
      8.280151    1910.587238
      8.295144    1326.233334
      8.314365     832.721985
      8.332231     568.325495
      8.340202     512.342075
      8.359325     412.291058
      8.379949     382.285326
      8.392488     398.195548
      8.406225     335.988814
      8.417075     320.459211
      8.431548     363.609515
      8.445207     376.721830
      8.465789     336.476853
      8.475324     312.803895
      8.496495     360.621038
      8.514838     342.300218
      8.522218     401.800693
      8.543333     413.482025
      8.558662     349.351490
      8.572955     357.413596
      8.585134     392.273025
      8.604223     343.332248
      8.612776     390.153943
      8.628376     390.481830
      8.642619     342.749204
      8.663206     391.313956
      8.678681     385.537156
      8.686832     321.574837
      8.702002     392.016875
      8.717105     325.307426
      8.738792     347.893923
      8.753425     411.055667
      8.760304     389.833542
      8.775681     395.348283
      8.798651     353.030319
      8.811149     355.431655
      8.828766     366.096555
      8.841220     400.507043
      8.857516     383.564075
      8.867422     408.818517
      8.889277     400.673541
      8.900247     511.806296
      8.919656     482.782452
      8.930304     509.393105
      8.949600     523.407919
      8.962337     384.784738
      8.971033     450.357042
      8.986552     394.153159
      9.001260     426.850796
      9.021887     327.056863
      9.033640     400.856594
      9.049237     349.929162
      9.061496     341.838331
      9.082559     355.950940
      9.093451     323.311335
      9.110141     328.699144
      9.124565     381.219169
      9.144343     357.205178
      9.151530     352.438307
      9.171937     367.470196
      9.180354     431.752528
      9.202711     345.962785
      9.216265     388.890519
      9.227591     324.329616
      9.248055     335.241762
      9.257925     361.569309
      9.272023     347.196118
      9.285232     353.311604
      9.306847     339.656583
      9.318598     328.818692
      9.336409     310.018436
      9.346195     338.978518
      9.360324     354.535103
      9.384823     317.027572
      9.393637     403.906496
      9.405676     350.884175
      9.424817     384.077405
      9.442262     345.213297
      9.450072     340.086345
      9.465876     345.645681
      9.485913     400.629164
      9.496852     382.022032
      9.510007     389.326807
      9.529857     407.327399
      9.548608     373.717804
      9.555789     435.276186
      9.576788     446.061557
      9.591430     437.235913
      9.605719     381.188469
      9.616631     372.960210
      9.637504     311.583518
      9.651971     358.663433
      9.661168     443.777776
      9.678515     404.067289
      9.690582     350.766623
      9.714099     358.576678
      9.726214     392.259094
      9.739906     389.148557
      9.758353     454.351984
      9.774506     382.100468
      9.787268     350.428909
      9.797643     415.262611
      9.810323     374.235960
      9.827348     390.851965
      9.843360     393.168724
      9.861321     400.737779
      9.873096     423.414395
      9.891941     374.042706
      9.902966     386.750152
      9.919750     418.419578
      9.933486     427.612910
      9.946609     450.407676
      9.967787     423.235968
      9.976618     361.284659
      9.999734     398.723473
     10.013152     497.940976
     10.021171     478.835607
     10.041159     452.522689
     10.054666     512.558090
     10.065326     531.077381
     10.084865     530.942745
     10.100445     509.638116
     10.115197     635.977357
     10.134341     727.557826
     10.149261     622.900019
     10.161469     571.287701
     10.179690     552.989149
     10.191760     403.735049
     10.208422     429.230675
     10.224772     328.799288
     10.234897     349.467320
     10.246975     363.137960
     10.267043     400.539300
     10.277902     355.026957
     10.291125     322.506305
     10.308024     367.363926
     10.327018     383.094370
     10.337048     323.618461
     10.355860     353.517755
     10.370179     338.302715
     10.386145     380.755245
     10.402868     396.600730
     10.417838     366.839512
     10.428490     375.987076
     10.442737     350.825992
     10.464688     383.374576
     10.474096     369.986547
     10.490866     384.580816
     10.509431     311.866189
     10.516305     403.483068
     10.532037     417.463670
     10.551423     384.232459
     10.567430     379.831955
     10.583886     437.478270
     10.592137     388.770217
     10.605641     378.359075
     10.622638     440.352341
     10.637561     454.279980
     10.655374     452.373247
     10.672952     423.788184
     10.683445     487.112255
     10.696497     460.826033
     10.717532     424.106802
     10.734070     440.312038
     10.745810     370.758699
     10.756132     440.768022
     10.776868     394.764754
     10.790651     426.560656
     10.801618     391.697271
     10.816404     408.922549
     10.837264     415.067999
     10.850461     400.343468
     10.869537     429.789975
     10.876713     365.802456
     10.898400     400.879170
     10.905553     385.718179
     10.923086     489.029776
     10.936040     457.520066
     10.956091     375.050119
     10.974784     374.394411
     10.980233     466.887014
     11.003640     465.016723
     11.019634     495.229711
     11.033144     449.939101
     11.042536     547.839566
     11.060213     476.944717
     11.079948     588.542095
     11.089967     565.771500
     11.104060     545.217212
     11.123497     654.231809
     11.135271     627.010080
     11.153579     768.658667
     11.163810     788.444940
     11.183869     932.007143
     11.191182     961.026137
     11.210637     954.166735
     11.225746     918.118726
     11.240863     729.492445
     11.255498     548.214870
     11.269786     504.489492
     11.288631     435.671975
     11.298514     395.573716
     11.315869     375.669564
     11.331001     384.232958
     11.349339     402.998778
     11.361904     361.385741
     11.370493     403.229747
     11.385170     386.534695
     11.404223     414.442230
     11.417736     418.636792
     11.435492     439.804859
     11.449638     452.255647
     11.462241     393.315714
     11.478303     440.900052
     11.490949     454.836702
     11.510337     383.843331
     11.527171     410.959400
     11.544927     474.202385
     11.555313     435.061057
     11.573067     423.310398
     11.581660     445.032104
     11.603070     495.737230
     11.614219     562.161832
     11.625224     460.236680
     11.641984     512.399713
     11.664541     505.246933
     11.671721     582.155442
     11.692889     598.132203
     11.702874     628.584986
     11.724530     670.767250
     11.737235     558.296483
     11.753134     464.661067
     11.767373     447.413049
     11.776767     442.514838
     11.798183     476.071671
     11.813467     364.178821
     11.828514     413.451946
     11.838939     500.197686
     11.853265     403.434834
     11.867851     483.919251
     11.889281     437.313942
     11.901058     505.365426
     11.916925     468.889954
     11.925236     440.074027
     11.945972     510.693978
     11.957021     461.599479
     11.976870     514.472427
     11.987006     482.884436
     12.008031     532.628988
     12.016785     511.208941
     12.039566     565.860004
     12.045364     518.390778
     12.060229     537.120943
     12.080635     625.083570
     12.097217     667.978444
     12.113286     662.059751
     12.123187     773.186837
     12.139292     874.957779
     12.157818     943.202091
     12.169912    1096.564746
     12.188083    1086.947068
     12.200742    1100.824549
     12.211854     937.783594
     12.234837     742.306618
     12.241154     601.550951
     12.264758     472.690103
     12.270307     462.257536
     12.287717     342.542024
     12.305632     377.549616
     12.324650     390.776837
     12.336065     431.122127
     12.345501     454.666422
     12.369765     405.089905
     12.381037     437.859835
     12.398431     397.161742
     12.406888     355.817366
     12.421465     358.715881
     12.438932     378.990490
     12.453935     322.711528
     12.466770     471.188684
     12.488973     342.141759
     12.503585     322.450778
     12.511987     418.578119
     12.531909     411.788497
     12.542239     382.152609
     12.560069     383.218118
     12.575240     407.146582
     12.593426     325.559904
     12.603670     374.642950
     12.619099     418.150166
     12.634350     361.510366
     12.645055     412.651937
     12.666430     425.685386
     12.677353     354.046057
     12.694602     327.362347
     12.707538     367.188325
     12.726862     450.896234
     12.744751     408.820720
     12.753828     375.161952
     12.774716     407.341568
     12.786207     375.423486
     12.802403     385.390748
     12.818778     401.269423
     12.826438     385.846107
     12.846735     414.282225
     12.857093     382.027592
     12.874052     389.969945
     12.888827     310.902882
     12.905108     350.133044
     12.921824     374.707937
     12.934840     349.504984
     12.950815     420.602187
     12.966259     440.832528
     12.976696     405.091473
     12.998648     454.083408
     13.008627     408.223206
     13.021319     398.270120
     13.040591     399.479926
     13.055358     443.889119
     13.070830     426.838057
     13.089169     453.688745
     13.103074     434.928407
     13.119000     502.925716
     13.127255     478.534848
     13.143232     428.412024
     13.159596     484.189704
     13.171104     448.353306
     13.186137     474.660926
     13.208438     419.745518
     13.222562     442.996902
     13.236282     440.023057
     13.251106     435.830457
     13.266811     388.508039
     13.278306     446.162278
     13.295529     439.524505
     13.305863     527.623656
     13.325242     455.572314
     13.340992     440.799536
     13.352008     473.096086
     13.366498     475.077023
     13.385162     524.722773
     13.399444     557.412728
     13.413553     567.452714
     13.427873     554.628383
     13.447869     633.004323
     13.460972     625.130390
     13.473238     748.605178
     13.492299     816.834366
     13.503861     882.131111
     13.521794     943.145818
     13.531797    1041.273787
     13.550839     928.381843
     13.565943     763.986350
     13.580169     628.033597
     13.599793     515.726806
     13.605380     392.284323
     13.626901     406.153482
     13.640461     391.052136
     13.651775     407.740653
     13.668614     419.236418
     13.681098     438.668837
     13.704334     467.773856
     13.719891     445.635531
     13.726689     418.918678
     13.746456     427.851409
     13.755264     470.958809
     13.774256     465.247036
     13.789765     448.224834
     13.808343     442.617525
     13.824048     415.219630
     13.833363     436.951406
     13.850665     519.077291
     13.869681     574.432959
     13.880666     542.449616
     13.898390     638.620896
     13.908649     699.212526
     13.922439     630.799709
     13.943972     742.752962
     13.953435     730.297953
     13.969763     655.526939
     13.984134     577.539195
     14.002426     518.020902
     14.015871     449.721481
     14.026801     465.431487
     14.044230     447.646326
     14.058094     486.667786
     14.075890     354.343013
     14.085395     413.352221
     14.103853     423.304402
     14.124195     411.412799
     14.130742     389.993204
     14.147363     341.051611
     14.169334     409.669077
     14.183453     440.703436
     14.194317     366.359462
     14.213287     399.659543
     14.221285     384.079054
     14.238954     477.401363
     14.258330     493.344511
     14.273446     436.174351
     14.285151     455.680282
     14.299923     461.233499
     14.317847     591.396691
     14.332337     639.302103
     14.349022     622.165280
     14.360398     663.573544
     14.373612     691.188835
     14.391628     533.228851
     14.407069     513.302936
     14.419047     383.722969
     14.437009     460.935733
     14.454357     423.054077
     14.462979     434.128211
     14.479375     375.622508
     14.497074     428.531728
     14.509722     377.240892
     14.529471     390.990338
     14.542519     349.119900
     14.557638     361.115819
     14.571560     453.475642
     14.585290     430.590009
     14.603361     434.297924
     14.613570     485.106563
     14.634407     469.561242
     14.648488     395.939941
     14.660740     435.635418
     14.675423     466.502464
     14.688647     545.200386
     14.702492     532.523379
     14.721408     648.159729
     14.738557     656.463156
     14.751205     762.817193
     14.766807     686.089261
     14.778235     608.849370
     14.799698     495.220353
     14.805943     428.731162
     14.829865     428.612253
     14.841051     360.921307
     14.856829     405.045313
     14.870963     390.323001
     14.889993     396.195665
     14.902222     333.538368
     14.910972     344.002183
     14.932365     358.691110
     14.949526     333.568673
     14.958460     382.853507
     14.976159     376.555325
     14.990362     376.888670
     15.003504     309.277903
     15.021328     354.383990
     15.032582     355.911102
     15.046313     366.836396
     15.061701     366.054541
     15.082791     381.487467
     15.090145     436.598619
     15.105810     412.384669
     15.123048     435.622937
     15.144401     455.071948
     15.151426     399.468268
     15.169787     375.182672
     15.188354     349.633096
     15.200690     348.653314
     15.214095     364.640804
     15.229411     412.377345
     15.246618     342.629989
     15.260250     350.259403
     15.272268     443.993004
     15.285259     408.786926
     15.307903     332.274309
     15.317236     381.010277
     15.333728     335.892500
     15.348254     308.275447
     15.364236     319.392807
     15.384775     361.029104
     15.391877     389.864617
     15.408862     399.830703
     15.421348     418.941573
     15.438254     437.008527
     15.453008     363.695180
     15.473727     481.774076
     15.489630     485.195680
     15.499061     490.738213
     15.516514     439.055347
     15.527368     491.481422
     15.548573     509.672679
     15.563762     451.605159
     15.573444     404.759383
     15.589857     361.797512
     15.609895     406.841769
     15.620115     403.942548
     15.633694     308.871975
     15.649521     401.044684
     15.669851     447.370241
     15.681740     421.582311
     15.698038     423.385522
     15.714513     372.316306
     15.724733     381.639370
     15.744260     466.143886
     15.757502     441.998955
     15.770515     501.976091
     15.788123     535.785307
     15.796716     575.832614
     15.810793     566.394703
     15.831456     562.529653
     15.841563     694.638559
     15.857308     759.997108
     15.878164     733.381232
     15.892913     835.117371
     15.909268     695.599572
     15.919339     605.570303
     15.935605     546.798665
     15.947471     486.198561
     15.960681     390.331368
     15.975841     357.370332
     15.999807     335.700560
     16.008235     343.469214
     16.023165     390.954622
     16.038637     340.927068
     16.059576     359.886874
     16.066469     326.629126
     16.081480     320.995079
     16.103184     305.603102
     16.119015     353.481374
     16.134769     345.116498
     16.146112     360.071954
     16.160070     373.766689
     16.175118     351.364041
     16.193775     386.156724
     16.206575     292.402464
     16.219896     396.896526
     16.231781     394.472356
     16.254994     380.920264
     16.269118     371.647846
     16.280657     369.593337
     16.295324     313.218252
     16.314702     360.701242
     16.322576     402.250281
     16.336933     317.193331
     16.353782     318.314845
     16.369130     315.766098
     16.383505     313.406374
     16.397079     332.322348
     16.417249     339.170601
     16.434617     345.846736
     16.443348     359.853448
     16.463672     340.390616
     16.471132     439.627468
     16.492484     375.488916
     16.509211     353.643843
     16.522932     451.415221
     16.539737     446.069984
     16.550892     470.147763
     16.560643     518.886288
     16.583888     601.718523
     16.598864     593.471190
     16.609895     565.863578
     16.629192     538.262393
     16.643551     483.629540
     16.653789     441.047051
     16.665276     388.268074
     16.684157     362.574255
     16.699807     352.497800
     16.715983     317.212437
     16.725420     372.000366
     16.745436     352.743997
     16.764001     345.015488
     16.777523     357.380446
     16.794326     332.204695
     16.806213     381.621468
     16.823858     390.837018
     16.838880     358.437613
     16.852459     430.254564
     16.865290     411.865969
     16.880864     417.301712
     16.897508     423.680229
     16.905639     431.869098
     16.921448     427.811781
     16.935995     531.752718
     16.959309     507.352009
     16.970550     442.247506
     16.988071     449.396016
     16.996634     344.650050
     17.014888     283.724528
     17.033937     284.151429
     17.041605     285.771116
     17.057149     378.643225
     17.072747     293.400488
     17.091087     341.412539
     17.100785     303.731388
     17.120986     329.561302
     17.135449     319.560298
     17.153596     264.156476
     17.165975     296.915726
     17.182551     271.393375
     17.193516     323.000092
     17.210491     316.810798
     17.229149     307.397689
     17.241381     314.410825
     17.257538     357.930059
     17.265624     297.263661
     17.283177     287.206560
     17.300696     337.258919
     17.316849     323.232359
     17.332282     303.993736
     17.343167     296.880625
     17.360660     356.465682
     17.379813     298.556597
     17.394783     371.508720
     17.408351     328.825336
     17.423956     363.166089
     17.438392     346.903047
     17.449255     361.791967
     17.460019     329.206609
     17.482916     303.528942
     17.497455     303.292361
     17.508666     355.596089
     17.523748     361.316580
     17.541496     371.196518
     17.559423     361.989597
     17.571020     445.501469
     17.587101     428.580704
     17.595315     471.540314
     17.611477     463.150683
     17.629324     387.854004
     17.642676     353.864987
     17.657676     369.620493
     17.670011     353.561217
     17.685096     306.015332
     17.702698     330.203112
     17.720091     296.614498
     17.734404     267.832021
     17.747116     293.003951
     17.762802     330.807008
     17.775947     294.322175
     17.794151     316.088023
     17.807950     293.130416
     17.827586     276.679172
     17.841553     338.149180
     17.857914     354.341272
     17.867171     346.314348
     17.886082     346.477055
     17.895021     385.400693
     17.913538     329.265511
     17.932163     433.001115
     17.943922     369.600387
     17.960695     319.951616
     17.977530     320.462696
     17.993904     366.339090
     18.007106     236.526185
     18.015378     362.280668
     18.034841     328.948914
     18.047544     367.359517
     18.066196     264.251698
     18.082827     328.246207
     18.099574     249.383431
     18.107730     249.208195
     18.129635     315.011498
     18.136767     339.683358
     18.156623     302.369925
     18.167375     278.380745
     18.184293     295.917388
     18.196329     312.475435
     18.214279     332.029535
     18.232928     322.432775
     18.244595     333.463388
     18.260634     315.305844
     18.278062     309.088910
     18.287392     276.767048
     18.308927     271.298979
     18.324124     298.193579
     18.335563     250.360552
     18.353395     332.808535
     18.368964     257.033162
     18.382948     289.427718
     18.391255     271.314515
     18.405238     295.950368
     18.428018     344.740568
     18.435896     283.066240
     18.456995     260.389943
     18.473205     266.862445
     18.489934     263.635478
     18.496678     298.181835
     18.513526     255.438435
     18.532162     268.662146
     18.542535     261.811147
     18.560643     297.455397
     18.579413     301.396701
     18.593052     285.572134
     18.609398     225.778989
     18.617869     299.277811
     18.632327     313.528719
     18.654226     265.775314
     18.664819     317.956751
     18.675982     279.037838
     18.690808     312.232809
     18.708421     271.887975
     18.724841     347.933115
     18.736508     352.364327
     18.750816     339.155897
     18.771837     372.631743
     18.781306     417.273963
     18.803490     387.895870
     18.818949     337.475295
     18.831430     351.871796
     18.842811     421.196426
     18.861224     424.626856
     18.876940     514.508451
     18.891095     461.011052
     18.900728     438.515642
     18.918106     398.166192
     18.930420     331.021411
     18.951869     360.545653
     18.966098     323.413629
     18.981808     336.729883
     18.998578     283.121307
     19.013216     309.527910
     19.022306     328.908845
     19.044373     350.737993
     19.054928     383.171534
     19.068222     340.260464
     19.085127     357.637030
     19.102639     313.382821
     19.111919     350.514776
     19.127961     295.169846
     19.149199     282.184834
     19.158045     398.058408
     19.173848     338.644981
     19.185841     358.754661
     19.203087     403.218846
     19.218365     331.906509
     19.230886     322.522675
     19.246129     297.239677
     19.264482     319.421625
     19.276385     334.965034
     19.296881     297.403143
     19.312041     300.985236
     19.320609     326.398071
     19.336697     361.524034
     19.358696     365.065431
     19.369944     357.612794
     19.382236     359.213673
     19.398639     377.149531
     19.416734     390.939130
     19.427746     370.191376
     19.448959     433.218743
     19.455543     350.197247
     19.475276     437.128216
     19.490856     437.102938
     19.502786     434.550750
     19.520334     380.152270
     19.537258     340.482108
     19.552369     368.047517
     19.561030     329.515033
     19.580675     310.877569
     19.592160     320.398231
     19.606041     384.817360
     19.626794     361.155119
     19.638183     262.851395
     19.653930     270.059712
     19.668632     327.185800
     19.682038     276.573695
     19.699734     343.397982
     19.717760     341.367036
     19.732362     306.170613
     19.741043     256.287652
     19.764410     330.965429
     19.779875     363.006025
     19.786746     311.136783
     19.809217     298.496111
     19.821633     359.970298
     19.835772     309.506616
     19.852537     274.941365
     19.868523     324.611019
     19.875874     318.573820
     19.897494     290.864499
     19.905932     367.475041
     19.921968     336.501064
     19.940530     330.356661
     19.955889     304.121395
     19.974862     290.468595
     19.985835     287.188229
     20.001859     388.335981
     20.012812     341.069851
     20.034053     406.939766
     20.044064     398.481923
     20.062535     427.680207
     20.078091     356.686883
     20.089542     397.207989
     20.104354     391.724889
     20.117058     349.751515
     20.132565     325.919559
     20.149601     327.086513
     20.168597     315.326068
     20.180094     324.636182
     20.194263     363.789345
     20.214021     273.127775
     20.227324     280.445797
     20.239803     304.559114
     20.252720     333.173108
     20.271261     322.425279
     20.282190     290.861600
     20.302702     321.571588
     20.312798     344.922610
     20.329386     389.891848
     20.341121     395.077028
     20.361053     383.793102
     20.373907     369.138738
     20.391715     319.847366
     20.409411     377.503923
     20.415689     323.731558
     20.433226     281.741173
     20.446625     273.983325
     20.467215     261.020652
     20.477074     311.093553
     20.490386     338.971975
     20.506393     369.301344
     20.526406     401.509664
     20.536404     316.060906
     20.551225     367.549634
     20.574723     360.218234
     20.585124     392.697819
     20.600252     406.643693
     20.613016     366.868263
     20.628381     410.304797
     20.648361     404.398116
     20.658876     387.599109
     20.671542     356.720850
     20.693959     357.801118
     20.701382     329.932168
     20.719257     313.909964
     20.731864     372.167445
     20.745916     319.776778
     20.761495     314.937372
     20.776935     347.515272
     20.794677     366.796251
     20.805614     334.598388
     20.820768     410.219882
     20.837147     369.484017
     20.855747     383.357363
     20.872655     397.471301
     20.885366     461.663323
     20.904493     409.682303
     20.915868     487.370851
     20.934305     475.666626
     20.941137     440.386246
     20.958946     428.723805
     20.979855     437.005895
     20.989345     401.062963
     21.007327     296.991018
     21.015340     384.159612
     21.037588     390.513922
     21.049845     322.108963
     21.065771     311.313595
     21.080853     338.891962
     21.092157     313.710803
     21.113520     384.383344
     21.125379     366.646105
     21.142301     291.166114
     21.153459     358.413761
     21.167542     341.141968
     21.180948     292.456926
     21.197683     281.978798
     21.216334     323.543407
     21.229432     291.958742
     21.245494     279.751341
     21.260865     281.662700
     21.272375     292.434114
     21.290500     303.595034
     21.309160     325.412498
     21.319759     262.594133
     21.334556     331.019022
     21.352194     386.030416
     21.364268     307.865135
     21.375468     415.055172
     21.397383     397.030114
     21.407609     377.498003
     21.429822     429.505339
     21.438894     404.776646
     21.456991     371.231175
     21.472686     402.506427
     21.483143     465.269312
     21.500547     467.018503
     21.518280     401.699893
     21.533902     332.851354
     21.548167     365.527919
     21.555399     396.956964
     21.570095     346.885999
     21.588840     294.129907
     21.604367     348.681858
     21.615172     361.753389
     21.636480     293.441424
     21.653415     269.997662
     21.669701     322.254616
     21.680617     297.142576
     21.693920     345.632059
     21.710545     374.850472
     21.723421     363.830133
     21.737738     357.098720
     21.757145     385.792040
     21.766764     304.799286
     21.780678     305.608579
     21.803088     281.359644
     21.813073     328.858422
     21.828825     346.433143
     21.841601     364.930302
     21.863106     353.936642
     21.873894     313.039298
     21.894105     393.235694
     21.902259     331.069923
     21.916204     333.702198
     21.930249     362.833637
     21.948986     353.974129
     21.966587     381.841945
     21.983619     325.969934
     21.995006     379.204028
     22.005986     324.313229
     22.024520     337.884817
     22.035316     308.547311
     22.054732     385.504071
     22.065948     323.532666
     22.086476     350.115008
     22.099489     320.969255
     22.119076     356.651559
     22.127460     292.526826
     22.148181     293.681299
     22.157311     309.394714
     22.175951     352.671221
     22.190123     366.241717
     22.205966     360.098860
     22.219668     439.181255
     22.232441     367.635569
     22.251640     466.631593
     22.265628     456.119680
     22.281297     422.700851
     22.298448     397.389726
     22.307161     419.989381
     22.328613     444.711307
     22.338909     393.368116
     22.351030     351.404510
     22.370579     284.540005
     22.389179     316.999406
     22.399462     375.235619
     22.410921     381.048107
     22.433978     296.158428
     22.441923     384.708887
     22.455511     318.296778
     22.475400     325.164794
     22.487132     278.252026
     22.502270     297.257941
     22.516994     369.737677
     22.530839     285.696707
     22.552629     318.897501
     22.560873     368.581400
     22.582053     337.606180
     22.590734     306.352361
     22.605648     379.750239
     22.626704     354.708109
     22.638900     345.308038
     22.653766     313.474791
     22.674328     317.732532
     22.681208     283.625043
     22.703158     355.530465
     22.719643     334.563799
     22.728901     363.621275
     22.749514     387.933679
     22.763163     418.085354
     22.779332     450.849854
     22.789735     370.349784
     22.803214     346.116492
     22.823480     429.747857
     22.830761     342.482715
     22.854491     381.822849
     22.869963     341.476299
     22.878771     283.709612
     22.899246     325.620223
     22.908856     296.039060
     22.926831     349.533039
     22.938804     326.644614
     22.959642     303.075323
     22.974994     320.678259
     22.981013     338.852783
     23.000636     238.504368
     23.012787     269.082868
     23.032212     292.222248
     23.043076     300.525309
     23.056555     336.691461
     23.075946     311.538783
     23.092844     300.079891
     23.102677     302.708322
     23.124455     265.727109
     23.136200     246.215261
     23.145995     334.138072
     23.166375     277.059131
     23.175630     297.587941
     23.191571     273.357283
     23.209816     345.300942
     23.220456     336.771335
     23.236316     269.591367
     23.252335     349.920269
     23.269684     304.195132
     23.285382     348.899036
     23.296882     349.271297
     23.312844     392.122682
     23.334834     380.264179
     23.346635     311.272359
     23.363899     304.436024
     23.377590     289.130943
     23.388259     345.547190
     23.406896     334.818646
     23.424532     319.613316
     23.435023     305.251436
     23.445489     298.325270
     23.468873     391.024353
     23.484311     308.075552
     23.498106     308.679454
     23.509338     364.052053
     23.523510     360.220808
     23.536553     403.138942
     23.551090     324.626282
     23.574862     340.588086
     23.583794     354.660415
     23.599131     401.878215
     23.615110     372.237982
     23.634569     303.730051
     23.648437     313.719469
     23.662551     320.727795
     23.673583     340.750568
     23.686103     374.848782
     23.703895     308.643756
     23.722675     281.710026
     23.739267     301.182871
     23.751239     299.795141
     23.767616     280.699503
     23.783577     296.484526
     23.794172     281.680059
     23.813431     355.595861
     23.825454     393.117874
     23.837467     340.766227
     23.852687     297.999581
     23.872158     347.222891
     23.887666     316.806101
     23.903952     314.410270
     23.915424     322.203093
     23.927141     337.547023
     23.948451     293.863698
     23.964856     335.232103
     23.977076     312.116661
     23.994683     351.933144
     24.008787     373.153368
     24.017628     313.990670
     24.037813     271.767563
     24.046773     316.107875
     24.068521     322.926763
     24.078613     360.288531
     24.093150     328.667468
     24.107142     271.210249
     24.127685     253.668874
     24.138588     277.350837
     24.152879     294.137086
     24.174342     256.543432
     24.185811     326.002739
     24.198914     295.162136
     24.212301     253.703991
     24.234163     295.186396
     24.240952     274.766777
     24.262300     308.629361
     24.277338     299.406090
     24.294957     273.498334
     24.309554     347.332216
     24.317432     315.463573
     24.337583     339.646661
     24.350051     317.161618
     24.360041     340.109155
     24.375533     263.395358
     24.390536     303.283380
     24.410935     325.031139
     24.423989     311.679476
     24.439208     260.008908
     24.458553     325.595852
     24.470217     281.816826
     24.488439     333.964747
     24.498962     331.907048
     24.514002     285.798258
     24.534070     306.234986
     24.548333     300.022701
     24.563637     316.568561
     24.570829     287.012822
     24.591290     328.225305
     24.607822     310.183516
     24.615732     324.078022
     24.638209     268.801858
     24.649335     231.593733
     24.669943     319.238887
     24.683200     357.901551
     24.697649     329.882193
     24.708053     339.521539
     24.728341     335.087528
     24.741413     331.894356
     24.759439     341.574423
     24.774101     264.865547
     24.786173     333.124396
     24.797980     333.405713
     24.810316     335.594123
     24.825984     357.845313
     24.843148     363.576605
     24.855999     338.770724
     24.872575     378.609804
     24.893409     344.711981
     24.906670     369.991602
     24.921884     375.363926
     24.931317     412.947736
     24.952221     362.670863
     24.963831     407.356810
     24.975299     379.728182
     24.994764     419.618266
     25.012538     373.780611
     25.026469     377.549226
     25.035601     451.885541
     25.059789     427.595629
     25.071124     434.355549
     25.084162     416.317975
     25.102719     322.501787
     25.118882     325.362084
     25.127509     351.405390
     25.143289     270.807751
     25.161471     280.612122
     25.175564     324.625645
     25.185171     350.134452
     25.207855     392.548370
     25.220703     386.843350
     25.230205     332.943587
     25.248969     356.956927
     25.263579     326.855953
     25.281139     364.339735
     25.293948     323.082838
     25.311360     347.489681
     25.321181     336.046683
     25.341294     286.776233
     25.354167     253.697029
     25.368628     274.405946
     25.382867     271.444293
     25.401367     305.210403
     25.412128     320.534922
     25.428589     300.989439
     25.447523     302.385402
     25.461829     288.417971
     25.478084     303.994893
     25.488735     268.243126
     25.508600     267.123680
     25.516063     301.315910
     25.534956     302.981588
     25.547943     272.013406
     25.564999     285.090265
     25.584513     324.669792
     25.596907     315.267317
     25.607406     324.759136
     25.621834     319.137097
     25.638499     343.278682
     25.656935     323.742750
     25.670444     286.094094
     25.689552     333.706588
     25.699128     339.778268
     25.710244     297.399158
     25.730344     327.076583
     25.746080     284.105777
     25.758050     302.933856
     25.779041     319.734255
     25.790900     295.646254
     25.805594     263.040150
     25.815494     299.913211
     25.835769     309.937009
     25.850818     247.958924
     25.862306     316.424811
     25.882651     345.206882
     25.890711     327.545268
     25.906908     300.243876
     25.920589     336.541667
     25.938449     362.150434
     25.958469     277.390829
     25.968571     305.227911
     25.984829     353.524353
     26.000263     287.993841
     26.014584     251.736384
     26.034334     334.784052
     26.044591     271.976209
     26.063218     273.349631
     26.073648     334.490929
     26.093339     350.940658
     26.105937     278.480241
     26.116594     248.822809
     26.139871     280.516834
     26.147012     350.215713
     26.168412     335.571077
     26.176933     357.172474
     26.197023     311.682776
     26.211618     331.902090
     26.222409     305.602552
     26.242903     272.012455
     26.254149     342.178605
     26.267534     287.433677
     26.283564     318.145472
     26.298953     304.695514
     26.318723     258.519877
     26.330251     288.538050
     26.342540     364.350467
     26.364361     261.178529
     26.378071     284.230706
     26.388916     302.848820
     26.407174     322.416865
     26.417468     257.963020
     26.439616     279.076562
     26.447914     338.669230
     26.469954     284.646843
     26.479831     291.629902
     26.493310     331.880434
     26.507477     352.620359
     26.525574     348.554291
     26.538883     327.019153
     26.556575     290.440148
     26.571585     365.846596
     26.580543     292.898006
     26.598492     284.382540
     26.612271     348.483597
     26.626674     299.279085
     26.649638     307.266177
     26.656123     373.499684
     26.677878     268.409749
     26.692327     312.147540
     26.705980     308.232161
     26.721166     314.293975
     26.732041     294.497272
     26.748032     332.882798
     26.764634     246.420552
     26.775813     241.620923
     26.790885     274.867220
     26.812470     320.160335
     26.826660     285.746470
     26.842172     276.822131
     26.859844     337.043967
     26.865459     273.287495
     26.886831     311.922613
     26.896754     296.056006
     26.919157     329.607660
     26.929279     285.148881
     26.946730     323.524814
     26.964987     277.316728
     26.977138     299.842880
     26.992397     321.942122
     27.001226     333.528544
     27.022034     342.108161
     27.034084     372.923333
     27.049890     370.408406
     27.069026     326.604035
     27.083264     283.327179
     27.095056     311.555456
     27.113311     325.703800
     27.128006     320.256459
     27.140071     291.898320
     27.154886     334.404018
     27.165523     339.227689
     27.187269     339.664079
     27.200964     351.717387
     27.218660     286.679590
     27.231086     280.934508
     27.241947     354.470648
     27.262825     284.179815
     27.276924     327.135441
     27.288608     368.291563
     27.305622     315.961668
     27.315353     306.414078
     27.330180     348.522637
     27.349079     268.647585
     27.360810     344.079272
     27.381983     314.961444
     27.397104     278.312485
     27.413290     294.372198
     27.421814     290.764140
     27.438902     322.178856
     27.458289     319.421270
     27.473654     298.485072
     27.480063     347.325157
     27.504320     304.487390
     27.517626     338.157187
     27.534527     353.687917
     27.541988     330.050421
     27.561560     311.998270
     27.576703     302.020952
     27.591257     363.328020
     27.605501     317.750281
     27.615623     285.166413
     27.634070     353.614265
     27.654170     253.694224
     27.661770     308.935375
     27.682827     297.843947
     27.699273     324.269390
     27.706855     318.873778
     27.723267     347.385563
     27.742013     355.893108
     27.757543     334.336193
     27.773836     362.667846
     27.785795     280.566748
     27.800081     239.844971
     27.816693     351.174295
     27.829223     308.644084
     27.845274     293.758840
     27.861757     290.415192
     27.872180     302.283832
     27.892795     327.129144
     27.906762     374.022335
     27.915999     312.403955
     27.935676     357.125357
     27.953794     329.212593
     27.963405     286.188174
     27.975642     346.538651
     27.993656     325.526596
     28.010731     310.904665
     28.021438     317.825299
     28.040978     351.200875
     28.052689     364.393479
     28.068805     266.143081
     28.085661     329.419792
     28.104004     275.625153
     28.112425     286.151673
     28.126563     278.719338
     28.148916     353.213206
     28.164680     347.879258
     28.172944     322.362181
     28.185777     330.131894
     28.201184     238.333753
     28.219492     274.727797
     28.235048     298.167544
     28.248218     346.614267
     28.268673     264.128795
     28.282987     308.175556
     28.297847     252.493089
     28.314245     321.716974
     28.326009     275.760032
     28.335116     271.861155
     28.351199     296.382087
     28.373128     310.142240
     28.386493     365.935939
     28.400029     347.421500
     28.411945     389.971769
     28.433803     314.820170
     28.444043     294.666849
     28.459774     353.556900
     28.479230     398.782576
     28.489433     392.715726
     28.507978     328.368398
     28.519935     411.221981
     28.533225     401.962635
     28.546055     373.747001
     28.563442     375.019555
     28.583902     363.824592
     28.596797     361.808568
     28.605712     406.180056
     28.625274     414.102096
     28.636839     358.081685
     28.655303     387.813604
     28.670477     260.498079
     28.689328     349.733980
     28.699662     358.853588
     28.718965     356.443467
     28.726764     292.465005
     28.743311     350.997147
     28.762259     304.690598
     28.775743     328.525958
     28.791068     353.526999
     28.803354     285.399005
     28.815880     315.190788
     28.833700     360.835388
     28.846102     368.971313
     28.864723     272.458366
     28.877530     351.822876
     28.898055     322.600930
     28.913019     268.119538
     28.920115     382.964326
     28.943764     333.531085
     28.954462     348.871025
     28.965991     355.274241
     28.987173     314.017130
     29.004741     359.199764
     29.015590     342.360908
     29.026353     357.164110
     29.044594     274.687019
     29.057567     337.031784
     29.075473     366.141273
     29.092286     298.320130
     29.106404     359.677175
     29.120935     334.931211
     29.139903     304.109723
     29.149247     312.753814
     29.167299     318.160473
     29.176075     318.742833
     29.195709     280.402294
     29.214013     370.392499
     29.220521     335.438256
     29.242900     321.997429
     29.251369     281.241291
     29.271820     291.231111
     29.283147     325.637692
     29.302916     343.537516
     29.310547     315.208284
     29.330715     281.253386
     29.344980     315.064182
     29.364037     289.533240
     29.372715     204.752670
     29.391180     325.871378
     29.401027     297.049366
     29.417352     255.727023
     29.431759     308.239912
     29.452608     298.812892
     29.468747     301.035353
     29.481930     288.276596
     29.495751     295.055771
     29.511966     325.269137
     29.523897     365.005874
     29.540409     284.236267
     29.553442     279.054958
     29.570628     299.974730
     29.584606     350.432610
     29.599476     284.183836
     29.612922     320.737831
     29.630844     299.794092
     29.642604     291.242368
     29.661379     317.566131
     29.679599     328.332546
     29.688745     318.448389
     29.706982     304.378062
     29.719612     247.845235
     29.739022     250.347429
     29.751323     293.559044
     29.769831     245.292749
     29.782037     295.921021
     29.790810     257.622516
     29.805792     236.845879
     29.822567     349.185196
     29.837241     285.610256
     29.855331     344.166149
     29.872090     272.403409
     29.882358     265.817723
     29.897207     297.519446
     29.916067     295.358198
     29.929887     331.458168
     29.949809     239.926052
     29.964490     282.756953
     29.977683     257.518261
     29.985067     335.510302
     30.007672     284.924387
     30.023102     301.240008
     30.034088     293.719907
     30.049570     295.633353
     30.062998     297.533289
     30.083357     293.597474
     30.099131     325.130519
     30.113496     283.420291
     30.127029     238.107710
     30.136000     279.099515
     30.159335     257.136606
     30.171356     271.376144
     30.185956     320.706860
     30.202342     233.890312
     30.216169     267.756905
     30.232092     330.373072
     30.246166     264.257270
     30.259835     290.927916
     30.273814     281.261340
     30.290631     296.353365
     30.303624     228.301198
     30.319062     292.228815
     30.335289     278.676784
     30.353832     284.629630
     30.369550     326.691099
     30.378718     304.235773
     30.399999     235.615048
     30.412793     254.849151
     30.424530     297.524592
     30.441865     294.713601
     30.452934     321.571872
     30.470098     292.944056
     30.482518     334.820616
     30.496349     275.239565
     30.517782     313.022289
     30.534623     303.761843
     30.543504     316.977963
     30.562755     334.269791
     30.577749     384.191624
     30.587040     267.113503
     30.600819     296.282150
     30.616635     241.799137
     30.632310     331.778787
     30.652402     281.431986
     30.660788     313.417629
     30.680363     285.853268
     30.694916     247.227768
     30.707418     291.943005
     30.726495     252.732098
     30.742182     284.349325
     30.756261     286.310829
     30.769720     260.332886
     30.781541     287.115058
     30.803505     274.299327
     30.817122     315.638841
     30.831672     252.421199
     30.849167     340.888742
     30.859304     224.591021
     30.878918     251.827671
     30.889648     258.535936
     30.909328     279.235124
     30.916434     323.824601
     30.932504     313.491416
     30.945695     252.230900
     30.966600     339.059783
     30.984013     285.594720
     30.990353     255.285509
     31.006497     328.653088
     31.024486     361.030431
     31.040963     227.405267
     31.055597     265.379535
     31.067156     238.292473
     31.085490     343.322830
     31.099465     294.835987
     31.119183     246.177281
     31.132046     303.013590
     31.149170     348.475258
     31.165000     235.420567
     31.170453     347.947446
     31.187447     276.325484
     31.204869     238.127955
     31.217985     323.983702
     31.238192     307.373463
     31.251559     315.182437
     31.260806     300.097339
     31.281044     237.222079
     31.295610     284.548150
     31.306929     311.741381
     31.325220     265.355632
     31.339540     282.944235
     31.353421     278.107345
     31.372119     251.365371
     31.382016     261.376277
     31.396458     215.194902
     31.411893     263.790651
     31.429393     292.343584
     31.446528     270.261190
     31.455480     296.349640
     31.473265     342.825614
     31.491175     283.874009
     31.506270     339.138466
     31.522385     304.266602
     31.533447     267.585971
     31.547587     343.478489
     31.569284     272.151715
     31.583268     254.183592
     31.595799     238.618582
     31.611318     271.344285
     31.629887     326.305427
     31.638798     243.517148
     31.652408     257.044106
     31.674725     303.456908
     31.684555     267.367313
     31.700238     305.965109
     31.711405     281.037295
     31.725512     300.484736
     31.745870     317.314659
     31.764911     252.211287
     31.773522     303.606731
     31.792575     266.538703
     31.803233     271.378155
     31.819392     252.254834
     31.839460     255.072482
     31.854510     308.168815
     31.864446     266.030472
     31.882500     318.208976
     31.894462     256.360623
     31.908000     301.131586
     31.929784     289.964432
     31.943185     306.369867
     31.959481     320.832690
     31.970954     338.919603
     31.985694     272.916645
     32.000701     264.708575
     32.014007     337.139308
     32.025744     297.235349
     32.042548     329.771650
     32.058254     287.421169
     32.078395     277.223312
     32.087304     299.520981
     32.105895     269.792674
     32.124743     273.599802
     32.131986     262.531120
     32.146888     328.524167
     32.163595     300.348673
     32.184169     314.798338
     32.191933     286.875631
     32.213640     271.206018
     32.220903     274.604840
     32.243164     238.113506
     32.256639     297.453216
     32.268262     288.804048
     32.280400     248.664345
     32.303070     318.463493
     32.319135     314.233976
     32.327593     255.011311
     32.341468     254.362121
     32.360674     252.582670
     32.378283     300.625593
     32.386791     334.599414
     32.404251     308.153674
     32.417239     262.354328
     32.438564     257.693330
     32.447889     248.396451
     32.466706     306.296486
     32.475742     312.868189
     32.495940     274.997832
     32.506460     259.052675
     32.524022     269.149932
     32.535104     338.450698
     32.559130     276.989117
     32.571521     230.192220
     32.582823     341.981094
     32.600084     341.877499
     32.619335     330.749845
     32.625270     301.360165
     32.648697     340.794467
     32.661737     316.715358
     32.676697     290.437164
     32.686550     331.493931
     32.707034     318.104869
     32.715901     275.238002
     32.738548     289.392628
     32.747165     299.689578
     32.764705     236.738648
     32.784320     262.133291
     32.798540     318.942526
     32.808291     280.761271
     32.823152     327.841335
     32.839846     293.379101
     32.850805     274.481278
     32.867211     291.188342
     32.881067     229.816867
     32.899696     270.941125
     32.916713     279.515622
     32.931613     245.899145
     32.944538     288.810902
     32.963707     284.705089
     32.974078     276.663850
     32.992564     315.182669
     33.007936     308.312488
     33.016187     307.418867
     33.039166     334.328885
     33.052167     244.015635
     33.068015     240.409515
     33.083809     261.854907
     33.090422     272.039754
     33.113953     237.445275
     33.124149     309.701928
     33.139906     231.597921
     33.156587     257.458140
     33.165007     264.284917
     33.180781     233.337360
     33.196410     273.046420
     33.213030     256.676450
     33.225873     247.283518
     33.245062     271.741197
     33.257275     305.357549
     33.278950     286.635943
     33.294354     223.321358
     33.306331     224.570837
     33.321949     227.237471
     33.334717     318.095948
     33.349359     263.066328
     33.366939     259.414341
     33.381897     239.903770
     33.397570     288.834546
     33.413589     322.054080
     33.428088     314.196995
     33.436412     240.795515
     33.453549     264.477183
     33.472393     286.057613
     33.486532     217.228980
     33.503812     297.743947
     33.511272     236.526506
     33.526714     276.863142
     33.545143     292.877004
     33.557862     273.421886
     33.575411     315.560388
     33.585688     319.483789
     33.609363     273.569467
     33.621423     345.898487
     33.637854     312.743476
     33.647030     249.557908
     33.664945     302.308308
     33.683608     323.277002
     33.693253     235.577768
     33.712300     253.911955
     33.729805     239.188853
     33.740008     240.505220
     33.750531     248.031854
     33.767194     266.789575
     33.781145     294.221582
     33.803916     256.658640
     33.811880     253.623463
     33.834660     269.401872
     33.848351     231.231353
     33.858593     265.608469
     33.873296     221.400192
     33.887101     282.793274
     33.909666     236.887685
     33.918311     258.972037
     33.936853     314.133116
     33.953460     290.990962
     33.968296     254.415099
     33.981910     334.537716
     33.995213     329.739089
     34.013162     328.240725
     34.022442     285.224048
     34.035635     257.020019
     34.051207     297.012362
     34.070854     349.680484
     34.088694     283.167768
     34.097259     327.111655
     34.112322     261.104678
     34.132862     237.293104
     34.141604     294.767907
     34.158465     298.254405
     34.171001     256.908309
     34.186740     243.854603
     34.206875     225.653070
     34.216905     279.195506
     34.234675     224.045800
     34.253539     317.466749
     34.267411     289.413089
     34.284879     231.294455
     34.299802     243.557487
     34.306514     244.628511
     34.323031     327.628508
     34.343037     292.407706
     34.353946     275.389627
     34.369388     276.781386
     34.381973     303.017899
     34.401583     265.532904
     34.413589     278.286820
     34.434657     289.073866
     34.445410     255.741578
     34.461419     280.189219
     34.478925     265.788173
     34.487954     307.261783
     34.500883     296.782504
     34.517298     269.415724
     34.535065     250.526728
     34.550233     254.826935
     34.564635     294.268072
     34.576222     299.465725
     34.596428     299.765285
     34.608642     301.194457
     34.628066     336.766390
     34.644305     277.431684
     34.653384     326.812481
     34.674509     317.816360
     34.685994     306.214622
     34.698650     341.383470
     34.710452     275.902948
     34.727855     253.673477
     34.744983     315.434214
     34.756308     306.804170
     34.771413     264.697158
     34.791391     293.903189
     34.808505     310.103005
     34.824912     264.731466
     34.837846     292.737604
     34.847669     342.064956
     34.865784     311.845377
     34.879819     307.248954
     34.896100     238.414067
     34.905420     260.188001
     34.926428     298.153282
     34.937624     283.068971
     34.952085     313.958190
     34.966385     238.157462
     34.980859     326.964993
     35.001435     215.536203
     35.014246     308.546955
     35.028987     257.845947
     35.049700     266.841526
     35.058632     314.578365
     35.076907     232.929354
     35.090178     307.850764
     35.108887     316.234585
     35.117842     257.746876
     35.134449     258.153282
     35.152804     288.806774
     35.167425     260.411719
     35.178026     254.670587
     35.190873     257.332118
     35.205276     255.886920
     35.222874     319.172131
     35.238891     303.727035
     35.253688     243.265111
     35.265403     257.769980
     35.282344     270.560826
     35.300308     179.196520
     35.310584     224.587316
     35.327933     293.625672
     35.347958     242.426325
     35.362936     265.009395
     35.377742     285.985143
     35.392839     180.900437
     35.408817     216.590308
     35.415198     267.120546
     35.435658     230.146133
     35.452071     260.089991
     35.466563     282.175818
     35.480553     275.601476
     35.493970     263.809914
     35.513402     272.466221
     35.524403     232.502583
     35.540588     250.794726
     35.557969     290.258014
     35.569481     303.571947
     35.585958     295.199665
     35.600134     262.026654
     35.614833     232.461485
     35.628696     225.034719
     35.641998     251.418123
     35.657804     227.519796
     35.673178     272.208380
     35.689549     294.337380
     35.707407     309.757601
     35.719483     264.936492
     35.737703     312.696381
     35.751247     223.034170
     35.765718     281.552479
     35.782713     204.161362
     35.793813     217.690967
     35.813351     216.728475
     35.822846     248.524428
     35.836234     302.313107
     35.850877     276.250689
     35.865137     253.694437
     35.887362     213.245198
     35.902283     192.854769
     35.916855     260.265367
     35.927997     243.374249
     35.942157     273.112673
     35.964730     199.272281
     35.977246     201.387317
     35.989557     234.783016
     36.009424     268.557251
     36.021108     209.134624
     36.033222     242.106946
     36.054487     285.029703
     36.064383     292.569065
     36.083166     212.215624
     36.092429     301.516614
     36.110536     292.160828
     36.121573     274.247633
     36.139885     295.872162
     36.155260     241.161940
     36.173181     234.154776
     36.187787     303.441386
     36.198523     227.572218
     36.213397     303.675213
     36.226919     279.604233
     36.242662     228.178643
     36.259268     227.655935
     36.270324     294.488778
     36.289852     279.012116
     36.300779     266.928416
     36.321528     246.777056
     36.334202     286.668262
     36.346916     282.690214
     36.366197     269.468990
     36.375674     268.781649
     36.396283     186.894827
     36.406519     292.186842
     36.424155     252.235987
     36.444317     267.762208
     36.457102     231.876280
     36.469647     252.186115
     36.482670     259.474235
     36.504542     242.633207
     36.516028     251.802199
     36.531445     267.895831
     36.544726     245.365793
     36.561085     203.145332
     36.575552     211.940968
     36.586795     184.776717
     36.605784     278.654345
     36.616773     267.738119
     36.638304     266.222505
     36.654889     276.461445
     36.661932     249.129363
     36.677193     240.804058
     36.692913     298.594634
     36.706194     293.852994
     36.723542     245.928485
     36.738708     218.423073
     36.755804     306.847598
     36.773415     223.137427
     36.784184     266.642043
     36.801984     302.769477
     36.815576     301.116773
     36.832731     308.399598
     36.843824     275.861730
     36.855947     282.686708
     36.870411     296.487313
     36.889392     233.658069
     36.905672     225.408109
     36.916528     295.313594
     36.936624     291.241307
     36.953399     232.191977
     36.967913     224.675298
     36.983573     284.633631
     36.997814     225.362274
     37.006331     260.239411
     37.022893     293.766444
     37.038629     218.157201
     37.056150     282.661936
     37.072563     227.561677
     37.081737     282.471586
     37.101048     242.918153
     37.110931     279.115652
     37.130538     287.711860
     37.148535     206.868624
     37.156897     244.573415
     37.173561     211.072853
     37.191799     257.160579
     37.209262     319.552778
     37.217514     254.745208
     37.232744     261.738893
     37.248894     250.582271
     37.266899     265.313962
     37.281126     316.447311
     37.295186     245.016372
     37.311955     236.353049
     37.321167     274.932007
     37.342572     294.361316
     37.355482     287.826138
     37.370615     311.712507
     37.387005     259.483134
     37.401440     298.826145
     37.415914     286.046467
     37.433576     251.855630
     37.442667     274.553894
     37.462090     249.214861
     37.472154     250.204527
     37.494843     294.439951
     37.509091     170.281397
     37.517727     283.213420
     37.531517     306.184642
     37.554689     310.092842
     37.564962     289.109078
     37.581092     250.345882
     37.596610     210.003703
     37.612803     222.556886
     37.629150     330.804735
     37.644311     285.449365
     37.652612     231.532568
     37.668883     255.624818
     37.685479     297.246331
     37.697014     245.459776
     37.719738     235.568683
     37.731550     268.087511
     37.741563     217.941853
     37.764513     202.682538
     37.776601     257.500875
     37.794223     216.251625
     37.809517     227.150057
     37.815217     268.442387
     37.839544     279.718956
     37.845890     296.675584
     37.860235     216.282607
     37.876798     225.952054
     37.895864     231.848261
     37.914256     199.796847
     37.923777     233.308527
     37.937324     277.257798
     37.956835     229.973153
     37.969971     217.575938
     37.984219     276.284832
     38.000119     205.926500
     38.019865     239.843759
     38.030175     281.967450
     38.046172     236.654477
     38.061971     257.681023
     38.070669     278.358724
     38.092689     272.414557
     38.106598     219.279911
     38.119222     186.143242
     38.139072     209.340479
     38.148497     219.002764
     38.167557     247.438180
     38.176750     244.609642
     38.196921     251.235636
     38.211187     234.764972
     38.229431     203.155560
     38.243590     207.320384
     38.251654     194.179660
     38.268613     232.380032
     38.286935     282.362225
     38.303146     234.408318
     38.312382     227.567616
     38.331784     205.765764
     38.344150     253.055814
     38.361003     284.541549
     38.370367     224.325404
     38.392839     247.545323
     38.408410     279.548716
     38.421108     283.265637
     38.430016     239.779291
     38.454503     276.063672
     38.468268     228.365378
     38.479147     264.287685
     38.495926     255.193793
     38.510057     205.443704
     38.524540     210.917805
     38.535512     197.827769
     38.558838     259.546447
     38.570601     245.731677
     38.580747     273.991592
     38.595866     282.626976
     38.613843     236.965979
     38.633593     215.413862
     38.649854     244.192683
     38.658709     234.033475
     38.677072     225.078078
     38.691102     251.330428
     38.708729     266.928001
     38.723579     182.248908
     38.730675     206.976101
     38.746730     235.343518
     38.765736     195.878802
     38.783259     223.126694
     38.795810     262.021766
     38.805770     255.251812
     38.826811     190.030824
     38.837289     228.447192
     38.858065     239.993595
     38.873314     270.307270
     38.885875     288.925528
     38.900230     281.231090
     38.918314     225.171587
     38.933529     216.744677
     38.949571     223.787338
     38.958524     216.087242
     38.974121     283.665643
     38.987693     221.719506
     39.006681     266.641996
     39.021334     257.655517
     39.038148     247.785731
     39.047492     217.861742
     39.064027     223.995232
     39.077322     208.124481
     39.096135     207.486957
     39.106264     280.916075
     39.126186     231.763393
     39.143817     267.493526
     39.151761     183.731999
     39.172527     220.631184
     39.183540     227.083323
     39.201531     234.902861
     39.212073     257.166354
     39.225670     187.887078
     39.241060     212.880045
     39.264586     234.898819
     39.273946     211.180347
     39.294364     249.706832
     39.309881     236.707484
     39.321266     200.296711
     39.339504     247.717028
     39.349555     191.494673
     39.362959     243.255900
     39.376857     185.156380
     39.391338     214.247531
     39.406585     278.890854
     39.426297     260.961092
     39.438545     227.317617
     39.455382     263.452303
     39.471516     185.009037
     39.482307     259.997890
     39.499241     221.926414
     39.519268     283.285412
     39.532728     242.418014
     39.543150     239.665372
     39.560440     294.812098
     39.579350     226.309491
     39.590800     227.248045
     39.605432     247.848615
     39.615771     271.110253
     39.630391     177.661650
     39.646449     171.452223
     39.663774     295.721265
     39.683269     241.435870
     39.695198     231.536135
     39.713367     272.508286
     39.725611     288.740265
     39.737995     214.767618
     39.751365     256.673329
     39.769133     281.747555
     39.781566     302.155638
     39.796394     273.881640
     39.813759     204.873497
     39.832310     222.146627
     39.846769     246.382945
     39.856321     270.990514
     39.874534     204.832389
     39.890079     256.458787
     39.907820     297.704938
     39.922306     298.399694
     39.930215     234.839806
     39.949603     286.302314
     39.969900     254.537578
     39.980847     265.502307
     39.994121     282.623810
     40.006127     282.252795
     40.027736     178.126753
     40.037216     227.115473
     40.051949     283.493154
     40.073347     209.978591
     40.081702     263.463863
     40.095684     248.983002
     40.119170     271.325210
     40.128345     285.693579
     40.147449     251.181268
     40.156265     225.884272
     40.170180     224.217504
     40.193932     316.418787
     40.208266     239.337971
     40.216004     302.713365
     40.235157     232.608011
     40.248124     235.597646
     40.266618     196.377037
     40.281302     272.400648
     40.290890     262.868927
     40.307234     255.464080
     40.323608     294.559920
     40.340611     224.545421
     40.357594     220.874382
     40.367560     245.357486
     40.385542     218.726711
     40.402072     232.023989
     40.418082     234.311973
     40.431434     231.706978
     40.441733     193.936461
     40.464253     225.585406
     40.471282     224.755968
     40.494931     218.752247
     40.501464     287.213628
     40.519386     290.134113
     40.537518     289.502473
     40.549751     279.272989
     40.561663     197.414256
     40.576135     290.207440
     40.597015     270.404069
     40.613267     238.613631
     40.620938     236.149437
     40.635733     235.567634
     40.650305     278.555458
     40.673545     284.335905
     40.680100     276.900442
     40.698240     289.024085
     40.717362     274.417427
     40.732489     294.897245
     40.748161     288.157308
     40.757362     294.018318
     40.778223     277.031869
     40.791356     255.938606
     40.803586     214.466362
     40.820731     248.089295
     40.830260     190.118499
     40.854138     239.899895
     40.860495     223.414860
     40.879553     306.943490
     40.896427     240.415433
     40.906164     230.610579
     40.923087     249.050815
     40.940344     227.810771
     40.953068     258.848128
     40.967919     221.707816
     40.985819     303.741906
     41.004141     241.029902
     41.014432     218.549154
     41.034940     288.315616
     41.044043     235.924045
     41.063232     254.815740
     41.079539     272.697532
     41.088639     261.657001
     41.108355     292.821935
     41.116904     205.115424
     41.132385     300.637652
     41.150737     204.295729
     41.164487     288.029915
     41.179516     282.896604
     41.192158     211.263157
     41.210061     245.451072
     41.221440     213.456462
     41.241057     220.306470
     41.257131     300.618908
     41.274688     202.072180
     41.282263     252.160747
     41.302329     283.651090
     41.311380     255.744470
     41.331282     229.224060
     41.347991     264.440103
     41.357657     298.372906
     41.371617     204.496155
     41.385065     295.480654
     41.409537     193.466048
     41.423948     235.397742
     41.438330     282.673429
     41.452901     266.008392
     41.460477     232.878869
     41.479125     213.190571
     41.497481     267.642083
     41.513946     252.755284
     41.528689     242.968561
     41.543535     246.073844
     41.552709     287.650470
     41.569244     236.937024
     41.582553     290.347396
     41.596179     246.766802
     41.615531     265.056274
     41.630437     213.455390
     41.643331     258.167732
     41.663549     259.098752
     41.678378     255.209180
     41.691949     215.005276
     41.700374     283.801835
     41.723878     203.137380
     41.734886     221.841788
     41.752871     214.948240
     41.767021     208.711590
     41.779524     233.151013
     41.795845     246.771062
     41.809440     250.574474
     41.825279     282.953207
     41.840370     272.806021
     41.859800     313.236744
     41.874363     235.685655
     41.881481     183.358953
