      2.000332       2.366212
      2.014143      37.943407
      2.028600     -31.897778
      2.046771     -35.380871
      2.061342     -10.276074
      2.071192     -12.484389
      2.093059      19.151022
      2.106812      21.124988
      2.118192      39.374929
      2.131533      63.888711
      2.148729      55.009118
      2.167744      95.850373
      2.179674     105.206631
      2.190974      46.836127
      2.213710      34.950501
      2.220169     135.652939
      2.235896     157.870765
      2.250038     101.978052
      2.272055     211.454486
      2.284374     214.742334
      2.303221     192.517906
      2.319384     304.175642
      2.334083     259.535726
      2.344639     309.146166
      2.362544     351.500517
      2.370833     364.747878
      2.387562     407.483268
      2.402180     468.553716
      2.419697     436.351102
      2.433649     453.409308
      2.452703     505.077215
      2.461448     478.512495
      2.484997     482.257799
      2.498061     581.915821
      2.513694     537.786385
      2.522693     576.554122
      2.544552     517.870163
      2.559582     564.025210
      2.565832     551.205149
      2.583577     582.780371
      2.602512     538.896463
      2.616531     611.482663
      2.627177     573.931849
      2.641209     564.862030
      2.655543     593.604611
      2.677741     593.629856
      2.686595     691.334802
      2.704803     662.339677
      2.719143     649.191864
      2.739528     634.745625
      2.753218     684.514351
      2.763203     707.970694
      2.778642     662.764250
      2.799617     677.140675
      2.811927     814.266141
      2.824038     754.059828
      2.840794     755.969240
      2.856438     733.138922
      2.871403     833.295565
      2.884788     856.052583
      2.904791     895.635962
      2.917225     848.190678
      2.926922     921.082971
      2.945465     928.875603
      2.962378     968.641882
      2.974257     942.558419
      2.989868     953.362842
      3.009895    1007.225167
      3.016176    1025.316743
      3.032066    1047.678906
      3.049127    1082.214684
      3.065990    1102.215602
      3.084977    1248.190357
      3.093798    1267.971006
      3.109232    1265.129612
      3.129578    1268.034224
      3.137140    1381.376271
      3.155744    1455.230160
      3.167704    1521.351145
      3.183214    1581.779631
      3.197979    1767.404702
      3.216543    1777.326608
      3.227132    1888.680321
      3.249486    2086.138343
      3.256826    2055.690438
      3.277508    2388.887015
      3.293492    2567.096107
      3.304379    2932.875095
      3.324226    3288.370359
      3.339429    3938.830289
      3.352416    4617.740099
      3.361072    4899.837013
      3.380082    4072.375341
      3.391205    2105.254402
      3.407341    1060.288597
      3.422288     669.296844
      3.441251     551.716761
      3.455082     420.894870
      3.467100     475.175200
      3.487011     379.081201
      3.497761     403.352066
      3.519965     394.543156
      3.533485     384.394027
      3.545405     412.186371
      3.560227     370.706853
      3.571740     341.017756
      3.587124     314.720181
      3.601822     363.934051
      3.624504     378.370096
      3.638571     293.960464
      3.646755     272.656169
      3.663522     349.599057
      3.683215     280.024908
      3.697794     308.156059
      3.707368     320.957324
      3.722825     336.128470
      3.740053     355.476966
      3.756448     380.879162
      3.772769     381.040681
      3.788772     305.039630
      3.795104     333.068882
      3.810691     330.045389
      3.834175     318.110339
      3.841084     356.630261
      3.856159     325.532318
      3.877375     335.265331
      3.894616     317.201343
      3.904435     386.307968
      3.917089     355.905974
      3.932315     310.787722
      3.948120     275.674685
      3.963045     347.116337
      3.981653     346.867366
      3.994430     310.352933
      4.009591     323.756634
      4.025573     348.921007
      4.041212     408.299439
      4.050264     376.940460
      4.068823     355.967379
      4.089336     347.852652
      4.104319     349.652029
      4.111414     360.875367
      4.128110     352.080708
      4.142064     369.110195
      4.157305     348.507267
      4.176830     393.553463
      4.185769     371.330458
      4.205973     343.225148
      4.224416     358.852942
      4.234967     411.439927
      4.249344     423.543774
      4.265260     334.971979
      4.281847     402.199975
      4.298705     445.032892
      4.307684     428.096117
      4.326186     396.448653
      4.343420     421.431272
      4.354373     481.268577
      4.370231     392.447531
      4.383319     480.848532
      4.397328     412.071660
      4.414723     458.504341
      4.434251     398.749457
      4.443406     488.297772
      4.464380     441.237263
      4.476475     462.257334
      4.488609     435.927348
      4.504092     464.306012
      4.523931     464.603558
      4.539778     512.825789
      4.552371     583.874828
      4.562787     557.227681
      4.576249     650.866172
      4.593877     607.551883
      4.606554     591.124696
      4.625374     724.781110
      4.638982     710.744037
      4.657324     755.970053
      4.668865     790.737060
      4.687944     843.519685
      4.703009     961.388156
      4.714805    1142.623585
      4.727517    1188.890937
      4.743146    1333.011303
      4.756169    1550.944861
      4.776078    1597.220544
      4.791299    1110.465248
      4.803577     700.760352
      4.822655     487.512576
      4.836347     414.542699
      4.853019     390.211489
      4.863454     349.617132
      4.877904     383.262695
      4.892711     364.406353
      4.912577     409.968356
      4.926888     371.157225
      4.944310     416.395153
      4.959546     357.168437
      4.974771     389.646500
      4.984328     394.842824
      4.998414     402.323904
      5.018255     445.707830
      5.025387     443.902350
      5.040951     362.268960
      5.056938     364.925229
      5.071292     395.945898
      5.091397     453.950135
      5.100271     442.113810
      5.116244     384.176090
      5.135195     378.447262
      5.153260     407.558993
      5.160063     435.612413
      5.183176     371.245439
      5.198236     439.562090
      5.213525     477.461650
      5.223355     434.521117
      5.238393     389.380913
      5.254907     420.125830
      5.266367     446.139043
      5.288958     549.046258
      5.301609     499.553649
      5.315953     465.238442
      5.327434     472.586718
      5.341252     457.423721
      5.363073     458.081452
      5.379844     477.163124
      5.393669     467.160939
      5.405027     577.318851
      5.415476     488.046029
      5.436367     535.022713
      5.454082     580.467578
      5.469361     562.486176
      5.480214     568.183871
      5.496122     594.160790
      5.514460     530.788262
      5.525693     637.834765
      5.536603     640.203706
      5.556331     711.864565
      5.566617     740.006405
      5.587472     738.588847
      5.602906     786.826688
      5.612789     815.929365
      5.628155     803.491616
      5.643978     898.721655
      5.657840     883.232693
      5.679770     994.843244
      5.685598    1003.457680
      5.709860     997.546718
      5.715128    1155.727957
      5.737597    1313.583615
      5.752258    1413.322835
      5.763880    1464.620792
      5.777793    1637.603364
      5.790840    1941.546547
      5.812954    2352.279315
      5.825116    2837.715275
      5.839523    3044.817007
      5.855817    2467.987078
      5.866681    1575.625997
      5.886565     908.194670
      5.896268     622.888826
      5.918313     478.487782
      5.933348     433.791081
      5.949204     421.480656
      5.960157     403.759945
      5.975995     422.765031
      5.988884     418.875378
      6.009330     347.036054
      6.018617     401.638259
      6.039662     393.052101
      6.047551     376.344482
      6.060917     368.505902
      6.084020     355.048130
      6.090157     389.112258
      6.111906     372.929574
      6.126159     387.997799
      6.136652     442.999357
      6.154473     368.653570
      6.173547     451.475504
      6.185260     427.432754
      6.203171     433.944022
      6.219630     442.198166
      6.232280     382.354588
      6.247036     397.900368
      6.259065     400.376432
      6.275053     448.896133
      6.291000     388.375910
      6.303914     395.630238
      6.323829     433.094375
      6.339169     438.782691
      6.351117     396.721979
      6.365602     368.044019
      6.375693     477.389130
      6.395439     379.214529
      6.411291     396.695342
      6.420064     357.928398
      6.441585     423.190576
      6.456746     407.418882
      6.467600     449.221966
      6.482653     485.176965
      6.496082     400.747694
      6.512946     426.300332
      6.529846     504.800405
      6.548616     501.429243
      6.562681     454.303675
      6.571252     458.502196
      6.586341     487.451988
      6.602921     578.682737
      6.618101     537.279133
      6.632038     534.335557
      6.648446     609.043259
      6.661341     649.295618
      6.683816     703.438283
      6.695299     820.069278
      6.705443     797.948020
      6.721822     917.879450
      6.742258    1114.993595
      6.750226    1085.103657
      6.766917     883.633560
      6.786431     601.887815
      6.797598     512.448069
      6.813202     406.203587
      6.830916     415.220258
      6.840278     361.589730
      6.864196     372.533580
      6.871495     439.641336
      6.891488     439.103669
      6.903787     448.302164
      6.915217     438.497263
      6.931223     454.088481
      6.951792     452.081395
      6.965930     403.137110
      6.983521     364.139462
      6.990318     382.859338
      7.008092     351.805790
      7.023184     449.667121
      7.044057     406.625707
      7.053820     373.487827
      7.068390     450.242596
      7.088678     433.608188
      7.097476     448.720830
      7.118716     424.407964
      7.133438     486.484656
      7.147735     451.596302
      7.157806     406.971886
      7.179671     407.050833
      7.186680     443.507117
      7.201762     496.459576
      7.223297     474.116494
      7.235925     458.607850
      7.245017     438.242071
      7.266898     474.967136
      7.275272     535.731878
      7.290395     448.040555
      7.305423     502.177262
      7.327716     473.736867
      7.340308     564.227956
      7.359696     615.807864
      7.372320     558.006080
      7.386240     630.920706
      7.397916     692.126885
      7.416630     679.532767
      7.429081     769.258686
      7.445493     678.161917
      7.457652     824.445275
      7.473338     937.999045
      7.488779    1016.726596
      7.502022    1053.959861
      7.521933    1280.298408
      7.533084    1379.627533
      7.550202    1473.423094
      7.561513    1263.313232
      7.575470     931.270410
      7.598904     613.405190
      7.606605     509.522495
      7.621150     528.249972
      7.641892     480.819892
      7.658799     463.643927
      7.665938     447.709736
      7.682103     437.844443
      7.704047     491.978747
      7.714270     383.352560
      7.732822     398.915658
      7.745836     486.158583
      7.755000     433.054196
      7.777420     412.191172
      7.787250     421.385690
      7.801694     488.581100
      7.818714     443.359683
      7.836781     491.219774
      7.850651     422.890944
      7.862133     436.314715
      7.876385     552.234509
      7.899274     496.999705
      7.909545     535.802175
      7.927889     575.213429
      7.936036     575.248723
      7.950134     528.877412
      7.967851     521.287780
      7.987145     590.677561
      7.998793     558.303092
      8.015996     655.077008
      8.034518     660.174297
      8.047613     624.905853
      8.064872     658.191494
      8.074599     748.228398
      8.091096     699.261684
      8.101461     753.052872
      8.115121     838.239413
      8.133785     871.202623
      8.145202     874.482257
      8.169052     992.602181
      8.183309    1148.273626
      8.191486    1181.647213
      8.210850    1350.888760
      8.229880    1577.630606
      8.243272    1770.928034
      8.257879    2031.417752
      8.273128    2195.846333
      8.286958    1926.917531
      8.300765    1340.787958
      8.311640     772.220084
      8.325961     597.499332
      8.340328     449.485886
      8.362389     434.241053
      8.374412     445.657495
      8.388050     396.877377
      8.405325     404.142932
      8.421299     364.385493
      8.435773     413.406639
      8.453110     342.335561
      8.467282     349.892967
      8.475635     379.073265
      8.498007     362.790596
      8.512001     355.065959
      8.524355     403.809023
      8.541906     374.227845
      8.552452     379.671169
      8.565546     380.176776
      8.586288     408.692742
      8.595720     370.438403
      8.619412     370.832686
      8.630921     347.018427
      8.642467     381.689818
      8.659822     367.135220
      8.670878     379.718625
      8.692084     337.246337
      8.704722     343.287446
      8.715101     355.850739
      8.732597     384.138467
      8.749101     386.838677
      8.768970     384.488538
      8.782667     425.860969
      8.797377     398.166172
      8.808032     343.520413
      8.820080     402.633320
      8.843381     417.607156
      8.853448     379.843686
      8.871238     400.228486
      8.886306     391.548495
      8.903357     425.348502
      8.911896     510.252859
      8.933853     526.376497
      8.947310     481.657215
      8.960003     394.475714
      8.979322     380.148645
      8.990515     346.538004
      9.003033     412.971522
      9.022236     408.610012
      9.030443     362.558888
      9.045497     390.654286
      9.066812     370.321589
      9.076581     401.604356
      9.093563     343.726068
      9.112417     327.432456
      9.120357     308.172359
      9.140777     350.519491
      9.151502     396.905971
      9.174783     330.972600
      9.186827     405.746627
      9.196229     406.339434
      9.217406     405.725053
      9.231062     402.223992
      9.240302     382.728942
      9.257066     372.996663
      9.274662     334.193356
      9.290693     333.039404
      9.302958     365.711786
      9.317753     369.744563
      9.330483     374.580007
      9.350106     362.450326
      9.365737     388.144652
      9.383330     378.892578
      9.396098     338.001685
      9.408202     367.286093
      9.424729     312.442834
      9.437646     337.018777
      9.457880     380.049165
      9.466467     314.336134
      9.484020     371.715581
      9.495555     351.662072
      9.515462     379.626846
      9.525685     335.732917
      9.546032     357.921101
      9.560428     374.601365
      9.574915     476.975651
      9.588443     395.470281
      9.605912     409.751460
      9.616285     351.898854
      9.630565     337.339010
      9.645494     332.224443
      9.664014     365.536696
      9.684505     383.490563
      9.698133     388.961179
      9.709266     397.408069
      9.727909     412.271139
      9.735628     373.307100
      9.756047     386.776735
      9.767003     440.364265
      9.786538     326.221391
      9.802127     426.228806
      9.812506     413.395807
      9.825362     336.705327
      9.849787     425.271139
      9.863662     411.017596
      9.877159     378.959232
      9.893688     399.381382
      9.906409     463.201084
      9.922890     449.328937
      9.938876     389.658136
      9.947285     417.011228
      9.961611     467.787099
      9.983391     386.142332
      9.994945     444.485998
     10.007221     426.481064
     10.024585     508.760590
     10.035043     482.467824
     10.053808     432.682722
     10.065301     458.180752
     10.086637     563.727466
     10.097379     547.967227
     10.119488     634.709162
     10.127511     685.872790
     10.140121     702.059324
     10.160152     543.681667
     10.173285     518.861459
     10.186307     412.204136
     10.200025     461.563216
     10.224434     355.546721
     10.231925     407.375414
     10.251222     328.896391
     10.268672     396.960679
     10.277959     398.527914
     10.295930     412.384494
     10.313246     400.488757
     10.322991     350.285192
     10.343793     391.777242
     10.350380     364.510216
     10.374534     416.373207
     10.389385     386.288655
     10.399981     367.154466
     10.418228     396.312448
     10.433818     418.844370
     10.442128     355.073760
     10.458218     390.678804
     10.471460     349.101077
     10.492746     439.364001
     10.503517     408.279491
     10.524436     390.298385
     10.539513     373.366962
     10.552623     419.009185
     10.568628     468.678874
     10.579799     391.817050
     10.592634     386.607080
     10.607718     355.973497
     10.624830     435.048661
     10.642293     395.288377
     10.650984     461.353669
     10.666739     487.104632
     10.687971     409.764067
     10.704507     431.486679
     10.716882     433.144532
     10.725867     456.957722
     10.747166     424.102244
     10.759437     363.902844
     10.776532     430.846793
     10.790209     384.259844
     10.805392     428.410710
     10.815415     372.023036
     10.836368     439.330339
     10.846804     416.256100
     10.863807     384.220131
     10.881464     366.984421
     10.893539     449.473673
     10.905223     373.221840
     10.920850     480.442938
     10.941776     430.000857
     10.953609     382.939489
     10.967314     397.756186
     10.988086     435.401832
     11.000798     433.374277
     11.015594     511.482307
     11.030195     535.328791
     11.047385     533.540154
     11.057216     501.385093
     11.075722     568.058160
     11.093519     544.429574
     11.106536     598.976434
     11.124066     621.046097
     11.132121     619.176706
     11.153717     757.719430
     11.165836     791.390992
     11.180748     896.476383
     11.190221     931.922585
     11.213740    1004.744618
     11.227951     924.241330
     11.239242     761.170602
     11.258782     619.466313
     11.274106     559.628999
     11.281960     494.546446
     11.300587     473.062829
     11.317936     438.136752
     11.326109     401.825999
     11.341405     356.362291
     11.364724     453.945404
     11.377968     440.419105
     11.386645     441.657405
     11.404412     475.239932
     11.420476     462.834293
     11.438965     442.007768
     11.454810     449.873701
     11.465759     429.620184
     11.482565     452.651298
     11.492701     430.008815
     11.506646     361.014160
     11.520741     361.328830
     11.542329     446.255966
     11.554554     433.937394
     11.567435     433.800964
     11.585398     473.667546
     11.600414     507.391522
     11.615501     493.470310
     11.634807     483.440202
     11.641012     550.744867
     11.660607     491.424066
     11.672653     580.379143
     11.685515     591.176110
     11.701017     661.181922
     11.723624     591.892396
     11.737259     607.614837
     11.751662     530.389888
     11.763430     424.512463
     11.780400     389.395400
     11.797868     455.740444
     11.810662     380.344742
     11.823956     389.906089
     11.842777     457.165999
     11.858835     384.507047
     11.865600     481.026982
     11.889498     379.610272
     11.895453     495.118616
     11.917953     421.726431
     11.926923     471.654911
     11.940717     426.358404
     11.959936     431.041405
     11.978016     507.700354
     11.994302     545.613334
     12.003431     475.955323
     12.018723     557.017071
     12.033269     468.183025
     12.045431     582.094864
     12.060671     547.727725
     12.083035     577.128325
     12.091298     680.063199
     12.112722     682.452898
     12.121503     765.177777
     12.135789     844.638943
     12.155178     961.989707
     12.165049    1067.266869
     12.181246    1127.896925
     12.201914    1054.231554
     12.215170     959.176191
     12.228350     765.583466
     12.242649     579.078673
     12.262956     452.478167
     12.271449     424.285020
     12.293235     417.703440
     12.304177     416.338585
     12.321981     374.421112
     12.333352     408.296624
     12.350692     375.237899
     12.364007     371.454804
     12.384536     395.391345
     12.394659     429.242963
     12.411918     386.664661
     12.427965     367.031986
     12.441198     375.325230
     12.454166     306.679722
     12.472842     456.174846
     12.480765     359.396052
     12.497043     357.403733
     12.510212     426.160361
     12.526254     368.849107
     12.547623     370.956668
     12.557366     421.328004
     12.576861     361.037282
     12.594798     329.376117
     12.604037     341.914256
     12.616010     372.557251
     12.634431     352.711176
     12.652499     418.589725
     12.661370     436.540832
     12.681172     407.783698
     12.695280     367.312221
     12.705288     405.708157
     12.720638     385.391619
     12.744218     431.035806
     12.750097     315.270328
     12.772125     397.734870
     12.786411     378.504046
     12.798630     341.563910
     12.816863     331.101878
     12.832690     399.951983
     12.844478     365.274159
     12.855793     416.636852
     12.876275     395.336576
     12.891388     350.274715
     12.905794     341.074758
     12.921088     371.603392
     12.931123     389.846475
     12.948300     412.148688
     12.967898     354.018645
     12.978090     401.123680
     12.998823     402.504442
     13.006524     426.164822
     13.023820     414.790834
     13.037186     404.050824
     13.052767     489.679925
     13.065570     450.879640
     13.087841     446.744783
     13.099340     446.747415
     13.115798     512.969256
     13.130540     541.493755
     13.140748     480.106495
     13.156694     442.232064
     13.176280     430.832334
     13.185352     483.820241
     13.204450     488.544450
     13.221210     452.968046
     13.238408     442.031124
     13.245626     484.573011
     13.268949     425.811587
     13.279843     473.723942
     13.295071     492.630464
     13.308384     466.936961
     13.322971     425.148342
     13.339814     455.565232
     13.352626     476.457049
     13.370209     464.467561
     13.380917     477.952230
     13.395303     591.638427
     13.412280     488.125413
     13.433685     569.686201
     13.449738     649.883134
     13.456042     705.709854
     13.476501     790.562182
     13.488823     806.060950
     13.508592     898.170045
     13.521781     915.133621
     13.538819     971.225270
     13.547521     985.190005
     13.567381     826.026131
     13.577481     664.561598
     13.595628     537.913065
     13.605135     420.172983
     13.622339     414.885232
     13.638546     428.091030
     13.651265     421.007380
     13.673350     359.032842
     13.689870     458.996562
     13.697551     452.123658
     13.713153     452.486111
     13.729184     476.071716
     13.744692     430.911789
     13.757382     485.710014
     13.778173     437.451458
     13.788669     442.853682
     13.805139     442.418538
     13.823881     415.849131
     13.830881     480.043985
     13.851043     521.129394
     13.861367     504.370359
     13.884116     594.627186
     13.894667     591.151617
     13.906009     669.103031
     13.928846     628.386395
     13.938636     707.959822
     13.959534     701.068647
     13.965055     632.391941
     13.983146     644.110215
     13.997073     575.200454
     14.015451     482.967027
     14.026598     465.151534
     14.048615     386.623019
     14.057169     442.089479
     14.072651     427.645787
     14.086482     392.817046
     14.100594     395.972063
     14.117576     403.833872
     14.130308     333.202402
     14.151741     412.381562
     14.168988     336.998678
     14.184794     449.899339
     14.194812     412.852826
     14.206719     432.287738
     14.225696     380.316938
     14.244501     506.770953
     14.257828     499.932324
     14.272291     419.591542
     14.287278     481.115010
     14.301344     477.835435
     14.318379     613.642572
     14.330458     561.290525
     14.341132     653.152789
     14.355658     650.371634
     14.378988     668.973814
     14.388478     526.178002
     14.402545     430.433447
     14.424473     413.722752
     14.430062     400.461544
     14.450500     393.091461
     14.469756     367.675660
     14.481893     435.636641
     14.497185     404.448798
     14.511824     425.431603
     14.527578     422.971407
     14.544070     390.654386
     14.553631     434.176141
     14.565435     398.612387
     14.581754     380.059065
     14.604851     432.543016
     14.610633     478.855116
     14.627982     439.148260
     14.647746     462.741792
     14.661070     477.510401
     14.676879     484.049006
     14.690725     483.406625
     14.709026     516.563539
     14.720234     578.219931
     14.738315     688.072494
     14.748465     729.347502
     14.769204     644.691364
     14.779444     664.991725
     14.790706     546.386628
     14.809530     420.101098
     14.828810     422.449377
     14.843510     364.345458
     14.855174     426.241745
     14.866805     360.985774
     14.881110     342.544349
     14.904895     373.262493
     14.911991     330.901037
     14.926369     398.721038
     14.947017     399.734490
     14.955713     329.054170
     14.979011     317.509994
     14.994477     367.389510
     15.007852     362.243413
     15.017804     342.001378
     15.030425     402.038210
     15.053698     373.478664
     15.067540     424.799781
     15.078452     330.045291
     15.098858     401.560552
     15.107544     412.527230
     15.121781     403.129134
     15.137954     387.879558
     15.150517     413.169672
     15.166161     346.222526
     15.187897     419.317978
     15.203768     352.692627
     15.218333     340.538577
     15.234465     346.180325
     15.245864     316.680236
     15.258789     338.111026
     15.274366     382.756969
     15.292688     319.285072
     15.301367     366.963203
     15.319103     348.826915
     15.334305     327.947024
     15.346269     387.626562
     15.362805     364.058138
     15.375669     379.144295
     15.398117     351.809229
     15.414891     376.706980
     15.428823     375.458865
     15.437621     343.792247
     15.450291     432.317725
     15.474928     413.111836
     15.489520     493.105241
     15.500310     441.483951
     15.514992     438.149931
     15.532539     476.793532
     15.545223     478.649204
     15.555748     395.130091
     15.575582     466.989712
     15.585769     408.932903
     15.600236     410.985194
     15.624234     346.880211
     15.631959     385.805024
     15.646971     397.779671
     15.665773     374.151245
     15.676759     366.979034
     15.690698     419.076029
     15.711032     412.174891
     15.720556     448.063696
     15.741324     451.516412
     15.751230     423.189176
     15.769090     464.223151
     15.784164     463.341650
     15.796527     530.386877
     15.810620     501.852784
     15.830378     552.639929
     15.843033     672.612986
     15.856216     689.004554
     15.871379     706.905993
     15.892619     769.763951
     15.900160     728.439670
     15.923408     644.057444
     15.933599     574.251541
     15.952597     462.645373
     15.963228     362.486957
     15.982306     319.202303
     15.994427     332.364254
     16.008431     401.909159
     16.027330     399.125546
     16.036099     371.573378
     16.054904     319.881063
     16.069306     367.598578
     16.084046     326.682623
     16.096723     290.125220
     16.119115     340.432881
     16.129448     353.809427
     16.146986     286.016545
     16.158109     350.846095
     16.173765     337.751458
     16.187726     383.191968
     16.206612     332.320905
     16.217283     400.494929
     16.230461     379.864417
     16.247840     401.422864
     16.267504     341.352296
     16.279136     367.101715
     16.290149     360.145060
     16.313536     321.586197
     16.321038     354.174156
     16.340923     309.281871
     16.353477     311.631913
     16.366327     306.254033
     16.382693     304.329397
     16.404157     326.540709
     16.418463     337.878600
     16.433221     333.816541
     16.446041     299.391052
     16.464811     335.352913
     16.474752     444.825241
     16.485720     425.484009
     16.500629     429.330724
     16.515874     428.914160
     16.535229     458.332007
     16.549711     449.604726
     16.564996     538.439095
     16.577085     632.026713
     16.592117     627.809567
     16.613474     540.591830
     16.622564     592.682194
     16.641486     500.713324
     16.650257     455.078244
     16.665130     391.735247
     16.685011     362.643652
     16.703731     335.195685
     16.719475     318.510360
     16.731991     394.461987
     16.745364     310.963788
     16.755874     324.014490
     16.774675     315.740310
     16.786515     334.096668
     16.803499     373.450406
     16.816260     317.706751
     16.834418     321.876771
     16.847454     418.155105
     16.867602     425.501621
     16.876988     408.414439
     16.890894     411.629709
     16.908672     442.464520
     16.926788     453.234905
     16.941018     447.626995
     16.951200     541.247499
     16.971529     522.401726
     16.983738     370.131263
     17.004712     338.305393
     17.018208     268.240999
     17.028815     322.546835
     17.045182     321.257865
     17.064462     348.992981
     17.071583     317.736308
     17.092085     336.265417
     17.100837     366.932485
     17.118744     284.150499
     17.138607     282.924112
     17.149086     253.857251
     17.168638     304.806166
     17.184361     298.704476
     17.191992     274.913033
     17.206527     265.187789
     17.222028     310.486604
     17.238070     354.608629
     17.258448     320.878597
     17.273012     347.686118
     17.281764     364.726071
     17.301456     341.535236
     17.313723     282.364438
     17.334710     261.377241
     17.347075     324.773704
     17.363562     361.367248
     17.377264     312.995013
     17.393618     349.835607
     17.409249     304.838139
     17.417913     338.454582
     17.439863     344.296425
     17.450999     354.800221
     17.468081     325.534547
     17.475457     292.742100
     17.494840     295.546802
     17.509562     352.502655
     17.523103     314.823078
     17.544118     368.159640
     17.559201     400.019561
     17.566819     443.146744
     17.580690     386.930790
     17.598271     477.542480
     17.616752     409.580158
     17.631159     393.408179
     17.646495     374.661848
     17.660080     365.619320
     17.674473     358.770611
     17.690713     353.343063
     17.704177     273.383146
     17.722036     260.094877
     17.736621     308.189331
     17.750775     303.649362
     17.765058     303.183711
     17.780773     338.926934
     17.798632     337.357254
     17.809319     273.349378
     17.823856     337.118471
     17.844176     352.244276
     17.854459     329.877970
     17.873401     282.747171
     17.880074     320.426435
     17.902313     344.494476
     17.911672     332.346132
     17.925541     388.604253
     17.944209     420.191413
     17.956072     346.446992
     17.976451     374.307631
     17.986500     298.648342
     18.001787     281.269953
     18.016181     358.533604
     18.036946     303.669384
     18.050904     273.824058
     18.067599     319.869233
     18.084941     242.653554
     18.090056     311.125043
     18.111372     262.322386
     18.123413     272.544611
     18.139383     304.063829
     18.153991     287.151460
     18.167566     276.894209
     18.188189     255.930698
     18.203970     281.815150
     18.216340     306.031437
     18.232448     266.850178
     18.248543     251.328429
     18.262733     344.251111
     18.273363     323.653876
     18.293803     325.057911
     18.302417     328.832676
     18.319205     301.335422
     18.338354     279.186767
     18.349205     358.141154
     18.361130     306.417097
     18.378309     252.172977
     18.391045     294.506854
     18.413245     309.623745
     18.422307     311.092064
     18.443750     292.259336
     18.454806     268.130622
     18.472903     264.774456
     18.481165     258.831884
     18.501608     259.417908
     18.517984     324.428722
     18.531908     283.337327
     18.546748     350.420011
     18.557039     301.837428
     18.570785     319.695763
     18.589149     241.134859
     18.608345     289.410582
     18.620491     274.858873
     18.630964     288.652121
     18.651850     300.895861
     18.668610     352.855303
     18.682204     301.433874
     18.691613     280.391726
     18.712444     330.617502
     18.729739     324.056061
     18.737629     278.988669
     18.756087     287.404274
     18.769982     296.748547
     18.787829     414.755692
     18.796091     360.324429
     18.811133     386.368995
     18.827650     389.734295
     18.848476     482.993819
     18.863053     458.511062
     18.873824     434.311696
     18.887128     502.444010
     18.908881     454.148836
     18.923003     342.294865
     18.939444     362.946673
     18.952122     344.937153
     18.960435     307.258626
     18.979951     272.460874
     18.999025     314.336384
     19.008056     350.870958
     19.022452     356.757345
     19.044295     296.119666
     19.053218     375.624420
     19.070931     320.839260
     19.088518     317.272950
     19.097726     285.596130
     19.112854     339.328549
     19.131963     321.736840
     19.144493     342.407179
     19.162440     376.048029
     19.177807     363.668026
     19.192761     322.712706
     19.207187     364.053166
     19.223240     337.731340
     19.231972     305.859060
     19.245393     328.793714
     19.264625     283.671898
     19.276096     332.012105
     19.299743     343.628391
     19.306356     284.500390
     19.327494     315.303419
     19.344124     294.675102
     19.350410     303.421792
     19.366383     335.707746
     19.387239     288.202021
     19.400248     302.658110
     19.418697     315.247037
     19.430661     387.974465
     19.442213     410.715048
     19.456966     425.890522
     19.478586     359.715236
     19.488566     515.976545
     19.502450     524.388472
     19.517333     447.237611
     19.538959     350.645940
     19.550668     333.107175
     19.563012     290.108258
     19.576574     339.632400
     19.597611     337.310319
     19.608203     313.553502
     19.625625     290.055951
     19.637577     348.367881
     19.650313     330.745154
     19.671597     366.204859
     19.685026     322.727133
     19.704381     334.054320
     19.718381     300.758708
     19.729011     270.987751
     19.748153     303.846197
     19.757825     372.351602
     19.772872     335.505624
     19.792325     293.120271
     19.800870     390.668938
     19.820854     295.196145
     19.836275     329.170326
     19.848470     339.649542
     19.865310     357.226349
     19.882309     270.002925
     19.897583     346.794357
     19.911775     360.305864
     19.927497     341.072104
     19.943350     272.837887
     19.955161     294.819639
     19.965957     302.001569
     19.989563     303.260745
     20.002357     331.979466
     20.010781     392.561129
     20.034007     363.860382
     20.043323     362.524984
     20.059518     421.112639
     20.070196     442.976958
     20.090880     415.916096
     20.102981     410.779946
     20.115944     385.461171
     20.136747     381.045951
     20.152165     320.082163
     20.164250     281.761434
     20.184735     305.662714
     20.190810     296.606196
     20.205980     327.317763
     20.223486     300.310272
     20.236103     272.823850
     20.250481     270.050164
     20.267526     358.032805
     20.280335     309.091293
     20.297885     377.401692
     20.318375     266.442760
     20.331393     377.270420
     20.344268     359.372536
     20.362419     329.941717
     20.372373     394.531874
     20.394422     368.475615
     20.402361     359.039121
     20.419082     376.041274
     20.434717     277.763448
     20.446734     290.413152
     20.467511     302.108383
     20.478966     326.044918
     20.490462     369.439621
     20.514191     344.598172
     20.529498     351.690348
     20.536564     281.946021
     20.550009     273.001477
     20.571935     306.963270
     20.583612     364.678606
     20.601708     325.918562
     20.616824     428.089750
     20.627002     359.119767
     20.648210     414.020709
     20.655730     407.076738
     20.673277     425.335719
     20.686846     355.284128
     20.703792     291.919504
     20.720225     329.346534
     20.731784     300.132275
     20.746547     314.262835
     20.760191     321.317300
     20.778104     339.374639
     20.791755     392.166673
     20.806788     346.152673
     20.828910     341.637129
     20.836402     399.065983
     20.856478     351.367469
     20.871432     328.407661
     20.880866     419.990777
     20.902147     397.146987
     20.919938     487.489312
     20.934005     407.246352
     20.940044     527.084628
     20.961663     407.285190
     20.976111     352.566560
     20.986708     355.828796
     21.006630     299.861977
     21.016680     361.582583
     21.039064     348.288796
     21.052036     319.316384
     21.060732     312.367636
     21.075607     266.252344
     21.093126     271.133191
     21.105085     385.351336
     21.120037     292.887507
     21.142490     315.436412
     21.152436     293.494731
     21.166642     321.210385
     21.180829     340.606412
     21.196914     290.298681
     21.211028     298.160874
     21.230877     306.718880
     21.249251     295.668828
     21.264300     318.127003
     21.279851     295.231732
     21.293254     295.979126
     21.302468     370.239611
     21.317332     299.334102
     21.335113     312.943538
     21.353618     324.493801
     21.360837     330.040707
     21.375193     390.364878
     21.392699     355.324613
     21.409570     368.368285
     21.428689     421.209464
     21.442486     397.460518
     21.456925     384.451398
     21.472590     468.318557
     21.483412     456.234143
     21.500688     394.023135
     21.515157     428.234684
     21.526044     351.581638
     21.549400     403.618424
     21.561747     363.657338
     21.571247     365.801542
     21.589414     355.805178
     21.605609     330.084694
     21.616589     303.327819
     21.637129     259.902983
     21.649922     321.795125
     21.666457     322.582148
     21.677792     329.083723
     21.697174     343.034562
     21.707336     393.423573
     21.728019     329.069587
     21.735096     331.795408
     21.759721     313.597437
     21.768128     364.082217
     21.783440     333.771726
     21.795403     288.520951
     21.811304     295.611300
     21.825959     298.528742
     21.849898     293.827000
     21.856041     331.880819
     21.879151     309.110308
     21.891777     306.562352
     21.901567     325.814660
     21.924823     330.908353
     21.936128     391.414215
     21.948644     332.442021
     21.963136     311.581640
     21.984803     375.240585
     21.998354     384.341973
     22.014208     308.265380
     22.026853     392.265804
     22.037798     368.815213
     22.057495     378.411531
     22.065843     362.244138
     22.086470     374.247045
     22.099139     391.036958
     22.112062     308.626584
     22.129808     355.020673
     22.145038     284.903879
     22.156305     339.445404
     22.176845     396.205733
     22.191217     381.872018
     22.201603     367.700175
     22.221375     405.284090
     22.232452     437.558029
     22.249444     476.399604
     22.264358     420.858490
     22.275799     460.609342
     22.298600     461.013826
     22.308746     389.483550
     22.325537     441.153171
     22.339566     387.369093
     22.356208     366.589564
     22.374414     335.456404
     22.384021     375.630940
     22.397797     290.737793
     22.417567     341.974893
     22.426342     324.057263
     22.442830     295.133046
     22.458285     347.480383
     22.479845     393.734594
     22.487287     312.374672
     22.509787     330.046517
     22.522250     329.372806
     22.530569     367.957475
     22.554785     353.188444
     22.563052     381.319672
     22.580845     350.429101
     22.593629     346.156235
     22.613965     320.566472
     22.626355     337.638188
     22.644197     325.711258
     22.656739     344.786689
     22.665108     297.834027
     22.683276     306.882941
     22.701896     304.311908
     22.718409     344.947359
     22.726503     347.479169
     22.744335     311.195491
     22.764107     353.590834
     22.770332     361.489944
     22.793410     391.552309
     22.806842     372.183029
     22.823015     402.075854
     22.833694     402.368122
     22.849585     363.512246
     22.861124     301.994349
     22.875342     328.307130
     22.898421     300.634088
     22.909172     283.495973
     22.921372     328.294964
     22.941099     300.576995
     22.959821     230.173721
     22.970925     343.177521
     22.980043     279.713607
     22.996130     278.766970
     23.018745     246.101638
     23.029854     303.710101
     23.046349     288.714256
     23.057215     251.791874
     23.070408     294.033202
     23.090673     299.089182
     23.109982     253.264129
     23.122811     333.888161
     23.130092     324.568879
     23.146699     283.477941
     23.167262     253.895103
     23.179117     269.996269
     23.195769     278.836367
     23.212387     322.795371
     23.222982     249.754016
     23.242508     303.861241
     23.257642     361.593512
     23.273788     306.579567
     23.281400     379.019949
     23.302691     336.452510
     23.318792     391.689144
     23.327887     388.446534
     23.349747     389.893250
     23.356912     292.483449
     23.378540     370.615459
     23.387248     284.478602
     23.405506     283.319204
     23.422906     331.095884
     23.433010     324.581386
     23.448785     264.152734
     23.460451     337.725806
     23.480909     372.899008
     23.493768     301.012174
     23.508619     348.900148
     23.522969     389.434393
     23.541417     422.724249
     23.558071     355.569630
     23.569917     327.872613
     23.581184     358.581163
     23.597038     374.017355
     23.610528     381.892142
     23.626666     308.573922
     23.649530     368.350163
     23.658731     342.809410
     23.679395     307.889880
     23.688901     316.985752
     23.700693     272.918393
     23.721401     319.952289
     23.739049     353.284307
     23.752035     296.303538
     23.767326     305.312777
     23.782642     299.072686
     23.797188     301.930415
     23.814459     393.467859
     23.825131     395.161491
     23.844026     302.913971
     23.858004     268.309682
     23.868147     373.280466
     23.880685     280.491959
     23.903510     286.956233
     23.914949     282.949511
     23.934583     318.830857
     23.945111     288.661130
     23.962695     356.754140
     23.975199     256.322847
     23.990100     355.419225
     24.006316     351.410246
     24.022683     266.683633
     24.036895     346.047712
     24.050340     309.155387
     24.065122     358.545316
     24.081255     363.873420
     24.097516     258.661669
     24.107664     280.135064
     24.129895     280.719055
     24.144203     232.639067
     24.157467     310.632544
     24.169641     291.878174
     24.182964     277.436226
     24.195311     309.615719
     24.214760     325.241499
     24.226480     344.126627
     24.245166     265.774964
     24.255002     280.507507
     24.271685     328.223310
     24.291019     325.864550
     24.303971     335.342537
     24.315909     344.136431
     24.334199     294.800301
     24.348211     353.561474
     24.360442     329.637926
     24.382792     217.226901
     24.398558     354.091979
     24.410362     327.350117
     24.424527     329.629763
     24.435018     248.907668
     24.456356     292.820536
     24.474275     330.955540
     24.486999     337.851748
     24.504016     365.666186
     24.516924     335.957572
     24.530925     343.818427
     24.545542     284.748534
     24.564929     347.507304
     24.576889     296.468214
     24.590776     315.874885
     24.606685     275.796553
     24.615201     331.925704
     24.631971     263.722808
     24.654179     304.379414
     24.666762     326.858299
     24.676328     290.458312
     24.692236     264.787930
     24.713765     293.298869
     24.722204     365.960865
     24.736129     316.615962
     24.752971     365.576510
     24.771087     303.604346
     24.786005     293.986096
     24.795550     347.276259
     24.816292     311.216023
     24.827695     309.472304
     24.847033     389.356499
     24.857391     356.813208
     24.870674     339.215677
     24.889310     354.142292
     24.907732     306.933383
     24.920658     358.120559
     24.933333     418.392375
     24.947653     385.104110
     24.966119     382.941836
     24.977024     401.432862
     24.998647     431.442611
     25.006041     426.737261
     25.028787     452.198435
     25.041272     426.546392
     25.050106     372.906018
     25.069685     396.310136
     25.084454     422.594634
     25.101364     376.234844
     25.118766     303.488883
     25.133577     283.594434
     25.140004     317.106091
     25.156144     334.982027
     25.173604     332.922013
     25.187414     289.991070
     25.204999     375.494962
     25.219250     374.197666
     25.233139     366.310981
     25.245155     316.301347
     25.262819     322.123173
     25.283179     380.053292
     25.291415     270.792756
     25.308634     357.664551
     25.323669     281.744599
     25.340791     268.662762
     25.358493     239.962448
     25.366359     285.272008
     25.384533     351.898537
     25.403148     305.285140
     25.414045     303.553644
     25.425435     235.595565
     25.446125     292.643571
     25.461043     270.278299
     25.475713     292.479621
     25.489581     273.156195
     25.506585     313.913352
     25.515053     287.712384
     25.532767     316.749248
     25.546165     292.617865
     25.568322     237.895004
     25.583940     265.889353
     25.592217     260.011632
     25.608345     285.530854
     25.625819     283.697703
     25.639295     344.708298
     25.652212     319.916749
     25.666192     314.543724
     25.686386     339.011257
     25.704502     364.453855
     25.713840     324.424406
     25.728335     356.337489
     25.747550     335.840755
     25.763687     335.195818
     25.776780     319.317464
     25.794264     371.442863
     25.809807     273.187121
     25.819283     336.592752
     25.832477     272.740041
     25.847266     327.493412
     25.867158     260.484182
     25.881843     337.099332
     25.899180     250.439290
     25.906605     271.231120
     25.925069     261.773906
     25.940105     363.326712
     25.953552     255.899962
     25.967887     312.827734
     25.986007     354.062321
     26.001369     314.635604
     26.011691     317.387520
     26.030629     329.786413
     26.044404     298.456231
     26.055857     293.805478
     26.078129     242.462604
     26.092294     314.912846
     26.100817     281.291836
     26.115591     339.476602
     26.135213     329.318226
     26.147357     334.782107
     26.166442     396.976288
     26.184090     327.141308
     26.195628     315.753260
     26.213976     291.307400
     26.224043     292.438891
     26.244954     300.778704
     26.253664     308.318156
     26.274776     291.119546
     26.287016     313.639371
     26.296298     305.359090
     26.317888     274.486093
     26.325235     278.950490
     26.341566     336.455896
     26.358611     276.550538
     26.377170     364.731420
     26.387288     383.221898
     26.400244     357.788664
     26.415757     268.985114
     26.433772     281.312602
     26.449838     285.568440
     26.466759     343.449667
     26.478959     304.303640
     26.492852     348.750147
     26.508702     298.047017
     26.526943     326.660472
     26.544365     297.858679
     26.551186     276.589451
     26.573762     348.039485
     26.589428     368.159466
     26.596823     289.273503
     26.615289     351.905389
     26.630726     307.646095
     26.648672     290.411853
     26.664793     336.433084
     26.676980     282.186559
     26.692103     271.217367
     26.704845     238.315281
     26.723968     282.543938
     26.731047     292.507718
     26.747263     311.463440
     26.762139     277.482119
     26.782452     313.387572
     26.793074     247.964788
     26.812587     265.532074
     26.827817     289.199754
     26.836952     302.964389
     26.851878     318.563984
     26.871537     296.684795
     26.884791     279.986086
     26.900819     302.372534
     26.910782     258.676206
     26.933137     279.447371
     26.943058     368.172721
     26.960976     319.032333
     26.978523     257.030318
     26.990273     341.752640
     27.008523     317.266194
     27.016264     315.664573
     27.038429     359.495697
     27.053823     365.912358
     27.062588     321.988276
     27.076556     375.598379
     27.099847     274.051487
     27.106260     332.689214
     27.120083     301.762737
     27.140625     284.364677
     27.151489     319.114812
     27.170832     302.847387
     27.186100     358.827173
     27.197556     278.005819
     27.214622     269.376234
     27.225834     333.161974
     27.241323     375.863357
     27.258397     279.462778
     27.278733     333.129075
     27.289383     276.100919
     27.307684     348.720652
     27.320863     265.465184
     27.334195     313.345131
     27.352578     260.140071
     27.361706     259.019801
     27.379995     286.078078
     27.399009     325.490791
     27.407232     272.382507
     27.420940     257.791072
     27.444636     266.461745
     27.452596     335.380617
     27.468255     310.235109
     27.488567     350.662717
     27.498340     286.950383
     27.515229     326.654781
     27.526775     279.429677
     27.549107     293.790405
     27.555173     290.331864
     27.570162     332.111374
     27.594027     364.719838
     27.604111     252.701638
     27.622220     297.895442
     27.639275     332.006494
     27.648172     254.640854
     27.665148     329.103722
     27.675316     348.541951
     27.698942     293.242112
     27.705143     379.676713
     27.729278     307.526850
     27.743426     329.448670
     27.755445     311.993825
     27.774688     297.409660
     27.782807     283.606693
     27.799581     305.164866
     27.810239     315.597161
     27.829269     347.472313
     27.842687     332.173221
     27.863316     307.714144
     27.876446     347.368184
     27.892561     332.073926
     27.909460     337.461092
     27.918627     370.151565
     27.938556     346.477350
     27.951663     291.306910
     27.964805     333.971419
     27.979876     372.987969
     27.998608     288.577904
     28.005923     281.969855
     28.024155     322.231635
     28.044822     326.131758
     28.051054     299.490553
     28.071320     270.633869
     28.081898     350.225712
     28.100795     275.218712
     28.117685     324.354781
     28.131597     311.964381
     28.147560     280.277448
     28.156860     306.730010
     28.179668     284.372491
     28.194947     261.182470
     28.204566     320.582690
     28.216428     307.170896
     28.233290     362.639889
     28.245749     308.955597
     28.260293     348.282194
     28.278218     279.906445
     28.296413     249.407926
     28.311252     341.217489
     28.326416     275.499599
     28.342747     323.597582
     28.351413     326.306852
     28.367974     366.752367
     28.388051     321.215742
     28.396640     334.673407
     28.414044     324.376288
     28.430835     351.155951
     28.447005     330.738038
     28.458627     398.141398
     28.479057     358.633063
     28.493281     342.671275
     28.508679     343.182389
     28.521988     397.752876
     28.531920     406.323843
     28.547207     392.573307
     28.567019     344.576158
     28.580474     417.222294
     28.595429     416.295336
     28.608211     345.565200
     28.629525     349.146923
     28.639998     382.470391
     28.650115     381.248372
     28.667789     345.933615
     28.687369     320.677759
     28.704768     374.563988
     28.719098     365.534771
     28.728623     333.857232
     28.744331     303.245733
     28.761501     283.218857
     28.775757     295.004215
     28.790759     296.674838
     28.808619     313.587029
     28.821994     340.621468
     28.834381     295.881352
     28.845098     365.523306
     28.864459     267.305687
     28.877156     276.253226
     28.892210     360.225470
     28.914140     260.565399
     28.926589     358.445159
     28.941048     299.364095
     28.959722     293.298608
     28.971487     385.817282
     28.983849     364.834871
     28.997399     300.768868
     29.017486     326.435478
     29.027882     355.015942
     29.049013     285.509747
     29.055629     303.120852
     29.073607     334.645720
     29.093307     285.356245
     29.101232     283.255132
     29.118367     317.025200
     29.133615     383.735378
     29.153194     296.730982
     29.161010     261.026000
     29.179808     327.384908
     29.195496     331.245658
     29.208145     354.824025
     29.229111     325.958300
     29.239416     357.881290
     29.257514     265.515287
     29.274385     283.149054
     29.285690     258.259975
     29.304932     332.224205
     29.317210     337.406364
     29.334872     338.611949
     29.342016     302.839598
     29.364480     257.318949
     29.379715     232.393635
     29.392537     252.071474
     29.408624     315.665877
     29.419359     336.563977
     29.431599     278.449112
     29.447474     340.766701
     29.462575     326.816065
     29.480043     266.401874
     29.497169     287.140810
     29.513803     318.034656
     29.523906     271.965427
     29.541990     313.130937
     29.553201     290.362752
     29.565117     327.508497
     29.582940     311.394689
     29.597182     314.850339
     29.610887     331.618631
     29.628986     271.768777
     29.642728     316.629045
     29.663945     322.298207
     29.674052     311.614628
     29.693103     315.341077
     29.709560     332.420992
     29.722957     266.747538
     29.732650     289.871122
     29.748068     330.755716
     29.768353     266.898366
     29.777361     283.428074
     29.790766     295.278823
     29.814573     249.622424
     29.821403     272.865862
     29.842762     262.934492
     29.859812     328.096226
     29.873357     247.464152
     29.884158     251.396408
     29.902179     254.165879
     29.918044     291.930119
     29.927974     303.912585
     29.946358     247.924776
     29.958806     287.548796
     29.975975     327.991369
     29.986331     304.243876
     30.009790     346.574920
     30.024379     305.416360
     30.033664     262.667279
     30.051000     251.204608
     30.062628     270.286940
     30.078286     266.624601
     30.090642     281.910252
     30.112338     274.459858
     30.125418     232.690379
     30.136953     301.124688
     30.156960     337.191725
     30.168324     251.608857
     30.185004     274.693681
     30.197279     300.121078
     30.216617     259.963661
     30.229938     250.418746
     30.241508     280.545834
     30.256253     345.487589
     30.278466     294.574154
     30.289169     261.032989
     30.303608     289.978108
     30.319890     243.388117
     30.337881     278.616550
     30.352760     332.795874
     30.360355     349.187451
     30.378793     334.294659
     30.390441     258.314984
     30.405431     280.411496
     30.428449     336.159943
     30.437761     260.284066
     30.459365     254.596115
     30.467635     251.891190
     30.480412     285.159935
     30.495238     340.882900
     30.516939     326.063233
     30.527157     343.095916
     30.541718     284.425610
     30.558764     343.246108
     30.573562     320.831505
     30.589619     289.248139
     30.603798     294.342364
     30.617778     280.209030
     30.630816     303.488940
     30.651402     345.413181
     30.663596     309.576655
     30.676409     294.388719
     30.696032     278.500047
     30.711501     316.333849
     30.720315     305.666079
     30.737340     267.853401
     30.750535     357.988231
     30.771847     304.515420
     30.783281     333.234264
     30.803817     292.578688
     30.812528     289.732096
     30.833581     247.713295
     30.840819     263.525346
     30.864838     309.898680
     30.874581     291.556235
     30.893905     277.720649
     30.904394     296.130666
     30.918935     321.493417
     30.935418     327.420335
     30.954863     314.782639
     30.961431     334.160688
     30.982687     260.993058
     30.990416     309.913725
     31.014576     307.292027
     31.022535     293.438390
     31.040237     285.879241
     31.057341     256.157867
     31.069317     289.717929
     31.085006     300.033654
     31.104217     292.145127
     31.110856     265.167001
     31.131346     310.630421
     31.148656     304.295311
     31.158571     291.883557
     31.178913     267.187473
     31.190979     298.916685
     31.204866     221.754088
     31.216035     318.310693
     31.232580     281.884958
     31.248878     277.107451
     31.267881     264.327392
     31.276177     221.281240
     31.299882     259.110084
     31.314377     323.194726
     31.328151     307.342831
     31.342918     277.897277
     31.352427     300.963302
     31.369739     296.977945
     31.388207     276.505118
     31.399009     255.992463
     31.416988     252.937671
     31.434409     302.031101
     31.448309     292.622611
     31.458199     244.399742
     31.479978     313.112073
     31.494586     311.774209
     31.503225     305.818298
     31.519587     242.980231
     31.533492     278.408049
     31.548039     267.881524
     31.569034     291.926871
     31.576969     281.497945
     31.597414     319.335401
     31.609014     315.762407
     31.627934     265.240714
     31.638988     287.115447
     31.658865     306.635044
     31.674294     262.684324
     31.681773     229.410624
     31.696284     304.063090
     31.712072     280.835879
     31.730149     321.911465
     31.749645     309.204326
     31.758039     224.796532
     31.773657     313.316295
     31.792832     306.472972
     31.804613     310.804973
     31.823513     317.550083
     31.834939     263.021269
     31.854667     287.181614
     31.863128     332.230899
     31.879878     310.742357
     31.898648     325.618772
     31.912057     299.306583
     31.926354     337.679715
     31.944486     291.053196
     31.951450     311.290291
     31.974778     333.752988
     31.985688     307.899219
     31.999424     323.511194
     32.018688     328.221460
     32.034391     277.113681
     32.043542     305.792088
     32.062405     280.750097
     32.077780     342.126646
     32.093671     283.738827
     32.104052     356.163123
     32.117979     272.742646
     32.131278     302.907522
     32.146949     326.610903
     32.162965     259.313712
     32.176452     283.097825
     32.198740     282.772136
     32.209949     358.196551
     32.223925     338.143048
     32.239781     268.738364
     32.256986     289.262441
     32.272758     324.609788
     32.284814     316.541994
     32.303340     326.495114
     32.314876     243.626367
     32.326965     259.410947
     32.347414     303.393774
     32.356905     284.557081
     32.377975     249.888298
     32.392502     240.808796
     32.409999     274.225074
     32.419940     292.024109
     32.437351     314.232942
     32.451055     253.865756
     32.466539     285.031670
     32.483988     302.745458
     32.490191     262.493831
     32.509854     292.799332
     32.529730     330.503894
     32.542294     334.575493
     32.550037     297.571972
     32.573019     275.455770
     32.582350     292.683571
     32.599473     277.269754
     32.614873     268.813763
     32.628655     282.189411
     32.648270     320.645183
     32.658503     260.336458
     32.673224     318.491205
     32.690185     284.456548
     32.707726     333.405767
     32.721498     307.805405
     32.734666     259.981338
     32.750026     279.569582
     32.762978     259.495853
     32.784256     332.018006
     32.796624     267.338534
     32.811294     311.184086
     32.824372     257.667029
     32.843632     273.468063
     32.855733     233.311404
     32.869509     318.717338
     32.889928     231.343149
     32.899232     289.849665
     32.915947     295.018100
     32.933922     287.845199
     32.948603     258.585056
     32.962909     233.230316
     32.975725     271.912655
     32.993690     303.861918
     33.001934     263.610890
     33.018058     296.810022
     33.035123     261.368556
     33.049891     298.214946
     33.066385     331.106090
     33.081130     273.575198
     33.094497     262.487074
     33.109829     321.103036
     33.125589     284.853226
     33.140689     225.894836
     33.150881     260.003092
     33.170807     258.830610
     33.187383     281.512807
     33.203527     277.299885
     33.217682     306.602754
     33.229447     278.395477
     33.245176     307.438007
     33.261300     308.743493
     33.277815     277.034293
     33.291467     244.489042
     33.306681     296.465944
     33.323643     264.486794
     33.331330     249.429068
     33.347408     273.457275
     33.369192     256.600310
     33.376380     247.392411
     33.395690     281.294782
     33.414349     291.317375
     33.428725     271.926781
     33.436894     209.766462
     33.451804     305.381425
     33.466634     282.304788
     33.483081     285.136212
     33.496026     252.291566
     33.513250     318.237830
     33.527279     320.052666
     33.540183     211.843236
     33.562663     291.069075
     33.570159     308.362514
     33.588942     277.439269
     33.605635     239.574429
     33.616502     282.384201
     33.631344     299.776631
     33.645662     267.310151
     33.665027     323.721437
     33.676674     269.789213
     33.698374     304.349266
     33.712485     252.681271
     33.723660     312.480844
     33.738338     327.740841
     33.750334     241.662019
     33.765776     221.786940
     33.787236     293.296050
     33.798297     298.339606
     33.814127     227.157116
     33.830014     316.360432
     33.842361     229.044185
     33.864875     233.821239
     33.878625     310.743272
     33.891502     292.608074
     33.905062     289.336112
     33.919473     238.297976
     33.938275     310.045616
     33.952419     320.332241
     33.961514     255.139905
     33.980942     271.966439
     33.998871     290.492481
     34.006287     313.595749
     34.022661     334.950467
     34.041303     263.893867
     34.053002     263.440786
     34.070966     280.975360
     34.082632     319.602072
     34.098602     239.370484
     34.113035     291.046726
     34.125071     259.475152
     34.149174     308.977752
     34.163205     322.622110
     34.178726     305.486588
     34.190309     288.291777
     34.203874     305.982369
     34.224737     290.232500
     34.237589     267.653572
     34.247628     282.644196
     34.265162     265.593952
     34.284110     246.597846
     34.299504     305.904942
     34.309698     264.060591
     34.322112     309.300232
     34.336460     223.534163
     34.357985     289.247888
     34.369404     274.928313
     34.387224     266.388558
     34.396013     256.031003
     34.419760     259.174432
     34.431882     284.056917
     34.444391     225.057848
     34.457054     283.647236
     34.476249     246.810687
     34.494870     339.855216
     34.508435     289.193549
     34.518039     260.611270
     34.538168     289.388669
     34.550578     255.568698
     34.563510     272.789182
     34.583313     339.651733
     34.594677     285.825935
     34.606528     255.904859
     34.623869     282.410932
     34.644095     274.555070
     34.651766     258.781303
     34.671584     296.295137
     34.686941     284.788984
     34.699138     319.702763
     34.718449     256.275249
     34.727073     337.585282
     34.748208     236.742919
     34.760473     305.092901
     34.773959     288.090514
     34.788657     309.090043
     34.809542     279.616186
     34.822035     243.273470
     34.838664     284.881574
     34.845101     252.292296
     34.861205     314.874928
     34.879380     260.718034
     34.894484     254.784494
     34.907916     239.907980
     34.925692     277.352333
     34.941906     239.402673
     34.951121     252.481345
     34.968514     298.287945
     34.984456     237.981798
     34.997082     220.752462
     35.012168     303.915599
     35.032085     264.756724
     35.040212     323.522448
     35.059541     246.665985
     35.074011     285.621456
     35.088340     293.004014
     35.105042     249.756071
     35.124490     228.598474
     35.130279     204.996596
     35.145994     275.616369
     35.165129     257.803959
     35.183728     205.915436
     35.195044     227.913573
     35.207171     265.149681
     35.223008     252.244927
     35.244544     240.766760
     35.254188     223.843347
     35.267958     213.121543
     35.282931     261.711912
     35.304939     248.790048
     35.318651     183.509434
     35.334206     309.641697
     35.349515     244.687250
     35.356024     297.366374
     35.374072     248.891910
     35.385265     223.151769
     35.403235     283.327790
     35.418687     241.499029
     35.435586     261.619619
     35.451967     276.790718
     35.466121     226.660083
     35.475256     257.261363
     35.495056     240.186441
     35.506241     286.423594
     35.520129     258.789451
     35.543481     246.414195
     35.551736     284.720181
     35.567486     306.598862
     35.582500     259.843580
     35.596871     212.259446
     35.615594     222.999554
     35.634220     205.164447
     35.647474     261.750596
     35.660077     265.258952
     35.671815     226.055799
     35.685667     246.619392
     35.708978     250.298930
     35.719233     298.297324
     35.732756     260.091060
     35.753909     211.031939
     35.763267     277.672345
     35.778492     198.278541
     35.799255     252.101859
     35.805121     277.563420
     35.825071     260.878937
     35.838813     260.807824
     35.850143     207.051704
     35.865582     258.148785
     35.887072     213.334761
     35.897349     243.909656
     35.918220     283.745960
     35.925539     248.534367
     35.941187     295.835329
     35.957085     205.709339
     35.975688     273.100507
     35.992926     311.246522
     36.008920     259.574690
     36.019585     252.905092
     36.034965     268.938264
     36.051485     232.779699
     36.060716     253.585349
     36.076342     269.279842
     36.094625     276.135751
     36.113334     261.124364
     36.127427     240.089322
     36.140190     263.889656
     36.159889     284.407134
     36.165192     225.136783
     36.183565     215.432546
     36.201966     204.942044
     36.217404     223.093664
     36.234173     285.192115
     36.241124     310.185342
     36.258704     225.727930
     36.275494     246.171131
     36.288784     232.413983
     36.309902     241.072522
     36.323203     312.281437
     36.330197     284.278364
     36.349076     296.139478
     36.366657     249.999604
     36.382630     216.175133
     36.399774     255.368215
     36.406890     218.446517
     36.428543     235.582984
     36.436688     288.315919
     36.453118     250.770890
     36.471835     216.011396
     36.485023     300.657428
     36.501009     276.294013
     36.519956     285.104222
     36.528916     199.936634
     36.548111     240.686531
     36.563529     284.574138
     36.579102     199.479441
     36.585308     226.770753
     36.601291     256.227225
     36.620895     222.098351
     36.636249     221.152158
     36.651121     308.376989
     36.665730     228.958117
     36.679745     274.078697
     36.696765     235.932971
     36.710494     217.977588
     36.724326     288.333459
     36.743325     272.775604
     36.755470     248.647201
     36.774265     225.912930
     36.780318     220.407131
     36.802303     263.957532
     36.818662     299.978714
     36.828599     282.276210
     36.843516     231.897554
     36.855934     230.935216
     36.871787     335.172148
     36.890893     243.053624
     36.905412     225.072057
     36.915854     291.198442
     36.932388     255.525574
     36.948327     197.343189
     36.960976     270.579685
     36.975673     220.018180
     36.991819     203.438626
     37.011959     261.520984
     37.022843     295.984407
     37.038086     282.369473
     37.051610     243.142045
     37.071834     272.453627
     37.082977     211.478548
     37.098621     265.150969
     37.114332     235.598873
     37.132007     239.803550
     37.140863     214.774223
     37.160954     271.902221
     37.170610     222.200768
     37.186182     218.230430
     37.204316     243.348662
     37.216905     262.800422
     37.235808     310.549137
     37.249641     299.043662
     37.267094     259.608391
     37.284921     258.700429
     37.294808     312.245082
     37.314265     259.165906
     37.323354     335.075607
     37.340262     242.570557
     37.352377     233.661760
     37.366437     232.970292
     37.386617     255.490151
     37.401770     255.361128
     37.411471     282.697709
     37.430581     255.052855
     37.449485     205.620559
     37.464949     255.117285
     37.473316     269.359062
     37.487976     251.179514
     37.509731     185.322432
     37.520686     193.784462
     37.536395     226.457252
     37.552646     257.371681
     37.567247     204.870161
     37.577436     228.062920
     37.591517     220.575783
     37.609029     311.318108
     37.629608     310.913640
     37.643947     227.124314
     37.650772     263.376445
     37.672901     254.025163
     37.683454     227.120739
     37.696658     271.183023
     37.718316     203.880284
     37.727317     264.067286
     37.744435     275.866608
     37.758184     230.305249
     37.773561     212.941990
     37.785086     209.644064
     37.808961     286.234598
     37.822790     228.956844
     37.833712     262.846292
     37.849280     221.244477
     37.866603     265.461374
     37.878277     287.052539
     37.896393     294.078935
     37.908736     229.210020
     37.925392     201.035620
     37.942224     298.335553
     37.955667     205.308454
     37.969891     191.460227
     37.987569     255.513243
     37.995295     251.869137
     38.019094     248.842684
     38.030222     231.232417
     38.045405     220.857433
     38.060027     255.343999
     38.075292     252.458412
     38.090699     252.156720
     38.106521     291.196106
     38.121537     221.807011
     38.137312     193.464412
     38.145499     276.536462
     38.162958     196.421536
     38.181817     220.842217
     38.199334     243.861500
     38.213866     225.514171
     38.228750     279.223097
     38.237602     206.729465
     38.252277     280.274717
     38.274356     194.323581
     38.286652     230.687621
     38.297403     278.986137
     38.317840     246.289767
     38.333780     282.910463
     38.348541     195.377249
     38.355662     216.895333
     38.375061     293.500720
     38.392705     269.194130
     38.402600     276.231436
     38.418265     192.873260
     38.437539     266.338360
     38.453569     292.767065
     38.469145     252.904543
     38.483620     272.586679
     38.497393     219.673590
     38.507959     219.099651
     38.520593     256.691978
     38.542945     203.593156
     38.551198     223.958430
     38.574032     218.105120
     38.582883     232.447914
     38.595578     227.815217
     38.614783     265.582934
     38.632175     258.923934
     38.649447     193.331962
     38.657849     261.366042
     38.672904     269.891736
     38.694718     234.334872
     38.700266     194.816157
     38.723218     159.303874
     38.731141     163.606279
     38.745158     267.751798
     38.767636     233.992778
     38.778465     201.016861
     38.796299     201.620683
     38.814866     258.762529
     38.820272     267.769147
     38.842430     221.021148
     38.858401     243.457632
     38.870327     225.995431
     38.889077     230.095533
     38.896813     211.802326
     38.910031     223.956299
     38.928657     251.354465
     38.948997     285.167182
     38.955148     224.150500
     38.972190     246.381732
     38.986598     280.659995
     39.003037     178.410626
     39.015433     196.777349
     39.036618     284.991392
     39.054022     228.446445
     39.067699     218.527949
     39.080361     277.778944
     39.091688     264.850177
     39.106112     199.062155
     39.120775     194.238112
     39.144476     214.132594
     39.153650     262.720700
     39.173966     265.092110
     39.183994     242.144598
     39.195041     241.421394
     39.217836     205.675126
     39.225102     203.472975
     39.247398     299.397804
     39.255906     253.957964
     39.273347     179.022447
     39.289058     295.961930
     39.302050     226.837390
     39.316143     266.984619
     39.336194     185.856208
     39.345923     211.008765
     39.367504     269.313079
     39.381928     256.745508
     39.393027     230.346908
     39.413884     186.527666
     39.427588     316.469436
     39.440123     267.705728
     39.453475     252.287382
     39.470540     230.655191
     39.483063     218.341986
     39.500750     207.273391
     39.515540     303.983751
     39.533317     244.633305
     39.544577     266.213003
     39.560702     250.335635
     39.577192     273.195065
     39.593170     225.356085
     39.604825     212.436619
     39.616071     260.894201
     39.637415     187.287466
     39.647896     174.822021
     39.666453     212.554909
     39.677253     270.922363
     39.693067     187.786008
     39.713683     247.700198
     39.723438     244.098010
     39.741439     216.329186
     39.757242     261.455500
     39.765927     221.846971
     39.784712     314.563923
     39.798434     230.336445
     39.812275     252.998619
     39.834840     221.829004
     39.843126     215.419126
     39.855215     243.929411
     39.876696     286.963150
     39.889509     289.730042
     39.905040     207.930409
     39.919814     270.409214
     39.937938     286.664058
     39.948136     287.612566
     39.964482     204.778649
     39.976709     248.828014
     39.992895     269.742639
     40.013730     312.264630
     40.028899     243.960478
     40.042089     281.676781
     40.053416     228.053886
     40.069444     271.553654
     40.084293     239.724338
     40.097448     291.211375
     40.119588     220.754773
     40.134508     214.003027
     40.148041     260.752722
     40.158929     282.466108
     40.175104     211.377872
     40.187661     327.057353
     40.203926     283.374011
     40.224574     255.621604
     40.232147     263.890912
     40.254821     294.049977
     40.269703     274.861233
     40.278560     297.990818
     40.297411     281.607819
     40.314927     265.069672
     40.329400     312.471646
     40.340708     312.105336
     40.355021     273.963868
     40.368121     206.010109
     40.382258     182.357123
     40.398664     199.133110
     40.413819     199.967061
     40.434494     273.720764
     40.446083     210.092620
     40.459563     269.085770
     40.474368     256.703329
     40.494651     255.248921
     40.509616     210.474141
     40.515476     281.482735
     40.532137     257.755252
     40.552887     226.411000
     40.567244     221.302942
     40.578970     298.905337
     40.590778     289.231590
     40.607958     232.716276
     40.627392     240.222069
     40.641921     228.103023
     40.655051     218.812226
     40.673256     214.527226
     40.688042     236.213613
     40.699472     255.302426
     40.718370     274.298197
     40.727269     277.987654
     40.742735     260.191565
     40.760143     278.640669
     40.779299     293.799184
     40.786557     190.637215
     40.808635     197.737760
     40.822273     197.157548
     40.838699     278.057139
     40.853430     223.435477
     40.860458     238.774406
     40.876663     233.102809
     40.890870     188.056281
     40.906083     195.907244
     40.925024     263.871969
     40.943270     266.877816
     40.952369     227.897587
     40.971534     241.453023
     40.989385     254.019398
     41.000845     314.213812
     41.019697     246.279765
     41.028488     288.042247
     41.049143     265.394885
     41.056659     271.617445
     41.077946     248.711401
     41.094172     285.915862
     41.109857     227.401883
     41.122537     228.803757
     41.134614     258.043249
     41.148915     269.306719
     41.164638     232.695258
     41.181615     203.454922
     41.191522     200.696544
     41.209005     235.604113
     41.228058     240.195850
     41.236047     234.410754
     41.257441     283.063215
     41.270608     212.218256
     41.285210     231.272835
     41.299404     223.732074
     41.317147     282.508771
     41.334892     252.508764
     41.346559     209.399000
     41.362051     222.225056
     41.375860     194.024407
     41.386942     241.252796
     41.404239     265.808576
     41.416818     203.246751
     41.435278     289.641904
     41.449595     243.396511
     41.460959     254.315057
     41.482397     224.268043
     41.496251     224.257488
     41.512355     220.883340
     41.529490     245.198778
     41.535286     200.695853
     41.555318     246.504937
     41.567565     245.660056
     41.586717     196.550973
     41.596624     181.742344
     41.617829     258.292920
     41.631933     281.254299
     41.641191     265.617943
     41.663089     286.305689
     41.673265     273.787255
     41.693747     192.677736
     41.705575     253.842764
     41.718477     235.002058
     41.733246     256.687352
     41.748397     294.707828
     41.762286     196.611249
     41.778656     240.573791
     41.793416     245.543394
     41.811135     234.582735
     41.826502     195.798038
     41.843283     210.109527
     41.857162     291.268225
     41.867706     286.235343
     41.883580     186.059698
