      2.003582     -36.112542
      2.017294     -39.298836
      2.031298      17.068220
      2.041441      35.194422
      2.059868      53.091154
      2.078756      56.231476
      2.088711     -15.872543
      2.100804      64.027706
      2.119398      -9.171448
      2.132210      42.869100
      2.153297      24.471616
      2.168786      82.941941
      2.183953      90.656746
      2.198579      89.164717
      2.209357     108.861344
      2.229265      80.875475
      2.237645     156.656870
      2.255022     131.618540
      2.267398     229.296128
      2.289542     183.162149
      2.304101     257.681052
      2.313322     250.676511
      2.326460     320.591593
      2.348309     332.145477
      2.357030     293.689080
      2.374515     428.985655
      2.388605     371.599179
      2.403216     398.483095
      2.415565     464.024430
      2.431933     404.383968
      2.451790     472.883550
      2.463430     515.661477
      2.476216     477.734868
      2.494085     517.632838
      2.513047     581.203818
      2.520072     507.077230
      2.543915     546.114489
      2.550375     525.292991
      2.574985     587.345472
      2.584381     574.886302
      2.596777     607.194473
      2.619853     571.712749
      2.632393     541.335426
      2.645904     609.694439
      2.664535     612.963263
      2.679977     619.851438
      2.685881     670.844811
      2.705623     657.731039
      2.719368     685.180092
      2.738402     628.989483
      2.752370     665.168564
      2.760382     715.565292
      2.783985     688.685759
      2.797022     742.816971
      2.813266     755.518662
      2.827472     779.708839
      2.842963     806.734787
      2.854193     759.505547
      2.873849     803.961232
      2.880317     866.322443
      2.903185     834.109290
      2.919824     886.375851
      2.932531     878.237605
      2.941899     937.577831
      2.957614     945.547310
      2.976275     916.912908
      2.987709     955.531079
      3.006747    1003.655667
      3.020893     989.976951
      3.039073    1025.650436
      3.050129    1111.451109
      3.061756    1059.250629
      3.078453    1201.578050
      3.099597    1237.402678
      3.110071    1262.609164
      3.127858    1274.417687
      3.144119    1435.251268
      3.159281    1474.395836
      3.171151    1533.392186
      3.188422    1556.585479
      3.199384    1714.489535
      3.218462    1838.224826
      3.231936    1903.853382
      3.249603    2065.383897
      3.260961    2136.683219
      3.277280    2359.121681
      3.293055    2561.418169
      3.305969    2864.533317
      3.324573    3295.276709
      3.339710    3997.674196
      3.349297    4645.132737
      3.366519    4951.052300
      3.378819    4081.453128
      3.392188    2146.004077
      3.412366    1015.220296
      3.421035     675.108309
      3.442701     581.433094
      3.453419     496.095431
      3.471363     411.918477
      3.487553     435.325486
      3.501191     424.698308
      3.512421     361.458373
      3.525048     318.261656
      3.549728     313.531066
      3.563314     380.318414
      3.572587     326.145118
      3.592732     370.908798
      3.606853     366.922952
      3.621121     387.542787
      3.634781     328.733004
      3.645259     280.328387
      3.669506     323.408063
      3.678757     266.986558
      3.690048     354.772246
      3.708433     383.954780
      3.729150     369.573939
      3.744397     341.095141
      3.759128     335.488148
      3.770970     290.649067
      3.781246     297.074367
      3.804786     284.446961
      3.815362     357.186342
      3.827498     359.628886
      3.840454     294.140411
      3.858688     299.990264
      3.875680     357.197218
      3.891222     269.424242
      3.909828     381.045310
      3.922052     386.494554
      3.932573     334.180586
      3.951733     318.752665
      3.967368     304.800318
      3.978185     337.729692
      3.999080     337.469373
      4.013533     376.483637
      4.024112     352.181184
      4.042233     338.717609
      4.056297     390.539374
      4.074101     369.048359
      4.080659     325.148400
      4.100339     352.372838
      4.114136     314.816329
      4.125636     368.497364
      4.140005     366.828384
      4.159055     402.671031
      4.172194     363.275582
      4.188470     370.972822
      4.207078     299.128369
      4.216009     309.434816
      4.230144     354.379062
      4.251147     446.408253
      4.268936     345.346277
      4.284655     344.054715
      4.292284     435.043187
      4.307956     391.006141
      4.327678     379.813524
      4.342330     358.898400
      4.355433     388.311398
      4.372696     379.359273
      4.386469     413.786285
      4.397589     417.418865
      4.416999     410.875457
      4.426987     429.936336
      4.443337     467.076826
      4.459667     468.106848
      4.471495     538.233825
      4.488907     454.546583
      4.508998     465.570344
      4.518048     519.020592
      4.533863     493.402703
      4.554587     589.556229
      4.560721     620.556884
      4.581292     643.256776
      4.594086     660.846717
      4.609746     622.324212
      4.629953     738.253745
      4.639432     743.566738
      4.650182     796.152413
      4.671627     824.983867
      4.683773     841.817949
      4.701286     974.241832
      4.719641    1072.611718
      4.733427    1227.113493
      4.745184    1390.468297
      4.756754    1628.971563
      4.777193    1534.572570
      4.788460    1043.960695
      4.804674     681.706447
      4.819790     414.997336
      4.833529     397.227896
      4.851693     359.976877
      4.862908     324.827479
      4.876160     370.312059
      4.897654     439.237340
      4.905290     418.746329
      4.922305     372.559949
      4.935688     371.751191
      4.954119     396.165373
      4.974909     440.937949
      4.981372     410.853703
      5.001280     421.797145
      5.014764     458.727106
      5.026717     479.643917
      5.042078     413.535369
      5.055365     403.002464
      5.073888     371.524909
      5.086201     487.877710
      5.103554     391.683002
      5.115443     398.738209
      5.138434     359.065848
      5.150939     390.531079
      5.168542     416.915473
      5.180781     384.431788
      5.192356     438.720076
      5.210491     458.568573
      5.229423     424.628093
      5.244340     378.023212
      5.259477     379.837495
      5.270081     396.444911
      5.282873     544.888144
      5.296496     468.095024
      5.319143     458.377182
      5.331765     434.634948
      5.348116     542.613692
      5.361428     495.819374
      5.378844     546.280165
      5.388487     468.452224
      5.408033     542.921452
      5.420279     487.088116
      5.431855     536.893427
      5.448756     561.682178
      5.460610     569.863747
      5.477628     552.792096
      5.491853     613.623864
      5.510637     532.552914
      5.524884     631.776508
      5.543416     609.238931
      5.558040     717.756919
      5.565793     698.616790
      5.586845     733.082287
      5.596276     792.063714
      5.617142     789.600974
      5.634073     862.138174
      5.647416     897.683657
      5.657199     937.616008
      5.671005    1007.879623
      5.694857    1078.494079
      5.702440    1027.279971
      5.722026    1178.635879
      5.734613    1275.674379
      5.750946    1367.495500
      5.769025    1555.228667
      5.778198    1681.919896
      5.791707    1911.924400
      5.808849    2301.907694
      5.820826    2815.917145
      5.843107    2987.498483
      5.858993    2522.079239
      5.872378    1657.825903
      5.883314     875.413064
      5.902333     612.787033
      5.912170     508.740898
      5.931158     483.898416
      5.945775     389.242285
      5.961071     440.801936
      5.971728     416.661945
      5.994598     417.586106
      6.003254     365.435775
      6.022955     424.772056
      6.035128     407.142921
      6.050159     323.345652
      6.063113     408.805523
      6.084454     423.391701
      6.095754     319.825685
      6.105813     335.683596
      6.127836     369.417773
      6.144914     422.319187
      6.152337     453.739903
      6.173732     396.116442
      6.180325     363.581739
      6.199744     408.759608
      6.218935     432.563904
      6.233714     438.195286
      6.247819     327.080482
      6.259879     464.592214
      6.271683     449.981544
      6.286486     406.170465
      6.301797     415.498377
      6.316202     399.420937
      6.330081     447.489314
      6.348011     442.774774
      6.366827     375.688907
      6.377676     421.008809
      6.398104     421.963824
      6.409116     360.598396
      6.420856     408.399576
      6.441343     444.604830
      6.450215     464.036859
      6.467940     427.061239
      6.485684     474.470930
      6.499315     395.281964
      6.519028     493.141835
      6.527862     417.302673
      6.544931     537.832806
      6.559377     531.432679
      6.574478     450.790310
      6.592887     455.678287
      6.603554     547.962403
      6.618496     543.462215
      6.639849     544.969413
      6.653166     588.172737
      6.669250     637.235518
      6.683241     660.794665
      6.697091     824.536334
      6.714443     827.787915
      6.728198     958.388567
      6.736163    1070.974290
      6.750339    1062.399603
      6.768182     905.843175
      6.787398     553.937916
      6.803893     503.445753
      6.819679     385.586141
      6.834455     437.032089
      6.843952     437.080150
      6.858373     433.201324
      6.870550     426.109414
      6.890449     365.485788
      6.906562     400.552562
      6.921907     364.806832
      6.932568     419.269804
      6.945543     426.275265
      6.966993     439.974046
      6.983838     351.735602
      6.994426     348.662261
      7.010310     376.144507
      7.020846     409.450440
      7.040367     391.786678
      7.059474     438.326410
      7.065012     409.686790
      7.087877     425.974451
      7.099176     431.019859
      7.118846     434.275123
      7.126898     443.866888
      7.143195     466.522798
      7.161082     432.701259
      7.176375     412.039314
      7.187562     408.601458
      7.202156     473.302568
      7.221820     469.933632
      7.233873     470.623818
      7.251910     503.251311
      7.262723     460.913194
      7.277259     517.905544
      7.297510     453.356915
      7.309483     451.722781
      7.320872     471.693329
      7.336611     528.160077
      7.359767     616.267900
      7.367220     615.639337
      7.388830     571.653205
      7.398171     611.238980
      7.416828     687.576805
      7.432523     726.571714
      7.447505     757.163782
      7.463312     854.116909
      7.479068     857.264534
      7.486468     948.431510
      7.504422    1081.455740
      7.519976    1253.032559
      7.530427    1407.029845
      7.550496    1482.640716
      7.561693    1253.493138
      7.583875     992.356009
      7.599302     644.291844
      7.605151     477.874334
      7.620228     448.911718
      7.644961     408.306181
      7.658029     414.899767
      7.673254     483.991409
      7.685132     490.471425
      7.700976     451.334189
      7.710011     392.389562
      7.734063     432.645899
      7.745481     521.000089
      7.761927     491.393155
      7.778551     478.384142
      7.789186     490.961132
      7.805776     517.927418
      7.818455     519.588520
      7.839747     546.610286
      7.851283     460.787633
      7.862575     448.617621
      7.879812     476.466705
      7.890950     515.115818
      7.913177     489.415222
      7.929920     542.584944
      7.943304     581.869499
      7.956062     506.182625
      7.967424     536.076286
      7.982726     589.197632
      8.004677     532.656963
      8.014123     591.770670
      8.033629     618.340336
      8.041267     673.112694
      8.064075     663.189605
      8.077109     666.532400
      8.090955     680.469594
      8.102851     720.350188
      8.115111     824.654476
      8.130897     835.055610
      8.152489     892.599780
      8.169505    1013.114760
      8.181446    1117.389835
      8.195645    1168.599743
      8.205178    1342.874167
      8.221151    1577.063712
      8.241867    1730.232086
      8.253457    2061.619673
      8.268872    2197.130776
      8.280175    1957.752108
      8.301447    1307.643412
      8.318223     816.911467
      8.333381     561.944507
      8.345830     516.105442
      8.362682     392.893019
      8.373606     377.064745
      8.390971     355.851822
      8.408861     346.060126
      8.416068     408.078359
      8.430517     406.543862
      8.446385     434.734177
      8.467682     394.955233
      8.477981     327.325040
      8.496635     340.895866
      8.514166     366.196666
      8.526061     414.789267
      8.539945     376.092685
      8.559801     334.283485
      8.565683     315.076587
      8.583157     393.288561
      8.603339     340.730574
      8.612287     299.513850
      8.628621     338.813367
      8.647108     330.581193
      8.664444     392.325909
      8.677290     370.864833
      8.688725     341.466745
      8.709805     355.769995
      8.722672     340.806625
      8.730438     435.235120
      8.745136     426.319981
      8.766735     409.871201
      8.775013     342.938117
      8.790301     367.945040
      8.813779     367.478343
      8.827946     385.358552
      8.841960     382.841323
      8.857842     419.544408
      8.869501     453.780603
      8.886754     349.426562
      8.900452     488.002103
      8.919098     511.552478
      8.933161     471.423428
      8.943331     432.192349
      8.962432     425.227690
      8.976645     390.690853
      8.991756     360.584467
      9.000608     350.428697
      9.021896     376.785703
      9.035955     344.248347
      9.051442     401.895739
      9.061648     354.444438
      9.079456     358.044022
      9.095222     352.849423
      9.109268     364.801188
      9.122280     336.747984
      9.142231     378.622359
      9.151455     388.140871
      9.172412     400.040239
      9.182709     398.663596
      9.199913     382.038452
      9.218797     403.288845
      9.233653     321.338636
      9.246761     415.025047
      9.257143     348.606025
      9.279296     320.799507
      9.287751     321.773825
      9.301666     361.884373
      9.317768     372.715553
      9.337050     334.869067
      9.354486     317.400851
      9.367276     365.227584
      9.379110     307.459183
      9.394872     352.718221
      9.411367     353.122849
      9.423673     331.836172
      9.438414     314.255426
      9.456122     322.026690
      9.474947     289.206599
      9.488911     419.563424
      9.502880     396.299904
      9.518182     354.494353
      9.525277     392.854833
      9.548909     327.021667
      9.558971     348.170215
      9.574473     418.897139
      9.593973     399.782579
      9.604595     333.561182
      9.624064     369.343071
      9.637281     375.418838
      9.646239     313.384403
      9.666825     453.038446
      9.681195     361.093493
      9.694875     410.419187
      9.709102     367.516351
      9.725681     369.573897
      9.743780     395.028884
      9.751357     384.452229
      9.770213     441.188128
      9.789425     371.846106
      9.803177     418.905970
      9.817451     355.696011
      9.830282     366.615921
      9.840994     380.882376
      9.862794     364.404773
      9.871307     404.340122
      9.885260     349.763577
      9.900679     385.806714
      9.923073     398.361026
      9.937612     401.489476
      9.946145     413.568301
      9.961016     459.131816
      9.982784     400.728252
      9.998437     426.340010
     10.010392     444.948426
     10.029406     467.718900
     10.041411     446.674670
     10.057330     513.040976
     10.070288     502.666180
     10.089486     547.208790
     10.102744     540.456417
     10.118331     613.593873
     10.130585     716.776179
     10.145707     666.545780
     10.160908     548.651568
     10.173146     472.383651
     10.186072     487.579754
     10.204412     447.990686
     10.217402     377.656139
     10.231834     379.378108
     10.245972     401.454504
     10.262958     378.301983
     10.276548     392.730463
     10.296047     366.089814
     10.311351     406.271801
     10.329179     352.956378
     10.336039     336.047493
     10.353031     316.927806
     10.374058     368.474000
     10.382896     366.261956
     10.401736     379.917848
     10.415153     393.177987
     10.429301     392.415104
     10.449550     370.228276
     10.455178     358.278317
     10.476265     394.189064
     10.490620     354.229376
     10.500164     333.273842
     10.517524     402.614375
     10.536461     364.322268
     10.547403     358.844124
     10.565032     441.965221
     10.584893     443.929292
     10.591319     418.270036
     10.612037     374.082688
     10.623415     442.002967
     10.642862     438.296184
     10.650848     455.682084
     10.665065     414.950627
     10.689541     486.864969
     10.696053     503.574059
     10.713916     427.920974
     10.732744     398.132280
     10.741421     391.316723
     10.762301     407.691082
     10.779536     398.422790
     10.788392     351.812590
     10.804255     381.088559
     10.817048     377.260758
     10.831714     411.797075
     10.854298     447.360814
     10.861749     399.937465
     10.878906     341.363386
     10.898553     435.395624
     10.905236     393.200364
     10.926416     409.501051
     10.935400     464.554010
     10.952752     459.617536
     10.973971     468.605024
     10.980127     494.014580
     11.002373     522.543360
     11.019512     485.691717
     11.034944     481.076446
     11.046097     472.824346
     11.064960     532.003293
     11.079410     602.417074
     11.093258     584.562279
     11.104693     561.096494
     11.118083     665.586643
     11.131757     604.987408
     11.150632     748.029246
     11.160641     817.628587
     11.180084     917.675499
     11.197375     931.503520
     11.205688     935.953850
     11.221747     945.397511
     11.236137     798.394862
     11.255512     584.086195
     11.270442     481.182616
     11.285205     443.579456
     11.301921     432.279372
     11.311675     381.076581
     11.327735     422.021035
     11.347914     391.911675
     11.358617     426.263675
     11.378316     387.592173
     11.387020     368.431820
     11.402058     428.104141
     11.422777     385.602096
     11.438526     374.687367
     11.453837     400.577034
     11.463879     423.386995
     11.476177     425.808257
     11.490305     429.393339
     11.513466     439.245335
     11.528602     444.822232
     11.543758     513.396631
     11.554625     462.488346
     11.566846     426.771012
     11.584757     445.923130
     11.600613     464.797042
     11.611531     526.616393
     11.632441     514.709008
     11.648294     457.454645
     11.661583     588.942641
     11.675994     528.614846
     11.686104     674.639810
     11.705955     654.157007
     11.722434     616.223856
     11.731888     528.856786
     11.753334     548.864382
     11.764470     416.557562
     11.779619     423.417239
     11.798710     463.752645
     11.809180     395.701018
     11.823922     436.995071
     11.841619     484.846476
     11.855285     446.696368
     11.869733     463.518721
     11.888358     474.005795
     11.896807     479.391066
     11.917913     412.962145
     11.934886     477.431158
     11.945850     490.170909
     11.960290     431.081432
     11.971765     484.291914
     11.985558     504.151411
     12.007840     466.478413
     12.024687     481.705825
     12.031860     479.676163
     12.054208     606.268058
     12.062905     611.795881
     12.076770     562.004848
     12.091760     635.707434
     12.108282     728.816047
     12.123619     768.882259
     12.137269     845.316431
     12.151133     919.311422
     12.169532    1041.158720
     12.181340    1161.647401
     12.198889    1070.585792
     12.212302     969.127600
     12.233816     742.967152
     12.243585     603.864153
     12.260109     479.620572
     12.277788     404.317355
     12.292191     406.391230
     12.308336     395.577008
     12.321449     455.944589
     12.334023     356.021530
     12.348464     459.767897
     12.363305     368.035235
     12.378259     397.880968
     12.394019     432.890306
     12.405809     393.652793
     12.426797     444.666275
     12.439380     357.211416
     12.453330     348.700931
     12.472818     378.590909
     12.483469     378.708435
     12.498946     349.281096
     12.512229     398.927119
     12.530707     428.636716
     12.544572     381.476430
     12.562576     382.060907
     12.572963     430.303059
     12.588844     348.338212
     12.609488     370.599858
     12.619879     360.971548
     12.630949     350.431361
     12.653601     363.612316
     12.660880     441.335582
     12.681464     348.334209
     12.696637     360.088465
     12.713712     353.750631
     12.722892     366.848531
     12.742378     392.510646
     12.755405     338.034733
     12.765188     327.231693
     12.782251     413.207023
     12.795637     322.456093
     12.815396     395.815873
     12.826618     371.410027
     12.849357     370.104152
     12.861394     386.318782
     12.877125     363.504848
     12.886000     297.747222
     12.907592     303.495834
     12.921979     354.391524
     12.937904     433.001440
     12.947994     403.375875
     12.967662     352.306280
     12.983497     412.794371
     12.994087     404.330204
     13.007883     422.154523
     13.027225     437.437036
     13.037882     449.069448
     13.050040     427.668162
     13.067226     414.282121
     13.086673     482.440330
     13.095641     527.979237
     13.118930     540.860106
     13.125650     515.583424
     13.140247     435.332025
     13.161651     456.302948
     13.179898     450.020409
     13.190362     388.342087
     13.203137     460.882564
     13.215019     463.782001
     13.232469     495.029829
     13.245320     465.864977
     13.266425     425.632940
     13.275328     400.944399
     13.293492     442.990027
     13.313521     430.916547
     13.322970     490.980928
     13.338754     437.831402
     13.350889     512.424892
     13.374368     471.220689
     13.383005     568.541741
     13.397499     547.150789
     13.415904     483.876163
     13.428843     559.460305
     13.441855     654.136450
     13.458408     641.899780
     13.479843     793.719404
     13.487880     823.545310
     13.502596     888.563413
     13.524446     914.153885
     13.537620    1023.612271
     13.549302     956.407944
     13.566301     836.536365
     13.579543     658.943800
     13.598510     470.526420
     13.606912     418.009798
     13.625728     465.417687
     13.644807     424.737278
     13.658116     482.300738
     13.665805     371.339437
     13.685253     371.996699
     13.699441     423.398184
     13.714196     432.182496
     13.733476     453.978909
     13.748460     429.278340
     13.759850     439.812096
     13.771001     438.527283
     13.790709     472.217909
     13.800779     420.931381
     13.816024     424.730890
     13.833367     477.329759
     13.852321     507.434478
     13.869580     552.274211
     13.875917     544.839873
     13.890729     594.158859
     13.911809     676.906735
     13.929254     655.386230
     13.939835     738.250014
     13.953510     774.543354
     13.967103     708.229855
     13.989222     638.361149
     14.002916     546.949694
     14.013388     493.053320
     14.028478     450.353414
     14.043565     480.261991
     14.061728     392.904817
     14.072642     380.770844
     14.087593     425.250733
     14.106084     399.064707
     14.115556     443.655459
     14.130432     389.207362
     14.151344     435.540301
     14.165483     341.391312
     14.175819     452.856947
     14.193564     415.393289
     14.211257     411.000850
     14.227571     476.879750
     14.237895     439.990218
     14.252305     420.453552
     14.269163     452.467963
     14.286826     443.208482
     14.300411     487.744760
     14.314512     605.770567
     14.325743     619.166737
     14.341222     617.652109
     14.358268     621.358985
     14.373630     637.664834
     14.394477     567.462405
     14.403934     449.756917
     14.423949     401.542015
     14.430865     398.006871
     14.450854     397.071369
     14.461813     388.119257
     14.475919     355.663776
     14.496694     456.352177
     14.509333     405.070073
     14.521263     436.122001
     14.536226     384.152474
     14.552084     358.250916
     14.565792     451.470835
     14.589692     427.959169
     14.598900     432.566287
     14.613907     430.579675
     14.631085     421.479038
     14.645720     396.335358
     14.655239     500.796874
     14.672483     432.504933
     14.694576     479.980235
     14.703900     503.292708
     14.721204     617.624894
     14.736340     706.231906
     14.752074     762.326978
     14.762786     711.386636
     14.781987     652.715481
     14.790646     494.990670
     14.807172     481.095783
     14.825804     488.392569
     14.835714     423.897625
     14.851309     409.550535
     14.871388     329.728776
     14.881300     407.796137
     14.898288     329.185363
     14.919776     346.768926
     14.934768     362.711832
     14.945292     361.308229
     14.957819     329.260679
     14.977904     351.995741
     14.988720     363.793329
     15.002190     323.380552
     15.018520     381.260336
     15.038484     407.326348
     15.046128     373.703042
     15.068114     347.829331
     15.083449     407.053744
     15.094844     388.182255
     15.108344     357.092715
     15.128437     400.071938
     15.142763     383.390328
     15.154615     430.390513
     15.172426     334.594097
     15.184787     370.548439
     15.195653     430.956358
     15.211114     380.304954
     15.231532     367.020229
     15.249497     365.958576
     15.256412     405.285704
     15.275055     437.104064
     15.286627     318.557924
     15.307587     376.385432
     15.321336     331.801917
     15.330995     299.917704
     15.353722     308.160509
     15.367503     315.457549
     15.376683     396.177198
     15.398313     407.321188
     15.414655     429.220772
     15.420062     394.338689
     15.438885     426.016819
     15.456395     405.008442
     15.466897     465.629926
     15.485207     395.944289
     15.498561     407.676905
     15.519350     490.396678
     15.527561     520.407447
     15.541160     441.699697
     15.556670     477.565907
     15.574145     418.862372
     15.586046     375.104504
     15.604643     353.721350
     15.622217     373.511992
     15.635250     343.556901
     15.652540     372.416440
     15.662562     388.795691
     15.676709     355.866297
     15.698264     451.224636
     15.712661     368.415418
     15.720100     428.945694
     15.738869     454.994450
     15.755056     381.417434
     15.765166     481.118815
     15.787309     462.551226
     15.804699     486.919001
     15.814719     574.566318
     15.827770     606.427937
     15.844550     674.565155
     15.862257     749.558253
     15.874680     722.436237
     15.888052     800.123080
     15.909873     728.965271
     15.922101     678.143209
     15.937205     506.900773
     15.948226     461.768410
     15.962070     381.645775
     15.977820     355.218015
     15.998583     358.632608
     16.010485     314.424108
     16.028103     401.554703
     16.043998     368.616944
     16.056184     333.518225
     16.074213     302.454842
     16.089525     341.485568
     16.101791     278.899305
     16.118918     342.207008
     16.128303     331.446665
     16.148801     265.089380
     16.155448     331.409705
     16.170122     360.850565
     16.192249     385.734049
     16.205117     294.996385
     16.220410     325.441092
     16.231459     411.957304
     16.246779     317.828816
     16.266917     392.589457
     16.278844     332.304086
     16.297698     351.747202
     16.309352     385.932040
     16.324760     407.670654
     16.340871     340.276537
     16.356772     280.070483
     16.369140     309.195678
     16.386577     335.305751
     16.401961     310.555508
     16.414990     351.273241
     16.427956     356.723596
     16.447573     383.463230
     16.462336     367.757210
     16.476287     426.502383
     16.488309     416.761819
     16.505787     423.807452
     16.524716     378.435105
     16.536841     512.000049
     16.546224     486.904563
     16.565791     479.696101
     16.577092     573.481908
     16.595668     614.031823
     16.606574     617.852817
     16.621247     571.316372
     16.642279     452.684064
     16.659125     472.153372
     16.673433     441.541597
     16.689304     352.408448
     16.697938     309.754934
     16.715854     310.357644
     16.730749     323.352813
     16.746675     323.709176
     16.763969     378.700155
     16.776993     309.019892
     16.785516     394.320004
     16.806395     315.971973
     16.815632     310.741347
     16.838789     396.555158
     16.853003     414.752479
     16.869702     383.228612
     16.881595     384.988904
     16.897043     491.681166
     16.906065     514.740702
     16.928469     480.534108
     16.938615     491.969150
     16.954154     547.672080
     16.974867     527.391055
     16.987545     409.071324
     16.998815     408.733638
     17.019009     268.739766
     17.030834     286.471029
     17.047394     282.476477
     17.059406     347.862666
     17.079325     327.084327
     17.090191     348.693261
     17.100555     291.149911
     17.118807     252.979647
     17.132428     264.029433
     17.150706     310.798271
     17.167485     356.822507
     17.183889     348.717172
     17.193108     305.359873
     17.211569     280.606081
     17.226057     331.281352
     17.242501     286.539260
     17.251184     277.371584
     17.273743     346.283260
     17.282262     334.434643
     17.298030     269.544310
     17.314966     303.223260
     17.334033     320.500706
     17.348615     289.653959
     17.364615     374.649669
     17.377611     351.756887
     17.394574     333.794052
     17.408331     350.115276
     17.416265     338.368586
     17.431695     284.521894
     17.452661     320.966122
     17.469298     280.000542
     17.476011     380.748507
     17.496371     365.970454
     17.511298     378.566297
     17.528096     323.583397
     17.540405     360.087471
     17.556234     382.268726
     17.565808     353.727373
     17.587359     422.914099
     17.601965     467.059344
     17.619097     389.387408
     17.630559     431.842110
     17.649794     349.087790
     17.664164     366.632416
     17.672053     331.105031
     17.688316     300.517391
     17.709301     334.819809
     17.717272     269.550519
     17.731492     258.750751
     17.745494     301.260274
     17.763890     331.523675
     17.780607     284.267301
     17.794639     295.113237
     17.809396     308.556532
     17.825719     258.826168
     17.835791     306.209054
     17.856430     356.856464
     17.874396     364.335407
     17.885216     358.020808
     17.904352     414.157858
     17.917268     318.010612
     17.932434     388.741607
     17.940020     380.983504
     17.963578     265.876433
     17.975294     356.612354
     17.988740     301.767475
     18.000863     264.991008
     18.024569     358.263961
     18.034372     249.593708
     18.045378     349.943222
     18.061774     246.932119
     18.084238     283.212322
     18.090139     321.218521
     18.108663     261.858006
     18.127863     331.949899
     18.137036     262.263454
     18.153320     258.795197
     18.170050     344.456694
     18.187974     261.291633
     18.196579     265.022860
     18.212219     282.724936
     18.234856     341.377794
     18.245655     245.832945
     18.260468     362.353660
     18.272370     341.454596
     18.292923     260.745751
     18.307728     263.723041
     18.324448     315.224686
     18.332176     335.710882
     18.346359     320.012830
     18.365549     305.871318
     18.383601     250.278117
     18.394569     264.459724
     18.411005     369.492652
     18.426908     289.385594
     18.438674     237.608819
     18.451308     254.755970
     18.465899     223.160872
     18.480425     215.049833
     18.500435     263.189787
     18.511617     308.435974
     18.531355     276.073548
     18.545420     303.709234
     18.557622     286.466956
     18.579968     315.049982
     18.594416     245.815320
     18.608003     231.588829
     18.618883     327.492246
     18.639908     270.960396
     18.652303     281.450697
     18.660013     347.070767
     18.675835     262.269672
     18.694641     298.145915
     18.706364     262.936361
     18.722884     321.523706
     18.737208     284.344873
     18.756344     335.835315
     18.769884     369.821407
     18.781427     357.303287
     18.800684     420.653972
     18.817716     412.473537
     18.828352     398.614011
     18.841710     478.998830
     18.864831     461.887697
     18.873577     444.006182
     18.892318     517.112080
     18.900570     408.318610
     18.915369     396.136580
     18.937717     420.557873
     18.945140     298.008666
     18.963110     310.235644
     18.978283     271.428748
     18.997430     302.627992
     19.012167     294.854013
     19.024746     310.029560
     19.037002     304.556114
     19.056896     353.371059
     19.072969     315.464260
     19.088784     284.889710
     19.097781     306.272213
     19.115853     275.508390
     19.130138     362.156731
     19.147711     304.669717
     19.157703     339.562356
     19.176304     394.951495
     19.187507     390.911386
     19.203373     320.090707
     19.222668     309.145563
     19.239497     327.132774
     19.245435     294.489576
     19.260787     293.359862
     19.275286     378.679781
     19.291160     322.007158
     19.310271     305.651629
     19.329282     325.801475
     19.336108     325.833656
     19.357926     331.233677
     19.373694     281.006351
     19.385409     308.977717
     19.399787     370.866886
     19.415419     361.405479
     19.429216     401.019266
     19.447781     383.240535
     19.458849     388.793089
     19.476360     363.011609
     19.488918     438.696225
     19.502345     499.522458
     19.524629     403.049211
     19.532144     338.258656
     19.548606     301.346954
     19.561583     345.073290
     19.578347     386.424736
     19.596955     295.814053
     19.612636     358.281423
     19.626889     302.650240
     19.644466     344.249472
     19.655652     335.991084
     19.673454     313.852682
     19.683705     272.355975
     19.700102     303.958943
     19.715942     292.532008
     19.734423     279.206957
     19.747814     266.151630
     19.758720     374.583495
     19.771022     284.546491
     19.789052     293.580897
     19.801396     352.499836
     19.818535     280.083309
     19.839063     305.585374
     19.851247     367.444684
     19.861690     315.258317
     19.883018     280.600206
     19.891030     313.249333
     19.914817     297.926739
     19.922345     352.957747
     19.942404     347.186534
     19.953831     323.542935
     19.970269     343.365463
     19.987956     312.333973
     20.000574     335.251670
     20.018481     340.130706
     20.034175     374.968948
     20.045593     331.431754
     20.056995     425.420250
     20.077404     373.213217
     20.088861     395.932720
     20.102179     441.089987
     20.123671     373.959499
     20.138815     308.379208
     20.153252     389.193768
     20.166613     348.117248
     20.176619     339.966099
     20.196924     316.222024
     20.207928     293.245923
     20.227386     326.749452
     20.239953     278.047001
     20.252998     342.635491
     20.273869     395.090179
     20.282571     311.178417
     20.304537     321.944548
     20.312501     319.559195
     20.331037     359.449788
     20.343103     345.480451
     20.362270     326.458488
     20.376985     372.121333
     20.389515     327.366986
     20.406719     288.368605
     20.424445     292.647831
     20.437713     312.002827
     20.452409     298.868402
     20.468753     322.181290
     20.475228     295.017751
     20.496266     375.856513
     20.510776     339.566114
     20.526497     395.534874
     20.543686     339.358293
     20.556045     277.290545
     20.566750     341.489104
     20.584557     424.924563
     20.597023     349.599881
     20.614778     352.920247
     20.626291     412.130541
     20.643384     375.942247
     20.656949     460.922542
     20.673619     427.743104
     20.685865     343.619521
     20.703502     366.107592
     20.722698     357.549558
     20.735603     369.298644
     20.750133     342.734782
     20.767382     378.693966
     20.776349     364.495721
     20.798264     368.908087
     20.812347     327.765581
     20.824124     384.541886
     20.839384     416.248836
     20.855742     413.038939
     20.868277     414.406741
     20.882412     396.719010
     20.902029     445.070040
     20.916431     449.753046
     20.932333     490.189787
     20.949372     492.300222
     20.957577     376.116901
     20.976863     433.717755
     20.987226     362.434988
     21.009559     376.999462
     21.017901     376.911834
     21.031002     362.642557
     21.046509     308.399442
     21.061838     300.778397
     21.084927     351.688887
     21.096243     306.066360
     21.106863     364.881601
     21.124444     296.022301
     21.139358     311.731260
     21.151193     310.758982
     21.174553     280.767315
     21.183902     344.275207
     21.203274     299.037236
     21.213188     377.757242
     21.229713     301.088749
     21.242062     314.342828
     21.261108     276.832989
     21.277431     374.466349
     21.285822     265.708617
     21.300040     296.437415
     21.315422     269.934716
     21.330074     367.952507
     21.350715     381.356585
     21.363912     398.242156
     21.383420     392.824268
     21.398340     329.025472
     21.414947     332.644218
     21.427436     429.915596
     21.437414     363.935037
     21.453570     385.122918
     21.465521     446.701163
     21.482731     441.307364
     21.502256     443.520783
     21.512327     389.256332
     21.525938     425.920233
     21.540853     351.210065
     21.555402     319.774316
     21.570217     302.587565
     21.586861     366.822084
     21.602430     355.636783
     21.616983     305.402812
     21.631310     253.104296
     21.648353     288.626782
     21.660313     365.144511
     21.680534     307.489142
     21.697970     368.634822
     21.705954     370.838363
     21.722669     387.516087
     21.735336     315.050967
     21.755881     328.464451
     21.770981     340.554763
     21.784223     382.241638
     21.802274     361.530211
     21.818174     368.813817
     21.826211     318.487619
     21.847766     318.134066
     21.863378     331.813190
     21.874885     315.287365
     21.886796     359.509917
     21.906778     313.069851
     21.923919     354.853359
     21.937054     368.791509
     21.950136     341.526456
     21.965544     340.024886
     21.979410     394.223849
     21.995485     370.791394
     22.014594     345.125451
     22.027023     399.320538
     22.035764     385.864186
     22.054412     320.093439
     22.073425     328.236183
     22.083098     373.814381
     22.102663     387.866142
     22.114745     332.829078
     22.125599     337.745339
     22.145055     277.693207
     22.162074     364.767783
     22.179470     384.052856
     22.185530     374.165349
     22.200924     367.294261
     22.224225     448.673167
     22.238703     392.292675
     22.246553     455.502704
     22.265870     469.367494
     22.281757     422.132566
     22.290586     413.418516
     22.308551     368.701296
     22.329709     379.876717
     22.343741     378.602479
     22.354614     362.904582
     22.374783     293.591927
     22.380184     309.033844
     22.397133     381.791696
     22.412490     373.694123
     22.431892     349.911482
     22.442220     329.679850
     22.455114     291.316761
     22.473051     320.539470
     22.488885     343.952401
     22.500532     325.979702
     22.516813     289.139559
     22.538194     323.956954
     22.553828     300.298996
     22.569910     358.495400
     22.576462     289.208372
     22.590412     314.371445
     22.614506     385.317694
     22.627925     423.917076
     22.642622     335.266817
     22.656171     334.570097
     22.671830     253.754896
     22.680259     324.356895
     22.703560     310.836502
     22.710554     312.971639
     22.728683     367.511713
     22.746666     323.458622
     22.759237     400.723588
     22.772596     397.730105
     22.791311     424.685656
     22.806694     403.397405
     22.815454     409.342008
     22.830961     414.621295
     22.850142     333.833623
     22.861930     290.119357
     22.883947     323.793857
     22.892480     290.510792
     22.908513     323.105271
     22.929165     309.892636
     22.937531     281.382656
     22.956835     328.582373
     22.971806     280.019394
     22.980057     284.477908
     23.000982     224.634852
     23.016989     244.933615
     23.033246     265.828316
     23.041541     245.520003
     23.055358     338.393674
     23.077502     318.274133
     23.086773     261.203341
     23.107303     296.522853
     23.119720     290.912854
     23.139518     241.966932
     23.146434     316.239736
     23.164603     263.186701
     23.175843     258.769889
     23.199268     340.660708
     23.208366     299.334740
     23.220163     329.659249
     23.240938     287.054828
     23.256743     314.444452
     23.274303     295.737279
     23.285455     380.045755
     23.297050     371.021328
     23.316480     314.540280
     23.326524     293.394666
     23.347883     391.041027
     23.361248     277.049623
     23.375849     281.763850
     23.394682     348.627487
     23.405801     330.852149
     23.421990     338.353956
     23.431849     330.736723
     23.453323     298.862404
     23.466549     369.861985
     23.484584     369.818205
     23.492100     342.806955
     23.508071     334.482185
     23.522986     330.979066
     23.535455     431.591381
     23.555906     396.996900
     23.568103     371.913331
     23.585240     377.899861
     23.597362     367.319759
     23.614589     331.060611
     23.628109     306.238456
     23.641907     372.227452
     23.662309     300.770166
     23.678401     282.706677
     23.694667     283.524391
     23.701220     253.391301
     23.715678     326.138872
     23.737267     299.426843
     23.745812     308.194338
     23.767472     314.234718
     23.782522     320.100439
     23.796956     283.295036
     23.813296     377.499552
     23.826194     385.985366
     23.835659     302.407460
     23.852499     274.324796
     23.868169     311.174286
     23.883526     361.283395
     23.895623     330.266593
     23.915408     284.252197
     23.933790     361.489249
     23.944320     297.965408
     23.958906     267.132461
     23.974020     325.905804
     23.987301     289.390325
     24.008858     354.637005
     24.021392     322.816061
     24.035875     289.323096
     24.052427     361.540243
     24.063003     335.796921
     24.084457     270.754395
     24.096292     308.274217
     24.108048     271.597795
     24.120720     267.026100
     24.136284     313.644525
     24.153221     325.214508
     24.174238     280.724906
     24.188963     317.240758
     24.199751     240.279218
     24.211640     278.842875
     24.232464     303.941425
     24.244156     328.741423
     24.255571     250.561431
     24.273785     320.537156
     24.290289     276.897198
     24.302040     303.239195
     24.315817     279.499472
     24.334297     279.577990
     24.350523     308.326227
     24.360701     319.763546
     24.375908     301.552472
     24.399693     298.320590
     24.410661     302.102398
     24.421615     326.841575
     24.437958     240.863662
     24.455515     321.307035
     24.474345     299.461342
     24.483893     360.686852
     24.496145     374.487007
     24.517202     286.113127
     24.525007     343.625520
     24.541512     293.303893
     24.564870     322.812748
     24.570920     285.036369
     24.591803     247.113571
     24.605931     313.839784
     24.619843     302.964066
     24.630542     260.525027
     24.648441     301.829930
     24.666362     311.818678
     24.679949     260.295839
     24.691914     325.098660
     24.714824     323.584852
     24.726448     370.062226
     24.740432     338.214478
     24.753822     338.797559
     24.773824     321.789250
     24.788110     339.600201
     24.802614     293.864303
     24.810936     334.832983
     24.830883     270.933900
     24.849431     385.109754
     24.857529     334.110667
     24.877785     366.215483
     24.886100     288.624675
     24.901140     322.783015
     24.921250     380.591346
     24.931925     417.166422
     24.950298     372.922798
     24.961545     404.665818
     24.981311     371.086417
     24.995066     416.531377
     25.014956     444.987543
     25.023030     372.439928
     25.041615     405.391681
     25.054258     422.142725
     25.069670     435.815683
     25.083338     420.801129
     25.102533     378.670780
     25.118526     316.937344
     25.126917     350.839402
     25.147137     341.728887
     25.163077     315.302438
     25.178660     272.958148
     25.194475     322.742904
     25.207539     350.400652
     25.220536     356.190388
     25.239390     363.922703
     25.251495     379.617860
     25.267094     343.757216
     25.283297     333.456771
     25.299247     294.023567
     25.306245     334.368961
     25.324335     284.848009
     25.342501     324.088951
     25.352808     266.064998
     25.370003     323.408906
     25.388264     351.162416
     25.396140     323.651626
     25.416438     260.733634
     25.425315     243.980013
     25.440095     316.729306
     25.457195     342.998045
     25.478380     318.982134
     25.493911     336.247515
     25.508859     230.215542
     25.523319     305.395882
     25.534371     249.701082
     25.553911     280.086275
     25.561249     324.492440
     25.581088     292.951869
     25.590875     286.867400
     25.614704     280.420375
     25.627489     288.403066
     25.635606     329.241156
     25.654681     295.162492
     25.665072     326.552935
     25.681926     270.138421
     25.703779     316.262352
     25.716570     364.886118
     25.728691     326.924969
     25.745164     369.700195
     25.755440     319.295668
     25.776394     330.997268
     25.786933     327.654146
     25.805154     330.560133
     25.819244     304.731868
     25.835985     307.055119
     25.851950     288.925334
     25.868281     314.790553
     25.878769     312.037749
     25.893607     236.605844
     25.909940     326.142426
     25.925409     278.739405
     25.943593     280.146639
     25.953220     325.385931
     25.967184     294.939592
     25.981459     331.437223
     25.996265     265.153249
     26.011461     255.218562
     26.027462     250.672311
     26.048870     296.658348
     26.061867     326.880045
     26.076435     275.967401
     26.094371     355.504563
     26.105479     311.710067
     26.115733     317.256809
     26.139169     341.208730
     26.151954     358.346722
     26.161000     334.742149
     26.183494     310.789105
     26.196928     364.344135
     26.205024     371.351708
     26.222473     340.159591
     26.243125     302.548475
     26.251620     376.948400
     26.270488     307.907296
     26.287254     281.348656
     26.298502     345.683501
     26.311559     336.862886
     26.330833     257.294520
     26.341344     315.014856
     26.363240     305.622943
     26.376824     304.089415
     26.391349     341.202091
     26.406826     315.694462
     26.418296     308.445043
     26.435448     316.187734
     26.449164     289.412719
     26.467101     281.084919
     26.478662     291.730588
     26.494660     387.947866
     26.511751     263.522302
     26.527919     364.764625
     26.543728     326.502924
     26.557516     342.640768
     26.573961     319.691777
     26.585240     371.425410
     26.603019     301.302412
     26.613901     378.574140
     26.630569     314.113037
     26.647646     329.648309
     26.655505     308.903774
     26.674050     278.415040
     26.685332     287.420635
     26.705392     251.110384
     26.723265     324.730534
     26.735642     324.073689
     26.753381     304.312386
     26.769230     236.023822
     26.782027     269.721030
     26.791861     266.212959
     26.812719     280.100318
     26.827504     269.970960
     26.840260     247.062932
     26.852849     353.487097
     26.867083     340.031283
     26.881786     320.694713
     26.898127     326.840359
     26.915137     273.047393
     26.933814     295.839250
     26.942040     372.885212
     26.957454     308.852140
     26.974569     281.690270
     26.992214     310.632217
     27.002972     341.079815
     27.021090     312.023894
     27.037028     372.210599
     27.051951     297.143626
     27.064955     281.658098
     27.077317     290.773079
     27.090848     337.526756
     27.114812     304.629717
     27.127455     321.330271
     27.144079     315.932906
     27.153781     324.050229
     27.172165     301.088556
     27.186794     348.518814
     27.204785     306.623786
     27.218102     362.332568
     27.226361     323.604007
     27.243700     291.741015
     27.255536     297.536958
     27.276918     318.344069
     27.294962     307.322556
     27.307199     339.647341
     27.324282     348.811830
     27.330307     282.841210
     27.347713     324.827421
     27.366019     287.874076
     27.383131     339.340510
     27.399724     274.365328
     27.406532     264.758279
     27.424368     319.865864
     27.443243     326.714938
     27.458887     380.031028
     27.472322     262.489309
     27.483143     270.579981
     27.495721     306.393741
     27.519167     341.923114
     27.534713     328.298735
     27.548316     294.854991
     27.562714     314.777118
     27.574911     300.413993
     27.592907     328.178876
     27.603509     250.788659
     27.619345     290.212393
     27.632747     307.549365
     27.654047     284.513914
     27.668369     374.545427
     27.679870     321.734172
     27.695456     328.086514
     27.708795     362.583219
     27.726978     355.650372
     27.739646     284.243366
     27.757053     310.559358
     27.766376     325.934240
     27.781857     344.017309
     27.802833     330.257006
     27.818068     339.363356
     27.832650     254.489963
     27.846961     281.195754
     27.856270     366.673308
     27.873538     340.162733
     27.894542     295.838800
     27.907906     342.217698
     27.919098     388.087633
     27.932777     397.692515
     27.948602     321.049042
     27.969710     294.817691
     27.980416     351.890527
     27.995846     310.505766
     28.012500     346.088636
     28.023691     308.962016
     28.038109     302.063667
     28.059355     331.406961
     28.073250     269.761224
     28.082878     290.968356
     28.101412     275.765939
     28.115547     317.317203
     28.128465     268.289129
     28.142716     308.925201
     28.161868     325.391608
     28.179054     300.660333
     28.187020     315.014038
     28.205625     326.665913
     28.223626     300.708286
     28.238652     282.657054
     28.245657     289.936784
     28.265384     326.437324
     28.275693     239.543892
     28.299583     250.110133
     28.313587     342.364465
     28.328142     345.554280
     28.339155     366.630055
     28.353168     355.315681
     28.368633     289.909511
     28.380869     339.426900
     28.401507     289.366590
     28.418641     347.022962
     28.434271     303.497921
     28.449528     323.418191
     28.460173     347.766945
     28.476217     400.481082
     28.486598     332.869758
     28.509807     374.054350
     28.518841     389.178689
     28.531639     433.265000
     28.545055     401.033349
     28.562820     365.224471
     28.583829     419.437939
     28.595107     427.246422
     28.606599     339.166669
     28.623888     361.282040
     28.640603     400.197202
     28.650344     360.521636
     28.671740     351.783369
     28.681202     365.708097
     28.695842     365.190018
     28.716192     340.022930
     28.733116     301.030963
     28.742168     323.535986
     28.761752     341.137375
     28.773397     274.366810
     28.792663     355.127294
     28.802361     295.376226
     28.823578     376.432067
     28.835576     316.934173
     28.849356     342.057806
     28.862508     278.355245
     28.879968     338.400134
     28.895175     325.482933
     28.911232     350.290603
     28.927031     366.571080
     28.943171     299.927643
     28.958451     374.239165
     28.973430     418.514805
     28.987598     351.566719
     28.999884     355.270263
     29.016233     324.776205
     29.029659     319.176493
     29.046413     317.939897
     29.062984     333.064747
     29.077467     371.643382
     29.091698     305.396993
     29.105147     375.867876
     29.122311     355.608093
     29.135710     374.177478
     29.150178     361.841559
     29.163015     333.307545
     29.175530     308.321590
     29.199275     300.327427
     29.209650     370.501622
     29.226720     314.505872
     29.238631     315.174807
     29.257980     353.872993
     29.269797     274.691819
     29.285973     275.663991
     29.302457     313.091325
     29.318407     332.962299
     29.329902     251.213215
     29.340107     271.411900
     29.361309     275.880192
     29.379593     239.875657
     29.386130     249.456619
     29.407354     288.989040
     29.419882     293.272218
     29.430298     297.036906
     29.446856     280.296205
     29.467243     330.387840
     29.476930     293.372767
     29.498441     269.773666
     29.509913     274.141910
     29.520140     277.126775
     29.542962     327.067799
     29.551514     294.468259
     29.568663     319.137952
     29.587910     345.638469
     29.599313     314.193152
     29.611896     358.417860
     29.632124     291.570313
     29.646546     332.000979
     29.660965     312.221308
     29.675412     297.044279
     29.691987     293.345411
     29.702098     273.982851
     29.717359     282.533108
     29.731329     317.638633
     29.752406     336.206704
     29.763565     278.574616
     29.776544     258.439145
     29.793446     322.617297
     29.807474     317.757645
     29.829316     320.254375
     29.837529     258.015939
     29.855194     301.966901
     29.872969     244.825669
     29.885687     320.403822
     29.901390     303.071798
     29.918785     331.257970
     29.934326     293.123112
     29.944975     314.982691
     29.957178     324.079612
     29.978076     273.691435
     29.994428     249.876101
     30.005282     340.799230
     30.019323     293.413052
     30.036445     313.194144
     30.053877     298.076652
     30.063858     295.292126
     30.081309     265.466908
     30.095888     281.450586
     30.112071     330.105763
     30.121157     286.195164
     30.142380     294.572922
     30.150538     292.341408
     30.171153     290.038508
     30.184663     321.458377
     30.196562     214.240761
     30.211511     244.623274
     30.234909     239.013269
     30.247822     283.353628
     30.258750     272.540402
     30.277398     261.847433
     30.288884     297.458815
     30.304409     226.823723
     30.318139     225.075539
     30.335951     243.802709
     30.349742     295.515798
     30.369893     271.324110
     30.376287     295.467382
     30.392683     241.275121
     30.405699     287.957065
     30.427635     273.833054
     30.444818     268.964939
     30.459883     347.662411
     30.472334     281.234141
     30.483780     292.534050
     30.500436     264.921845
     30.510387     342.378521
     30.530766     352.229996
     30.545970     345.956723
     30.564707     378.405326
     30.570630     367.771343
     30.589794     326.978872
     30.601333     303.844071
     30.618485     315.019556
     30.639553     306.563326
     30.653293     323.509499
     30.662323     278.992333
     30.676051     334.182831
     30.695901     295.551527
     30.714063     282.974775
     30.721069     313.509126
     30.744098     304.763920
     30.754966     349.780294
     30.766030     290.064463
     30.787105     354.243066
     30.799124     276.571460
     30.817032     337.783713
     30.826413     323.447304
     30.847264     263.724222
     30.860170     250.200307
     30.872165     311.744804
     30.892626     280.567151
     30.904388     245.374994
     30.920043     278.311933
     30.934457     302.692587
     30.946788     261.231556
     30.964292     316.623026
     30.975152     296.022661
     30.994412     274.854988
     31.011561     317.408860
     31.026565     339.931052
     31.040626     263.631223
     31.055644     315.208930
     31.072629     248.989055
     31.086030     322.192877
     31.096337     304.412888
     31.110947     302.433350
     31.125288     290.315496
     31.147679     321.742925
     31.164276     286.816762
     31.171812     260.657034
     31.193665     255.816566
     31.203847     289.130223
     31.220195     307.315629
     31.230563     293.773011
     31.245825     289.924798
     31.260185     315.123730
     31.278981     299.142972
     31.296434     253.819969
     31.305609     325.889963
     31.324254     281.900421
     31.340560     229.845656
     31.357158     288.963334
     31.365603     243.341918
     31.387164     263.970427
     31.403791     297.281766
     31.416197     299.859338
     31.427019     340.270885
     31.449337     332.659093
     31.458505     282.552805
     31.478482     283.116522
     31.490970     315.905195
     31.502940     360.198792
     31.518473     333.384540
     31.538873     286.245624
     31.546048     362.228045
     31.562079     302.824988
     31.579877     257.776703
     31.592107     269.286676
     31.606473     293.430964
     31.621829     299.298723
     31.637827     288.752043
     31.658118     253.065780
     31.672018     247.082119
     31.684838     260.264731
     31.704493     279.687930
     31.710899     283.937821
     31.733019     250.482840
     31.743956     344.468480
     31.762597     267.486643
     31.770978     324.527258
     31.789678     343.017363
     31.809363     310.289245
     31.822859     303.714644
     31.839372     242.606420
     31.846349     330.734801
     31.860791     295.498012
     31.881049     310.267398
     31.894649     308.297513
     31.911728     233.829219
     31.927367     335.603165
     31.936106     307.303931
     31.957345     303.625283
     31.968087     311.655167
     31.988808     242.306007
     31.995556     268.535186
     32.018357     271.810767
     32.031888     251.171470
     32.045820     280.170319
     32.061077     271.067351
     32.072845     326.502239
     32.090094     254.006403
     32.105252     274.289258
     32.117289     336.330323
     32.138551     278.335145
     32.152674     314.374081
     32.165812     314.488145
     32.183896     297.984873
     32.190523     259.988351
     32.212954     263.806193
     32.224582     266.476141
     32.242302     328.184966
     32.251809     284.800626
     32.274019     332.114092
     32.288438     317.682625
     32.297915     323.870907
     32.316366     267.165752
     32.328465     222.873170
     32.341856     279.917543
     32.360748     270.345294
     32.373190     289.809080
     32.389082     267.588826
     32.402855     276.826680
     32.420117     266.778840
     32.435320     296.798372
     32.446616     288.104334
     32.462406     246.370649
     32.479035     245.845997
     32.494575     257.670484
     32.506688     253.334735
     32.521172     358.379235
     32.542079     253.833760
     32.550180     235.856324
     32.568495     281.682793
     32.589213     287.433786
     32.603525     322.936198
     32.615490     278.720879
     32.634327     332.322084
     32.646101     344.744005
     32.662333     258.270975
     32.672534     245.801030
     32.689235     278.548962
     32.702992     301.788078
     32.718451     305.771922
     32.733904     315.621729
     32.752127     278.339154
     32.763130     297.709714
     32.777262     248.112646
     32.799246     303.225074
     32.810654     271.982920
     32.826485     259.939774
     32.842310     293.673235
     32.850193     323.407568
     32.867626     254.098177
     32.885422     284.151101
     32.903780     261.028528
     32.919630     343.170298
     32.932521     263.324829
     32.945903     274.216443
     32.963637     269.392246
     32.974500     287.275173
     32.991704     244.549511
     33.006958     279.943940
     33.017094     335.213981
     33.034685     273.354489
     33.046240     223.202172
     33.063901     249.863955
     33.082514     334.448630
     33.093442     269.001845
     33.109659     245.072275
     33.126219     346.992784
     33.135545     258.253656
     33.153035     248.291378
     33.165492     311.233617
     33.185202     297.707329
     33.202499     290.565308
     33.212485     276.839658
     33.229154     273.102553
     33.244180     282.234651
     33.259345     252.568592
     33.271969     306.477413
     33.286338     245.231048
     33.303867     278.463624
     33.324039     270.153892
     33.336709     307.658219
     33.354838     252.082431
     33.360878     269.452818
     33.384682     289.462599
     33.396141     268.745005
     33.409607     265.880552
     33.423838     244.467461
     33.436608     255.578796
     33.457893     304.049166
     33.468396     300.488415
     33.483912     271.171522
     33.504505     270.584415
     33.513814     245.184100
     33.526068     245.996704
     33.543391     266.392738
     33.560523     241.939831
     33.577448     313.494469
     33.588638     304.155081
     33.601187     272.811663
     33.623672     266.822636
     33.636167     252.772234
     33.645801     244.272433
     33.661581     259.719547
     33.680156     320.192416
     33.699049     231.839327
     33.710154     288.761559
     33.723139     302.852423
     33.738461     290.105304
     33.751674     321.145118
     33.770987     217.279617
     33.782694     301.607200
     33.802338     259.429998
     33.814484     220.579560
     33.832565     322.928559
     33.842580     245.442187
     33.857959     254.704235
     33.871532     297.483529
     33.894258     272.179559
     33.902143     304.633174
     33.922585     242.783695
     33.938220     299.175652
     33.952046     311.163607
     33.964267     339.531962
     33.983750     235.963988
     33.995652     312.964666
     34.007169     284.104645
     34.027723     284.211133
     34.037540     291.910215
     34.050726     290.855041
     34.068750     296.818317
     34.086911     236.818807
     34.103217     259.343532
     34.113751     313.358851
     34.131379     271.225101
     34.145821     304.405543
     34.160241     252.233810
     34.178209     245.390918
     34.189853     239.334032
     34.201784     231.094116
     34.224148     293.153127
     34.235060     296.795734
     34.245607     280.770191
     34.265853     294.905377
     34.279038     261.273685
     34.298526     293.728125
     34.313949     220.303868
     34.325046     263.529953
     34.344393     278.313567
     34.350940     220.997955
     34.371474     235.821387
     34.388544     308.923757
     34.399647     316.732677
     34.410724     246.522989
     34.434449     292.535629
     34.444852     311.864319
     34.455176     310.163622
     34.472155     246.086973
     34.491647     315.426020
     34.509905     293.219840
     34.522995     299.310077
     34.531364     277.275283
     34.553057     272.330014
     34.569743     269.167390
     34.581499     271.451963
     34.591158     282.403245
     34.613912     341.184598
     34.623470     300.043585
     34.641613     240.609594
     34.653022     343.759655
     34.669436     279.546602
     34.685280     294.808392
     34.696480     319.046549
     34.713700     323.743414
     34.727868     306.753063
     34.748481     273.989751
     34.760251     236.796730
     34.774363     318.340638
     34.787917     324.260222
     34.805421     238.386457
     34.817726     248.316770
     34.834476     274.182611
     34.854367     259.685966
     34.869824     333.423912
     34.882242     254.114217
     34.895197     268.233660
     34.913806     275.318838
     34.926754     271.169966
     34.942200     256.895828
     34.959751     269.399399
     34.967365     258.414664
     34.989921     235.247795
     35.004725     297.278932
     35.013537     274.312866
     35.034769     257.478966
     35.048392     308.959846
     35.061872     254.427452
     35.073650     271.375506
     35.093264     283.481691
     35.103734     254.245931
     35.120947     244.410133
     35.133612     251.403906
     35.147243     199.032968
     35.165441     225.919485
     35.181095     235.673763
     35.190097     212.882638
     35.206256     314.256174
     35.224518     236.264962
     35.241822     278.812607
     35.253324     199.244869
     35.269903     277.194001
     35.287755     204.574349
     35.298005     220.059776
     35.311839     226.256608
     35.326973     251.227787
     35.343782     212.694223
     35.360028     243.972876
     35.371056     285.393609
     35.392587     255.816977
     35.407064     199.636553
     35.420922     267.984006
     35.433956     280.218758
     35.450600     247.855721
     35.465356     270.268732
     35.480786     264.075474
     35.497897     250.666785
     35.509929     281.553211
     35.526938     307.686398
     35.544855     207.370222
     35.553386     224.513918
     35.570187     239.404562
     35.584056     263.667940
     35.603279     202.694956
     35.616336     228.812481
     35.627407     214.581847
     35.640266     291.268114
     35.658242     258.755665
     35.676961     290.076021
     35.685295     222.257765
     35.705267     284.627927
     35.717972     239.055584
     35.736938     305.699179
     35.746414     286.369720
     35.766679     237.007896
     35.775475     256.631719
     35.795927     210.651044
     35.811482     245.512653
     35.829644     285.907812
     35.844724     283.465682
     35.851941     212.146928
     35.865604     275.012611
     35.888118     244.446849
     35.903663     240.742148
     35.911686     228.380214
     35.925390     303.669938
     35.946671     310.036858
     35.958396     222.558738
     35.976668     274.231845
     35.989541     267.049029
     36.004969     242.933233
     36.016442     261.162008
     36.032385     195.834590
     36.048039     281.937597
     36.067010     322.731878
     36.077953     241.626389
     36.096450     267.899399
     36.109006     265.764518
     36.127823     251.004314
     36.139960     220.829966
     36.152169     258.031838
     36.173371     305.242311
     36.183325     210.221094
     36.196102     228.640382
     36.219784     304.049850
     36.234614     234.933437
     36.247371     247.925944
     36.255581     269.609499
     36.274165     307.313705
     36.292633     299.185171
     36.305935     237.333834
     36.318366     304.255546
     36.338669     266.368014
     36.351242     228.621353
     36.368171     222.056778
     36.383825     260.258868
     36.391385     232.063561
     36.409503     268.915083
     36.426580     293.999589
     36.438375     214.275166
     36.458973     229.284084
     36.465322     272.238148
     36.489997     308.146354
     36.498550     235.207181
     36.516985     254.606100
     36.528665     251.078722
     36.548305     205.578112
     36.557633     247.737391
     36.572631     253.319877
     36.589549     237.363081
     36.606103     180.634585
     36.622232     248.391119
     36.630821     229.341026
     36.647962     274.220299
     36.664712     271.684361
     36.677510     301.812274
     36.695039     249.502517
     36.713093     259.297267
     36.720893     304.316979
     36.742578     234.182238
     36.754304     303.015608
     36.767541     246.004854
     36.785001     303.993785
     36.799292     302.730397
     36.813211     306.268188
     36.831710     252.372044
     36.849020     210.406663
     36.858372     272.107796
     36.876070     269.135469
     36.892378     270.575609
     36.908680     269.847029
     36.916490     210.926636
     36.936105     226.697873
     36.954042     280.209181
     36.965205     217.549129
     36.981522     288.155857
     36.995148     266.637522
     37.006479     277.521064
     37.025539     290.847991
     37.044629     238.624743
     37.051724     240.653160
     37.065571     263.057212
     37.082625     245.835326
     37.102532     284.745834
     37.110201     289.221788
     37.128492     295.287969
     37.148293     253.547144
     37.158196     243.228349
     37.172132     212.032988
     37.185836     292.322952
     37.207058     277.894498
     37.219863     305.397120
     37.235450     257.288480
     37.247962     234.238551
     37.263861     254.519672
     37.284855     322.126149
     37.296491     281.055297
     37.307363     250.803363
     37.328464     346.986459
     37.335098     259.457779
     37.353468     237.890477
     37.374384     249.750143
     37.389282     292.659414
     37.396928     234.345356
     37.413596     287.094067
     37.425788     222.462373
     37.444130     263.157505
     37.459162     230.558942
     37.470480     264.948916
     37.493554     298.363424
     37.506034     169.744058
     37.520212     281.636346
     37.537192     289.058564
     37.547370     225.692555
     37.560293     277.247529
     37.577771     269.730284
     37.592560     244.699066
     37.608896     308.163554
     37.628042     312.461288
     37.639613     244.953938
     37.658624     217.084289
     37.673870     302.603628
     37.683082     301.466969
     37.701103     202.846584
     37.711717     272.188216
     37.727030     286.299179
     37.741382     279.180404
     37.763189     228.518688
     37.770040     212.312962
     37.791724     227.625122
     37.801982     283.946099
     37.817247     283.412502
     37.836626     229.420733
     37.848177     264.447629
     37.868280     222.685558
     37.878145     287.613649
     37.894949     199.926060
     37.906993     206.705654
     37.926484     203.023246
     37.940624     235.087411
     37.956751     258.886723
     37.965203     248.846874
     37.982013     213.545250
     37.998628     229.501444
     38.015007     220.678195
     38.028397     209.280593
     38.043938     244.284891
     38.057510     254.903872
     38.075792     215.048471
     38.090532     190.114793
     38.102634     213.600386
     38.121303     203.256641
     38.137463     186.986809
     38.154314     213.554257
     38.165989     260.484351
     38.178925     293.403414
     38.191179     298.338450
     38.205405     236.669943
     38.226806     261.538585
     38.242561     205.887241
     38.251147     203.868701
     38.274400     210.880496
     38.283467     244.061349
     38.304178     225.880688
     38.316616     225.082144
     38.332714     211.797507
     38.348772     256.374815
     38.356310     221.136378
     38.379440     248.664883
     38.385700     228.932006
     38.400482     255.997556
     38.420584     222.158382
     38.430921     198.953045
     38.449170     216.176635
     38.462160     278.867822
     38.476430     216.888818
     38.498012     245.368620
     38.512014     248.744841
     38.526572     238.670098
     38.539701     261.288006
     38.554035     202.404586
     38.565603     228.301562
     38.580807     299.884155
     38.596332     240.288554
     38.610114     209.782796
     38.625878     221.203855
     38.641280     241.607423
     38.662498     197.518521
     38.670650     294.955284
     38.692662     321.517776
     38.700820     176.469602
     38.716682     169.766467
     38.730233     159.078865
     38.752199     266.150714
     38.765335     276.633066
     38.776735     206.471121
     38.792351     259.828392
     38.807185     199.641209
     38.821809     237.491368
     38.844064     261.531421
     38.857508     261.437031
     38.873548     224.397264
     38.889862     234.296580
     38.903098     217.867414
     38.914637     206.453929
     38.934083     212.258623
     38.945376     253.941092
     38.961586     238.926910
     38.970025     280.680181
     38.991392     236.041191
     39.002681     240.083977
     39.023390     190.753760
     39.039068     279.602935
     39.048934     231.523956
     39.061482     259.097686
     39.082770     180.038477
     39.099696     278.473565
     39.110193     264.642155
     39.126536     224.742365
     39.142223     267.821398
     39.150447     273.094753
     39.168610     295.237873
     39.189923     216.522378
     39.200794     318.611276
     39.218847     261.293530
     39.234788     217.533302
     39.242679     303.781081
     39.259243     226.908947
     39.278789     222.259165
     39.291720     285.567452
     39.300285     221.529005
     39.319339     246.817123
     39.339708     229.233668
     39.348753     214.135593
     39.360182     255.674453
     39.380645     255.419881
     39.391794     295.379820
     39.413948     240.681493
     39.427141     241.230501
     39.438220     258.344014
     39.456578     202.587610
     39.473349     231.588275
     39.481096     192.557200
     39.496175     189.265347
     39.515874     218.735110
     39.532272     267.394757
     39.543645     251.386651
     39.558922     301.861229
     39.572024     315.288846
     39.590949     253.425003
     39.604760     257.718740
     39.615239     302.618780
     39.636543     262.910718
     39.654705     155.305912
     39.662477     271.882956
     39.678305     208.378899
     39.695246     264.796262
     39.705352     263.697501
     39.728813     293.758075
     39.735336     250.411604
     39.755759     271.895919
     39.765728     284.024389
     39.786058     302.396939
     39.796604     270.029644
     39.819623     238.785142
     39.832548     217.406596
     39.842181     256.801688
     39.855046     284.892455
     39.873470     255.323297
     39.887274     270.865294
     39.904606     210.282721
     39.915238     266.222239
     39.936638     200.427302
     39.949928     292.986801
     39.965937     230.707852
     39.975550     243.811363
     39.990285     321.483413
     40.008496     313.154060
     40.025657     248.379621
     40.043121     246.502679
     40.053037     233.316991
     40.068726     265.532880
     40.082241     274.528134
     40.099349     271.294198
     40.113776     218.430734
     40.133282     212.964365
     40.149625     287.006625
     40.162664     231.032610
     40.170138     265.080764
     40.193608     237.475304
     40.209030     258.401218
     40.223074     228.537437
     40.238684     205.945800
     40.254776     226.243089
     40.267679     288.078849
     40.276443     300.101024
     40.293843     208.489055
     40.305410     252.436045
     40.327761     304.007894
     40.340083     288.118906
     40.353861     281.121427
     40.368818     206.257037
     40.383640     208.397092
     40.401659     288.257072
     40.418377     276.540692
     40.426784     263.633657
     40.442236     216.901909
     40.458071     247.740779
     40.472862     304.045788
     40.493063     230.982346
     40.505890     283.187336
     40.520582     273.285459
     40.537898     279.225251
     40.548509     264.825624
     40.565606     227.299522
     40.584995     263.906085
     40.595258     271.806254
     40.607931     220.256742
     40.623867     306.442449
     40.643206     290.077604
     40.652337     238.380308
     40.672839     242.541367
     40.682386     268.485389
     40.700593     314.453480
     40.718032     228.875111
     40.727044     295.498129
     40.746823     251.347008
     40.763885     261.141688
     40.772334     280.808642
     40.794245     225.577231
     40.809351     204.353889
     40.819412     253.107752
     40.832741     277.298405
     40.853393     287.587256
     40.865427     221.620896
     40.876273     270.240638
     40.892707     260.778090
     40.909165     274.681453
     40.923688     299.943114
     40.939465     250.157408
     40.951905     240.635450
     40.967779     286.235437
     40.983476     240.034883
     41.002259     310.208567
     41.010022     258.154639
     41.028241     213.384184
     41.047529     255.756308
     41.061221     221.218210
     41.070174     259.345612
     41.094911     195.360933
     41.101013     270.762020
     41.121544     263.353859
     41.133340     219.154185
     41.149968     298.249333
     41.163674     294.651826
     41.184341     242.501006
     41.197288     278.775871
     41.210257     279.705024
     41.229993     293.775271
     41.237646     269.792839
     41.255790     292.675570
     41.270331     277.064575
     41.285635     251.324928
     41.297130     225.418770
     41.313950     249.255804
     41.331106     298.741178
     41.340488     226.536948
     41.356869     228.124115
     41.372454     208.890089
     41.389689     272.959313
     41.405196     281.900324
     41.420498     232.182609
     41.430685     252.727203
     41.451456     242.769081
     41.468382     241.059547
     41.482545     286.827209
     41.492985     217.601051
     41.507127     247.956130
     41.522829     229.559291
     41.542703     252.699431
     41.552905     203.917121
     41.566774     271.333920
     41.587600     235.275483
     41.603649     178.336964
     41.617406     198.915150
     41.630671     268.187221
     41.641341     251.612523
     41.657131     243.064076
     41.677829     298.188902
     41.692968     238.183469
     41.709627     236.910038
     41.718904     197.906150
     41.738769     195.167705
     41.752827     265.631188
     41.767575     214.645114
     41.778682     278.028531
     41.792771     257.562678
     41.814785     222.644700
     41.821232     201.308785
     41.840297     243.513939
     41.851761     224.108470
     41.873971     278.532058
     41.888726     228.929477
