      2.000665     -34.895064
      2.015522      18.414502
      2.033596      18.771039
      2.044713      40.366598
      2.057595     -36.186964
      2.077314      13.282896
      2.093347      46.299403
      2.102902      48.170327
      2.122697      -2.412508
      2.139412      48.417456
      2.151592      41.469191
      2.160251      35.820290
      2.184523      31.351659
      2.196950      46.904577
      2.212700      52.660043
      2.223968     155.510852
      2.237808     138.552526
      2.255814     189.611899
      2.274575     215.618693
      2.286932     181.622083
      2.300602     271.422325
      2.316949     267.369185
      2.330583     253.886929
      2.344312     349.591536
      2.361371     320.972736
      2.374783     426.978163
      2.392594     461.667405
      2.404517     429.914195
      2.422212     407.656058
      2.430277     490.558283
      2.450885     456.142651
      2.462792     528.674530
      2.475220     519.688594
      2.498315     501.960417
      2.513357     510.748666
      2.520695     549.929525
      2.535418     521.292497
      2.555885     582.307081
      2.570909     531.246655
      2.583576     566.802407
      2.599661     542.220396
      2.610289     537.231678
      2.626866     625.404789
      2.642195     537.704532
      2.655832     626.718993
      2.672527     558.642648
      2.689198     636.837209
      2.707135     662.212786
      2.720519     606.198052
      2.735187     624.219263
      2.747608     647.134500
      2.763449     709.593706
      2.776916     726.499970
      2.793690     674.792151
      2.806530     826.957240
      2.820634     748.258227
      2.838235     761.845545
      2.857065     767.483813
      2.869603     797.526002
      2.880297     804.504922
      2.896701     832.565671
      2.911369     838.141736
      2.927687     880.522012
      2.943949     942.721119
      2.959006     909.131528
      2.977851     937.176402
      2.994324     967.758995
      3.005617    1020.715518
      3.018240     996.526300
      3.034062    1044.736520
      3.045235    1131.947106
      3.067567    1157.784750
      3.079304    1246.886157
      3.092693    1226.473921
      3.107123    1264.913733
      3.121989    1271.250755
      3.137790    1440.908722
      3.156669    1386.745800
      3.167225    1498.507837
      3.181550    1562.774571
      3.204564    1739.333470
      3.219272    1852.655330
      3.228211    1941.102897
      3.242795    2064.861724
      3.262056    2129.618405
      3.278810    2348.128251
      3.285307    2559.407929
      3.303381    2900.686371
      3.322561    3239.799736
      3.338569    3908.775523
      3.348329    4566.190829
      3.360116    4928.610909
      3.376853    4114.751157
      3.392766    2181.538458
      3.413101    1020.158814
      3.426041     667.996443
      3.444477     621.927634
      3.457396     426.829889
      3.468238     445.370691
      3.482227     379.322313
      3.502173     387.156834
      3.511605     360.248364
      3.525935     318.537942
      3.543870     326.243878
      3.560143     305.479560
      3.573265     360.345409
      3.590349     375.877135
      3.600811     298.752743
      3.615777     367.655723
      3.633725     336.700256
      3.650087     330.730557
      3.661996     291.086330
      3.684400     278.545536
      3.694185     342.304969
      3.714062     329.695615
      3.729614     353.497973
      3.744049     358.391453
      3.758176     386.051360
      3.771905     348.116818
      3.782746     265.603829
      3.801135     345.413813
      3.819612     376.217263
      3.828061     283.555673
      3.842332     348.883495
      3.864741     272.107069
      3.878883     350.287977
      3.885218     262.394407
      3.906146     403.011375
      3.921394     295.209004
      3.934673     327.642522
      3.947369     322.107777
      3.961354     318.611388
      3.982881     356.153454
      3.995695     403.689623
      4.005534     349.032774
      4.024560     380.204845
      4.037512     370.873096
      4.058513     376.651779
      4.070176     307.963145
      4.087510     372.760248
      4.102605     290.867565
      4.115899     313.228621
      4.132206     336.037822
      4.140940     356.069826
      4.164858     363.245919
      4.173369     377.397193
      4.187429     367.067242
      4.208348     364.247264
      4.215025     325.238278
      4.232614     364.484053
      4.248582     431.665210
      4.261011     383.781917
      4.278196     437.157910
      4.290148     383.935609
      4.313963     438.752452
      4.327208     371.546124
      4.344984     424.806506
      4.354371     486.344313
      4.373363     398.092285
      4.386274     397.262363
      4.400489     413.400213
      4.411271     423.115208
      4.432774     479.738180
      4.449756     474.859558
      4.463176     470.287045
      4.479932     504.899560
      4.491449     433.052125
      4.501670     446.044157
      4.519625     491.959884
      4.532440     491.936350
      4.547977     578.940451
      4.569003     631.672792
      4.579999     694.935596
      4.594506     653.505192
      4.611504     670.509012
      4.627929     745.691448
      4.641877     798.258490
      4.650859     762.564273
      4.665140     776.732597
      4.686869     868.334404
      4.704591     922.544344
      4.718014    1154.322639
      4.727145    1261.308608
      4.749385    1364.909308
      4.756359    1574.423656
      4.771422    1595.854893
      4.790210    1089.354274
      4.804644     668.169328
      4.821279     511.960506
      4.830487     429.026716
      4.850773     368.862267
      4.868582     404.591619
      4.877349     387.427670
      4.897458     367.672914
      4.907311     425.705002
      4.928062     393.816552
      4.941247     411.818543
      4.951947     392.990645
      4.973137     412.675830
      4.982331     366.846827
      4.997026     372.063719
      5.011731     365.322122
      5.029357     449.323242
      5.040721     385.766100
      5.060401     384.270419
      5.076387     435.543335
      5.086892     435.647160
      5.100253     473.146768
      5.115094     408.781157
      5.138487     445.606699
      5.153840     384.222678
      5.169600     392.014118
      5.176862     343.429964
      5.196572     432.784402
      5.214754     510.176308
      5.220853     412.593348
      5.238646     438.360796
      5.253477     407.796245
      5.270031     463.337473
      5.283143     530.688420
      5.295853     485.198429
      5.311842     507.082982
      5.329820     451.196087
      5.342683     533.911219
      5.355438     466.719535
      5.378324     545.760215
      5.394810     471.432510
      5.408658     549.662013
      5.421006     466.342564
      5.430154     574.581356
      5.448275     586.051310
      5.461453     545.418011
      5.483642     541.813993
      5.491502     640.061938
      5.507789     606.052001
      5.524543     667.860598
      5.544370     598.293187
      5.558271     701.259660
      5.566175     674.156806
      5.589489     787.659013
      5.601109     826.421866
      5.615705     832.762185
      5.633511     793.313579
      5.648284     976.385501
      5.659045     928.732813
      5.675314    1056.622170
      5.694137    1053.428519
      5.706324    1043.115055
      5.724450    1167.036602
      5.735566    1258.097350
      5.750044    1343.210324
      5.763213    1517.164463
      5.782206    1677.834741
      5.792252    1894.949935
      5.813275    2300.760546
      5.820947    2817.101901
      5.837590    2988.245894
      5.851243    2465.993283
      5.868692    1644.720576
      5.880320     913.904822
      5.897802     593.878647
      5.912978     505.170352
      5.931633     502.862116
      5.944366     372.589137
      5.964605     462.252211
      5.973751     433.900601
      5.988870     409.897750
      6.003302     413.103563
      6.021188     401.226111
      6.036816     423.229955
      6.052047     370.147691
      6.066457     389.100419
      6.084751     427.374749
      6.094476     367.409686
      6.112158     352.418842
      6.120044     345.217701
      6.143394     356.317604
      6.155324     386.453874
      6.169752     396.237580
      6.185923     402.451492
      6.203063     377.952997
      6.211546     416.710899
      6.233224     343.602398
      6.244886     327.627059
      6.264074     465.221530
      6.275132     464.931397
      6.294483     477.215358
      6.306318     473.483189
      6.319925     391.546285
      6.337089     427.122582
      6.353606     386.570874
      6.366939     358.820053
      6.382643     389.737328
      6.391183     440.043906
      6.409961     367.184700
      6.422805     394.619185
      6.443327     405.784209
      6.458590     449.014272
      6.467113     422.308938
      6.484509     392.835924
      6.499786     440.840712
      6.517859     493.804284
      6.528032     434.617652
      6.541353     525.505394
      6.560117     514.378043
      6.573220     522.276491
      6.587091     522.207512
      6.608940     589.497807
      6.620024     579.891132
      6.639571     557.472403
      6.649645     560.682534
      6.665364     672.776984
      6.678616     702.889589
      6.692513     764.798588
      6.705101     833.443646
      6.724366     977.580285
      6.739979    1116.934746
      6.759425    1098.091406
      6.770804     863.877537
      6.781317     554.660070
      6.801869     513.395532
      6.816572     406.353971
      6.826888     383.298861
      6.843468     422.170827
      6.859181     397.070493
      6.876252     409.869724
      6.893157     369.053369
      6.904648     407.267417
      6.924641     396.931402
      6.939919     361.642541
      6.948778     456.447827
      6.968975     404.789825
      6.984665     385.572463
      6.990392     411.618301
      7.005006     408.793510
      7.022776     451.370758
      7.036319     346.350509
      7.055541     377.640229
      7.071885     404.523191
      7.084297     434.990368
      7.104663     425.931843
      7.119556     484.914553
      7.125023     435.522987
      7.144476     382.320385
      7.159499     393.721056
      7.173874     430.783563
      7.189161     397.917199
      7.207604     510.762722
      7.222238     426.406249
      7.231933     484.170316
      7.251835     497.843981
      7.263385     436.463833
      7.283649     493.006503
      7.294757     475.344557
      7.313585     505.863577
      7.321542     527.839908
      7.338869     548.844355
      7.354412     567.162505
      7.374305     588.783908
      7.386789     561.932044
      7.396207     615.570814
      7.412770     656.833880
      7.425581     681.314787
      7.443978     710.109096
      7.464229     865.780789
      7.475443     870.245929
      7.492860     967.454560
      7.501687    1096.691558
      7.515846    1247.929940
      7.537427    1431.783820
      7.551389    1465.727806
      7.560556    1306.817749
      7.584550     984.913083
      7.599108     638.942105
      7.609985     491.611728
      7.621132     462.478041
      7.642443     445.457790
      7.651403     406.049680
      7.673805     410.474551
      7.680072     413.526742
      7.704843     442.295533
      7.716285     394.846127
      7.727499     465.157886
      7.742505     496.548353
      7.759008     460.770300
      7.778408     427.304999
      7.786090     458.352387
      7.805284     484.322547
      7.820167     468.217791
      7.833400     544.678567
      7.850205     458.301449
      7.865696     450.093235
      7.883668     458.235853
      7.896990     476.682292
      7.912057     498.559621
      7.922275     543.107206
      7.941283     563.208686
      7.950190     555.718118
      7.966625     591.610819
      7.989735     570.557995
      8.000032     597.389713
      8.016707     666.575193
      8.032963     654.803856
      8.041857     604.385635
      8.057911     667.305882
      8.070671     702.186208
      8.088370     754.834557
      8.103896     778.644652
      8.121988     824.850502
      8.135435     849.256271
      8.149137     923.952204
      8.166777    1007.962585
      8.180159    1117.450190
      8.198840    1237.554106
      8.209632    1374.386724
      8.228551    1497.091145
      8.241531    1739.846427
      8.259943    2019.333542
      8.265823    2150.696947
      8.288320    1916.921670
      8.301851    1341.441964
      8.311412     814.083394
      8.331814     558.742423
      8.348836     459.543109
      8.362984     480.257845
      8.376236     369.051860
      8.392453     403.011981
      8.401899     389.049404
      8.415037     327.612682
      8.434059     353.796224
      8.448482     424.570362
      8.464262     401.990279
      8.478520     314.555729
      8.494358     346.757253
      8.511781     390.017422
      8.523367     427.940716
      8.538346     378.716720
      8.554588     361.534594
      8.569297     399.373220
      8.586612     410.690422
      8.601990     355.677984
      8.613585     359.090643
      8.630495     378.718747
      8.645161     302.192440
      8.660014     336.244664
      8.676784     406.603158
      8.693270     323.133153
      8.703181     413.635670
      8.718275     341.201267
      8.733978     387.277799
      8.748668     393.622714
      8.765682     386.885036
      8.783587     385.331696
      8.798520     367.719211
      8.811123     330.346438
      8.822953     426.070386
      8.840735     382.109528
      8.852524     426.428691
      8.867472     410.383512
      8.889074     438.198344
      8.904150     502.875344
      8.915966     456.004624
      8.929202     535.853589
      8.945912     453.116323
      8.957230     411.035695
      8.977625     420.116386
      8.994603     350.190420
      9.009911     342.992764
      9.015281     363.682161
      9.030848     309.983205
      9.049690     402.172287
      9.060982     346.804306
      9.083272     332.819146
      9.090330     353.546249
      9.112253     350.612164
      9.120271     300.398196
      9.143506     336.361070
      9.156430     337.200571
      9.174313     404.172779
      9.182235     400.801412
      9.199523     383.782347
      9.212422     421.725454
      9.231092     371.073242
      9.240103     319.646098
      9.262901     357.417373
      9.277693     333.222153
      9.286989     361.528057
      9.303792     348.735537
      9.324483     339.226817
      9.330740     371.700945
      9.349556     329.229364
      9.363169     344.067925
      9.382467     359.599617
      9.396615     308.039662
      9.408220     385.729261
      9.429607     384.965591
      9.442060     295.088921
      9.453658     303.970445
      9.473004     376.582786
      9.489119     321.495511
      9.495475     367.068645
      9.512514     428.335238
      9.526830     331.055215
      9.546449     392.803901
      9.561780     376.183363
      9.579831     392.583851
      9.587048     407.945630
      9.604281     383.870327
      9.620582     362.437854
      9.636112     325.195497
      9.646745     332.813282
      9.664134     371.491125
      9.679573     387.434534
      9.699551     406.059325
      9.708717     397.458112
      9.724393     350.507203
      9.739080     448.611721
      9.757066     445.285744
      9.772330     367.242932
      9.781819     362.831815
      9.798792     369.672149
      9.814040     401.864052
      9.827060     340.159652
      9.840607     360.413025
      9.862511     386.666385
      9.876644     404.838515
      9.893661     378.493811
      9.906609     462.826570
      9.917492     385.759617
      9.939488     407.619859
      9.945447     464.179496
      9.960073     445.244485
      9.983605     367.044760
      9.990510     462.405196
     10.005901     451.169874
     10.028360     435.245461
     10.040934     528.513658
     10.053900     505.382578
     10.070738     438.197972
     10.084590     561.526158
     10.097214     494.809573
     10.113585     585.448190
     10.134643     636.483463
     10.141675     704.230004
     10.162577     592.800617
     10.178141     459.096801
     10.192847     425.624953
     10.206758     471.091509
     10.222712     377.166180
     10.232089     347.197048
     10.250226     400.332589
     10.263330     409.201167
     10.277603     387.976688
     10.294239     389.296744
     10.309934     352.939998
     10.329641     375.048630
     10.340395     323.930627
     10.357814     377.958646
     10.366583     380.665286
     10.381089     403.273824
     10.398312     326.581771
     10.415543     378.522055
     10.428218     338.323211
     10.448537     308.988333
     10.460491     399.145267
     10.476477     425.785630
     10.494973     427.364865
     10.501966     399.146421
     10.522946     345.968876
     10.537529     460.201299
     10.546897     393.353835
     10.567492     451.186650
     10.576436     370.005566
     10.590814     406.818916
     10.606454     408.378932
     10.628274     407.970891
     10.639453     460.956651
     10.653443     417.892774
     10.670733     440.686829
     10.685119     499.459478
     10.696997     457.767893
     10.712960     402.259892
     10.727968     387.151300
     10.743136     385.687851
     10.764835     375.621035
     10.774322     368.824650
     10.790160     366.143733
     10.801862     451.364398
     10.821555     374.841106
     10.832972     440.082058
     10.850693     390.238371
     10.863413     390.244663
     10.875748     432.250385
     10.890177     463.610985
     10.908329     406.042409
     10.927894     484.908553
     10.941408     456.999356
     10.959491     434.202066
     10.969419     470.280063
     10.987176     439.891637
     10.995678     442.400474
     11.016801     550.826090
     11.026726     489.753731
     11.047074     512.876359
     11.063627     471.797596
     11.078534     556.671844
     11.085854     571.234747
     11.103747     539.818401
     11.123029     609.575866
     11.134722     669.757134
     11.150320     775.516515
     11.166650     762.066376
     11.176086     849.683514
     11.197573     893.522069
     11.207246    1018.026398
     11.229522     929.986217
     11.236126     756.605535
     11.258731     602.413772
     11.269963     513.334780
     11.284710     509.894828
     11.302743     453.015534
     11.316183     389.663286
     11.334772     428.447671
     11.340714     451.353870
     11.364272     359.169516
     11.378059     437.366546
     11.391711     446.499041
     11.407498     474.072147
     11.417740     420.108628
     11.437588     349.390998
     11.450282     356.609480
     11.460539     373.208650
     11.481301     476.468199
     11.499250     400.408346
     11.511635     438.939534
     11.526966     450.048321
     11.535800     429.322417
     11.556492     442.793700
     11.569226     461.980014
     11.582300     479.534087
     11.595069     459.909716
     11.611999     561.802453
     11.629363     499.979896
     11.640744     496.835346
     11.663182     527.453203
     11.673551     559.272671
     11.694723     587.149167
     11.709613     636.274703
     11.718596     583.079658
     11.739264     612.967668
     11.750219     514.227388
     11.769924     482.176513
     11.776654     377.788362
     11.798897     446.369180
     11.809827     351.950375
     11.824096     399.269954
     11.836935     504.828738
     11.858057     441.964193
     11.871806     452.254342
     11.884534     443.925995
     11.896151     505.492787
     11.913176     494.190826
     11.928327     446.073925
     11.941328     486.237392
     11.963341     421.906074
     11.978311     463.915987
     11.989498     468.789528
     12.007192     473.366754
     12.019755     483.483889
     12.032441     517.405474
     12.047438     571.171314
     12.060504     550.096862
     12.081607     621.743410
     12.090093     637.143075
     12.107481     738.076619
     12.120622     745.650987
     12.136684     861.232938
     12.151441     974.859007
     12.167822    1025.983246
     12.181299    1093.457199
     12.198869    1143.467280
     12.215749     951.039275
     12.225105     699.100838
     12.249784     540.241783
     12.262020     503.567142
     12.275810     452.888065
     12.288818     365.577784
     12.309238     395.056486
     12.321358     457.191674
     12.336665     427.017492
     12.354309     410.179191
     12.366479     439.380167
     12.384423     418.637325
     12.399488     422.508207
     12.409935     341.138664
     12.426839     355.360187
     12.438107     372.900349
     12.457443     346.681073
     12.472726     413.514829
     12.488600     410.162222
     12.495293     339.359002
     12.518043     414.617311
     12.529205     431.071428
     12.541802     379.655722
     12.558695     429.703686
     12.570912     363.353029
     12.589456     376.157778
     12.608329     378.546594
     12.623693     359.398630
     12.636654     349.887265
     12.646016     450.355835
     12.668111     436.580871
     12.682411     383.754491
     12.695909     366.380651
     12.707217     335.158134
     12.723705     352.292345
     12.743880     394.519166
     12.752315     359.675468
     12.767369     415.316170
     12.782880     399.678047
     12.804243     350.659958
     12.813954     391.816761
     12.830407     336.266820
     12.848873     395.616505
     12.855760     344.837845
     12.872649     391.765672
     12.888593     348.074933
     12.901533     313.849361
     12.919678     428.086239
     12.936761     382.360441
     12.950576     389.903580
     12.966010     424.040480
     12.980888     469.341418
     12.996822     427.508287
     13.005651     382.602601
     13.028758     457.693630
     13.043953     439.508528
     13.054619     477.885896
     13.070961     472.845997
     13.084506     469.776702
     13.098631     461.240814
     13.117399     460.398972
     13.133411     538.571936
     13.142092     457.075596
     13.164835     396.618048
     13.173789     425.734081
     13.190503     435.356336
     13.202065     438.376401
     13.220516     422.455552
     13.237714     473.395959
     13.250221     424.202578
     13.265812     421.920615
     13.278760     491.194789
     13.294862     494.329903
     13.310252     499.382311
     13.328050     470.371182
     13.343317     470.224408
     13.358451     441.685448
     13.369248     504.710199
     13.388053     570.657802
     13.404759     528.214185
     13.411494     486.725854
     13.431854     601.491155
     13.447559     652.333068
     13.464373     668.971196
     13.471943     710.430976
     13.491146     797.369641
     13.500395     892.662643
     13.524694     887.571999
     13.537128    1045.875203
     13.549359     964.846608
     13.562236     778.149144
     13.582331     624.634963
     13.594560     486.613895
     13.614688     460.165817
     13.627315     393.149396
     13.635737     384.661741
     13.658837     431.583575
     13.668987     396.352515
     13.688359     378.420399
     13.704063     405.954910
     13.713626     457.324813
     13.732878     474.655146
     13.740040     483.734552
     13.759011     483.768195
     13.770700     508.172575
     13.793335     500.709495
     13.804848     481.307695
     13.817900     483.237894
     13.836370     444.045138
     13.848187     465.116200
     13.865697     508.690426
     13.879678     565.302876
     13.895814     585.953637
     13.914277     686.951520
     13.923949     631.204553
     13.943003     785.861807
     13.950609     737.478387
     13.974631     652.031089
     13.988247     630.939555
     14.004571     592.350342
     14.017422     404.754693
     14.030087     482.377901
     14.046387     438.637635
     14.063377     398.331231
     14.074556     355.419575
     14.085743     357.161054
     14.108673     404.693789
     14.121311     372.431676
     14.133794     343.918455
     14.145326     403.570477
     14.165154     351.657231
     14.180896     434.711407
     14.191774     437.871865
     14.209602     406.858731
     14.229283     467.910822
     14.242618     443.332910
     14.253199     438.007622
     14.273784     408.995321
     14.286486     436.930367
     14.302109     447.640435
     14.317148     597.344820
     14.328230     642.934598
     14.347783     649.075994
     14.356323     618.229387
     14.374823     624.276735
     14.385918     592.270905
     14.401800     514.983523
     14.423714     368.678890
     14.436453     373.122872
     14.454711     465.227708
     14.466819     365.791859
     14.475752     401.762019
     14.497030     429.997541
     14.509216     398.792161
     14.527954     419.086078
     14.544089     345.163210
     14.558673     390.065647
     14.573302     379.637035
     14.581222     439.861647
     14.598013     376.207754
     14.616871     465.471438
     14.634089     437.103511
     14.647159     434.367798
     14.662985     452.554223
     14.678188     432.633467
     14.691033     532.311779
     14.703885     521.078466
     14.723363     614.140577
     14.734992     670.100224
     14.748276     689.973298
     14.767568     710.153213
     14.778440     639.813231
     14.798504     522.675611
     14.812110     493.452543
     14.827938     460.850062
     14.837458     425.866770
     14.856710     377.146302
     14.865487     356.431367
     14.889618     427.601100
     14.900430     373.941266
     14.914253     387.085205
     14.927794     335.623071
     14.943363     375.089640
     14.964998     378.381734
     14.973333     394.764969
     14.987255     352.892644
     15.007887     315.292726
     15.017786     318.330875
     15.030410     366.645315
     15.046017     356.207543
     15.066143     419.408963
     15.084178     354.643859
     15.097522     343.371086
     15.109806     442.848374
     15.124588     358.935027
     15.141455     393.004768
     15.156891     456.006347
     15.166658     385.263224
     15.181772     415.151400
     15.197980     374.309750
     15.214595     353.085270
     15.225848     349.024486
     15.246793     339.576947
     15.257443     361.265159
     15.279579     366.949948
     15.285798     397.415004
     15.309102     333.225958
     15.321155     328.089241
     15.334460     331.955478
     15.350677     379.188939
     15.362819     352.286547
     15.384187     335.536205
     15.398103     405.899607
     15.409400     388.479725
     15.420133     367.573324
     15.438243     409.598408
     15.454844     357.476941
     15.467355     408.000700
     15.488972     415.129338
     15.502217     401.210344
     15.512854     453.264590
     15.533213     513.990938
     15.542207     441.461696
     15.558914     401.312830
     15.570654     440.184818
     15.590503     442.335962
     15.600695     404.747161
     15.621996     320.680825
     15.631315     375.201057
     15.650816     335.587895
     15.667179     359.802828
     15.675962     374.159989
     15.698713     430.726452
     15.707437     378.394144
     15.729093     407.441467
     15.744553     376.500906
     15.756846     458.186106
     15.771567     504.134676
     15.786180     452.665830
     15.798560     514.912479
     15.812025     524.592979
     15.833454     580.126974
     15.841562     623.123567
     15.863082     681.868370
     15.876762     708.226380
     15.890611     745.994852
     15.908312     740.393810
     15.916700     667.107187
     15.930476     564.700090
     15.947728     467.483600
     15.969134     373.675989
     15.976544     349.707797
     15.990628     345.945408
     16.012571     399.292957
     16.023392     395.997869
     16.042257     352.564671
     16.053319     331.696015
     16.066724     368.096779
     16.088693     292.463785
     16.102378     347.194145
     16.110350     313.889220
     16.133575     350.994269
     16.140738     339.366910
     16.164480     325.644167
     16.177572     285.989852
     16.188912     373.661110
     16.201722     366.695487
     16.224338     349.221947
     16.238271     406.283117
     16.248678     415.842949
     16.266212     335.175394
     16.281117     342.538407
     16.296977     344.147288
     16.312270     349.253036
     16.326965     350.508019
     16.337152     339.465828
     16.355946     356.112309
     16.374960     335.549135
     16.389074     323.787069
     16.399711     351.350555
     16.419026     368.603063
     16.431569     349.474157
     16.448693     298.598965
     16.456180     376.299088
     16.474195     406.936384
     16.487804     374.890042
     16.506103     362.102288
     16.516913     451.186642
     16.539569     465.109657
     16.550852     475.524952
     16.566586     533.938854
     16.580532     612.436711
     16.592358     637.407342
     16.605163     597.211757
     16.624036     543.534645
     16.638689     483.383634
     16.654937     413.683963
     16.672699     431.433286
     16.681870     333.056607
     16.703364     383.934148
     16.717024     305.486939
     16.728886     363.156820
     16.749431     333.373293
     16.756602     294.945414
     16.774711     304.686793
     16.788649     338.404280
     16.804830     358.725968
     16.820123     341.763402
     16.835564     386.534541
     16.850087     386.829712
     16.869871     422.704413
     16.884683     396.801856
     16.895681     464.029895
     16.908274     473.730093
     16.923203     421.802382
     16.942580     474.674188
     16.959872     476.810400
     16.972436     454.594759
     16.984978     458.547320
     17.002118     321.308731
     17.017229     348.645964
     17.028317     283.108687
     17.049755     320.495179
     17.059729     365.961168
     17.079374     323.926679
     17.090163     253.192524
     17.106420     342.038212
     17.117756     266.386304
     17.139861     271.091926
     17.152674     264.076734
     17.169928     276.117309
     17.181762     345.780882
     17.190292     303.376269
     17.208956     274.072473
     17.229457     292.095048
     17.238069     292.479728
     17.254726     341.527795
     17.273141     280.607839
     17.286487     318.015962
     17.297488     317.013389
     17.311256     269.397604
     17.327713     309.657441
     17.345295     284.679327
     17.358739     345.843759
     17.372255     290.033285
     17.390929     385.667638
     17.403297     338.311945
     17.415701     375.753957
     17.434134     350.764572
     17.453242     321.475403
     17.462969     348.784577
     17.481121     345.125863
     17.494733     321.567433
     17.512864     386.218962
     17.526793     311.417503
     17.542083     344.777656
     17.552377     390.845402
     17.574368     431.090801
     17.582888     380.329854
     17.601732     458.951333
     17.618658     406.779389
     17.627994     447.567189
     17.649360     345.387147
     17.655450     386.977865
     17.676681     388.156484
     17.690417     339.327901
     17.703677     255.106706
     17.723368     234.751805
     17.730772     271.241676
     17.752136     279.288078
     17.762008     316.003403
     17.781412     289.863978
     17.795460     340.575683
     17.806767     257.529980
     17.823533     332.160504
     17.835302     279.852814
     17.851678     345.266299
     17.872200     343.985592
     17.880111     370.834350
     17.904576     406.184408
     17.913876     357.054787
     17.926308     349.861470
     17.947842     407.360439
     17.958230     327.170606
     17.970186     398.254761
     17.992107     319.415036
     18.006145     261.961555
     18.023445     285.721736
     18.030084     277.070214
     18.046810     324.420084
     18.064547     293.075972
     18.084301     269.923219
     18.098961     270.556556
     18.113624     276.663879
     18.121465     299.862251
     18.137331     276.853396
     18.156279     285.224014
     18.169417     315.302117
     18.188801     334.164634
     18.198538     284.704606
     18.211837     258.898994
     18.234854     325.887386
     18.241448     329.829952
     18.255444     309.712077
     18.277348     271.061191
     18.286246     265.477777
     18.305507     291.005946
     18.320431     326.361085
     18.330757     284.044242
     18.346991     311.864466
     18.366053     274.862467
     18.381344     293.785386
     18.390392     279.384943
     18.414317     329.328364
     18.425138     310.982320
     18.435375     239.675802
     18.451437     286.878547
     18.467341     222.963091
     18.489184     267.933120
     18.500861     218.161994
     18.515736     237.206873
     18.529186     289.779880
     18.546343     330.646981
     18.556726     334.160234
     18.579092     313.269998
     18.585760     229.573203
     18.600772     288.426869
     18.617242     262.377505
     18.632493     306.670466
     18.651558     276.978506
     18.667601     283.759214
     18.675424     239.546063
     18.698360     299.269787
     18.705055     314.843689
     18.729296     284.420477
     18.736117     317.581826
     18.756110     313.344622
     18.766336     339.561155
     18.787498     385.831665
     18.803572     370.980176
     18.816688     409.035239
     18.827047     319.971303
     18.843403     470.939729
     18.863501     469.668207
     18.875503     450.377457
     18.887905     446.997594
     18.908220     491.363388
     18.920396     366.951185
     18.931666     401.583024
     18.950968     295.765667
     18.963056     260.362966
     18.979267     347.187754
     18.994901     306.637656
     19.011421     287.404829
     19.023292     345.692487
     19.041648     279.540928
     19.050403     382.381535
     19.065549     252.408808
     19.087749     286.778425
     19.095373     317.606459
     19.111243     331.568210
     19.133086     308.226958
     19.147570     326.817242
     19.160568     401.710585
     19.172208     366.296505
     19.191211     329.844763
     19.207503     322.113707
     19.223534     365.288690
     19.239237     301.132872
     19.252506     335.546285
     19.267730     328.902303
     19.284848     372.218213
     19.291362     309.252292
     19.310330     313.134622
     19.328915     290.303395
     19.342425     367.778381
     19.352426     345.221889
     19.370889     283.163848
     19.382029     295.913718
     19.402530     363.612861
     19.410815     342.388452
     19.429469     427.720697
     19.446471     460.224765
     19.462063     348.535407
     19.472348     370.637123
     19.491526     422.333403
     19.503540     518.001949
     19.522315     440.155396
     19.538667     324.076099
     19.554876     340.367473
     19.567172     317.107598
     19.582975     335.541220
     19.590810     315.772852
     19.614328     326.091063
     19.622009     339.704532
     19.643959     307.916961
     19.653440     310.337203
     19.667570     302.099052
     19.682317     254.504300
     19.697574     259.874436
     19.711705     295.542903
     19.728355     305.223619
     19.746661     317.299830
     19.763448     377.840773
     19.774301     358.762024
     19.793006     372.040742
     19.808900     314.664781
     19.817004     262.008804
     19.833594     335.245676
     19.854858     331.106792
     19.863329     313.274433
     19.879003     271.722404
     19.894111     269.579669
     19.911229     312.426650
     19.927147     302.926719
     19.942375     333.050644
     19.951128     284.290159
     19.969067     369.025712
     19.983182     291.042369
     20.001926     391.627359
     20.011442     307.077329
     20.025875     330.916357
     20.049527     397.297925
     20.056905     370.617692
     20.073624     402.018382
     20.094160     400.812450
     20.100915     434.101179
     20.117385     408.244863
     20.138575     383.419244
     20.153511     366.847699
     20.162376     328.188153
     20.183594     309.733348
     20.196855     345.468834
     20.205072     345.071124
     20.229872     331.264270
     20.240604     350.511617
     20.255129     362.706184
     20.272731     344.965411
     20.281998     350.351193
     20.296820     341.992203
     20.311232     330.678089
     20.328300     386.649293
     20.347585     384.633723
     20.361697     382.769227
     20.373865     413.206165
     20.387945     335.535403
     20.402013     347.190151
     20.415374     362.862890
     20.435906     265.163421
     20.453879     338.461711
     20.464914     313.776848
     20.481404     318.783357
     20.493245     343.817524
     20.507637     315.687134
     20.523488     368.036471
     20.539396     306.395868
     20.555880     309.036874
     20.569402     306.950115
     20.582991     401.849840
     20.604023     333.241310
     20.619946     405.529771
     20.625564     382.446931
     20.649690     462.791471
     20.664649     434.122439
     20.675863     402.662966
     20.686746     387.195488
     20.709048     317.290986
     20.719882     387.690551
     20.732482     361.731662
     20.749150     387.206106
     20.763126     367.635020
     20.778882     377.166966
     20.796506     401.806979
     20.805137     332.439244
     20.829508     355.580209
     20.842825     389.142916
     20.852157     403.283479
     20.865454     341.233703
     20.880025     422.301169
     20.896894     437.970766
     20.913607     472.772778
     20.934750     408.807413
     20.942867     474.435968
     20.958644     384.595720
     20.974142     425.262575
     20.987415     393.928248
     21.006382     289.930747
     21.017689     350.040581
     21.034595     371.956827
     21.045159     272.456563
     21.067265     249.567822
     21.079189     269.913371
     21.098939     267.372402
     21.112074     315.942122
     21.123478     336.070598
     21.144977     258.786326
     21.153616     294.888627
     21.173269     293.493308
     21.182976     283.101452
     21.204463     276.607907
     21.218564     292.124315
     21.231647     317.155951
     21.242254     354.152416
     21.259113     345.324472
     21.279053     365.784767
     21.286899     302.536938
     21.305629     277.321518
     21.321038     268.425611
     21.338426     336.846666
     21.354533     337.096894
     21.369180     398.290212
     21.382831     366.671919
     21.395549     353.574010
     21.414776     350.988139
     21.429621     354.687353
     21.440282     351.624078
     21.455755     363.794050
     21.474013     422.841783
     21.482769     407.387530
     21.504517     391.074821
     21.511698     403.584782
     21.526173     412.907833
     21.548840     405.171051
     21.563361     354.456475
     21.576854     283.226256
     21.586678     343.062797
     21.601643     362.583371
     21.622583     363.236207
     21.632074     335.907402
     21.654473     354.341143
     21.663964     350.423127
     21.676914     345.815553
     21.699120     358.857800
     21.706572     349.847270
     21.722678     339.361901
     21.738470     384.286806
     21.750442     378.160081
     21.767434     388.520784
     21.785896     370.653752
     21.803983     346.444958
     21.812567     377.427774
     21.826658     357.122372
     21.843983     293.425813
     21.855919     342.038932
     21.876801     350.079219
     21.887569     361.437873
     21.909865     281.102056
     21.915339     326.532548
     21.934557     333.499923
     21.954039     357.419901
     21.963860     311.914258
     21.980673     413.563423
     21.999739     315.239277
     22.010897     395.138948
     22.026084     401.960062
     22.042514     328.528955
     22.056286     388.438756
     22.068075     350.818363
     22.087872     296.312744
     22.097598     363.320705
     22.114789     393.041598
     22.132882     337.354655
     22.141673     308.771333
     22.162489     336.419885
     22.176367     307.652076
     22.186138     406.711755
     22.207353     445.681791
     22.216936     435.124529
     22.237652     379.435719
     22.252542     434.310682
     22.265966     446.335322
     22.282393     393.770405
     22.295218     406.066328
     22.314703     406.501995
     22.323332     407.583879
     22.340045     414.755844
     22.357143     391.739403
     22.372848     283.193425
     22.380002     391.444768
     22.401001     370.682965
     22.411727     323.195053
     22.430541     357.596271
     22.441512     358.899550
     22.463478     295.673068
     22.478039     354.159259
     22.493458     288.125268
     22.508757     338.983548
     22.516948     314.625248
     22.536423     321.440285
     22.548395     315.668157
     22.569433     343.420350
     22.576153     265.942474
     22.596890     361.620997
     22.607757     367.565821
     22.626622     416.092994
     22.639325     313.508473
     22.654951     363.753362
     22.671977     320.658015
     22.681100     327.496675
     22.697871     336.730393
     22.718807     301.651567
     22.732630     356.576972
     22.744835     355.638779
     22.762963     369.815945
     22.773823     407.350191
     22.785513     407.815759
     22.805278     389.520773
     22.821670     399.991156
     22.835023     411.916109
     22.852791     309.703390
     22.863809     375.335167
     22.876299     293.303569
     22.898953     324.879787
     22.911951     298.876138
     22.920412     349.936078
     22.935322     311.551853
     22.958729     327.755848
     22.971273     352.602173
     22.982331     298.820711
     22.998307     283.878177
     23.017814     319.091248
     23.034832     268.080895
     23.048932     276.710950
     23.063474     282.204158
     23.073736     333.703115
     23.089463     323.122605
     23.102665     295.569982
     23.123976     306.717502
     23.136721     312.096908
     23.147247     297.352738
     23.160523     269.654742
     23.178060     331.705391
     23.196646     308.139362
     23.212059     315.451600
     23.224080     345.986580
     23.243805     326.742552
     23.253434     288.139059
     23.269946     283.419251
     23.280717     349.140881
     23.298012     305.669043
     23.318902     372.551940
     23.332627     375.050417
     23.345765     381.138235
     23.363727     285.858735
     23.371836     310.405669
     23.387322     355.149267
     23.401020     285.918548
     23.417757     270.018512
     23.434587     310.369012
     23.446874     324.377572
     23.463322     403.108530
     23.480011     298.792825
     23.494865     306.441475
     23.507557     358.537533
     23.523676     354.252129
     23.544801     394.002711
     23.558242     338.805962
     23.566870     415.757495
     23.587627     392.680281
     23.600236     423.136283
     23.610460     387.976900
     23.633896     314.889786
     23.643519     309.646459
     23.662287     366.232255
     23.679392     268.070588
     23.689877     345.673727
     23.702130     273.712571
     23.723061     349.330063
     23.736599     358.192224
     23.752626     290.728481
     23.761868     351.865115
     23.780374     340.486670
     23.794426     345.739146
     23.805506     368.224123
     23.827898     334.948971
     23.844642     346.708129
     23.856951     332.421155
     23.871672     282.622648
     23.888405     362.653489
     23.895487     314.893434
     23.913723     347.807093
     23.934986     330.112928
     23.949578     316.789538
     23.964166     346.845304
     23.979430     245.535863
     23.990906     370.951171
     24.007784     302.783508
     24.017107     344.073477
     24.033709     344.246528
     24.054501     303.817807
     24.061028     386.887402
     24.079634     297.396776
     24.098799     272.925068
     24.112210     258.527653
     24.123256     246.657864
     24.142349     253.719404
     24.156329     259.949495
     24.170175     271.143629
     24.183073     274.586383
     24.199271     228.712150
     24.219583     298.977137
     24.226634     344.599875
     24.248111     319.378637
     24.261909     284.081710
     24.277662     265.751692
     24.293258     292.725848
     24.309152     321.696193
     24.323064     348.596508
     24.337956     332.797640
     24.354654     312.855756
     24.363024     294.914519
     24.384079     271.278685
     24.395425     317.783062
     24.410759     344.273549
     24.420612     295.157776
     24.441750     307.976351
     24.455921     320.933705
     24.466140     362.632270
     24.480054     347.600646
     24.504754     333.974855
     24.517328     324.969044
     24.528656     313.251083
     24.549483     348.414623
     24.558201     354.822636
     24.578014     236.142116
     24.590065     261.998808
     24.601326     299.307392
     24.617360     321.863167
     24.630715     293.962247
     24.647044     325.231107
     24.665760     294.345056
     24.675479     338.598445
     24.698625     248.633660
     24.710247     312.843831
     24.721797     383.443587
     24.744243     292.411186
     24.752255     306.623393
     24.772131     314.035313
     24.787299     369.324879
     24.802395     293.885996
     24.815668     363.328523
     24.830415     331.354370
     24.847215     352.736677
     24.860082     328.310226
     24.873076     363.037335
     24.888049     373.176913
     24.904856     340.966006
     24.917361     382.445522
     24.934553     334.918762
     24.950532     371.619300
     24.968582     422.794586
     24.982240     409.907764
     24.998507     403.144116
     25.014426     365.596216
     25.027549     418.934105
     25.042646     444.542202
     25.050282     356.686937
     25.070072     429.571357
     25.086790     406.960310
     25.101398     306.705572
     25.119870     315.398368
     25.133370     303.669169
     25.146519     302.363317
     25.163285     284.635858
     25.170778     349.892074
     25.186098     306.820364
     25.208200     387.436774
     25.220633     344.910905
     25.233620     364.728142
     25.254988     402.325279
     25.264202     330.023551
     25.282097     315.303030
     25.296287     354.558522
     25.307640     372.024925
     25.322394     296.082439
     25.344902     240.317664
     25.357379     314.493589
     25.370709     273.702574
     25.384581     331.572005
     25.395683     331.862385
     25.414636     280.640545
     25.428937     247.532093
     25.446439     292.682327
     25.456847     303.311336
     25.478732     318.290942
     25.491632     329.181681
     25.503315     270.440888
     25.522827     321.765939
     25.534603     316.745890
     25.554076     293.882478
     25.560827     245.588856
     25.578241     280.967256
     25.598522     332.113557
     25.611410     295.192158
     25.627693     351.191793
     25.636404     307.051304
     25.651908     292.414004
     25.671545     282.264796
     25.685867     270.758248
     25.699616     339.789758
     25.714165     366.585421
     25.730999     372.765598
     25.740019     273.597168
     25.764395     314.697109
     25.773385     339.754012
     25.794790     277.811521
     25.807616     327.732393
     25.816579     286.437007
     25.838314     260.291973
     25.847577     236.153240
     25.868839     297.959509
     25.881421     352.501171
     25.896391     331.207598
     25.912766     250.420044
     25.925916     323.405114
     25.942495     286.490169
     25.956024     342.086528
     25.965433     349.759198
     25.987689     280.866747
     25.996056     334.383626
     26.018743     277.221301
     26.034253     253.020600
     26.046001     335.008312
     26.064979     291.507920
     26.074673     328.307737
     26.091632     299.192543
     26.107350     319.954790
     26.122127     344.882251
     26.133565     281.897622
     26.154159     320.649090
     26.163897     404.463088
     26.178099     351.192431
     26.197715     325.499266
     26.206424     296.080226
     26.226123     384.501007
     26.239707     298.199473
     26.258967     329.640813
     26.269669     272.684309
     26.287458     304.756580
     26.302630     287.236030
     26.316863     294.154613
     26.334981     308.475349
     26.347733     337.616140
     26.356548     337.854920
     26.370942     274.222177
     26.390721     290.859259
     26.400092     343.397643
     26.422426     295.592061
     26.432566     259.476731
     26.454803     362.024375
     26.460699     258.129781
     26.483144     338.461386
     26.496479     379.443678
     26.513460     265.598222
     26.527260     347.837402
     26.543966     236.245635
     26.553551     298.180745
     26.569525     329.079689
     26.582329     358.372459
     26.597823     287.009359
     26.610930     290.941994
     26.629532     369.272428
     26.640232     358.546523
     26.662868     376.902658
     26.678366     358.957581
     26.690982     329.151977
     26.709090     266.182387
     26.720513     291.289537
     26.737114     286.025463
     26.750138     303.328392
     26.768925     229.848752
     26.783924     228.153718
     26.795945     266.383931
     26.812736     260.539451
     26.822141     252.887589
     26.836859     250.185508
     26.859739     341.430403
     26.871064     278.703635
     26.886441     329.870018
     26.895977     310.633164
     26.916095     279.890090
     26.934024     310.757902
     26.941010     390.685485
     26.960678     343.765406
     26.972033     328.615597
     26.994455     306.794205
     27.004725     336.748950
     27.017340     332.452175
     27.030437     324.196666
     27.054260     372.799849
     27.060677     345.101945
     27.077324     352.967266
     27.095683     333.217338
     27.111687     357.675565
     27.122389     343.239793
     27.140368     335.007947
     27.153775     326.971533
     27.174204     300.337232
     27.189341     280.759492
     27.203323     347.734549
     27.214130     314.538682
     27.230462     317.066157
     27.246722     353.611976
     27.259639     280.594229
     27.274801     257.120197
     27.288587     351.083373
     27.307974     326.859567
     27.320272     304.553895
     27.333071     277.854033
     27.346875     336.778200
     27.369995     324.375135
     27.384090     338.652512
     27.393591     289.943252
     27.409382     331.108354
     27.425050     251.312973
     27.443103     353.328871
     27.450571     380.440722
     27.467751     284.258164
     27.486594     361.578282
     27.501592     265.892618
     27.515104     271.929045
     27.530675     297.191396
     27.549554     251.697482
     27.561132     318.848394
     27.575919     303.478452
     27.591840     292.756920
     27.604656     262.458250
     27.615444     228.112226
     27.631473     354.189252
     27.645986     315.011056
     27.667722     315.619794
     27.682770     364.498759
     27.699677     323.631414
     27.712736     359.627383
     27.723031     354.496523
     27.744928     273.897243
     27.753337     292.231401
     27.771190     267.350286
     27.785757     250.002546
     27.797893     320.775942
     27.815142     342.227985
     27.834716     330.259091
     27.844534     259.290993
     27.862406     351.441561
     27.878988     323.298510
     27.885164     297.587478
     27.904324     335.576011
     27.919755     322.119809
     27.932811     335.077443
     27.953417     305.693130
     27.963084     324.170130
     27.978662     374.447806
     27.993521     313.067157
     28.009207     366.713333
     28.025695     350.069475
     28.043576     298.913648
     28.059111     297.493729
     28.068100     310.785243
     28.084760     308.075496
     28.104517     323.596745
     28.114335     291.718299
     28.132746     347.381570
     28.141678     352.127885
     28.155613     273.028853
     28.171496     349.963498
     28.186224     279.024927
     28.203885     239.361764
     28.220940     354.265727
     28.235581     349.468020
     28.254688     270.450209
     28.267829     263.106031
     28.283384     268.377008
     28.299306     249.466644
     28.313510     283.868626
     28.320946     344.252699
     28.339984     319.183684
     28.357030     296.348335
     28.372099     281.214793
     28.380708     285.392323
     28.397883     277.769312
     28.415328     391.387296
     28.433703     328.548682
     28.443101     348.424690
     28.460840     392.011476
     28.471168     416.447578
     28.486817     319.125633
     28.503789     317.084052
     28.517465     412.703306
     28.535971     355.809548
     28.549876     401.341114
     28.569241     414.373500
     28.583473     346.578644
     28.593619     350.786715
     28.608896     409.574869
     28.624213     337.728684
     28.642975     376.320593
     28.652531     309.387212
     28.673699     265.523119
     28.687175     294.562427
     28.695497     324.372901
     28.710171     290.865099
     28.727186     305.505826
     28.745282     324.892408
     28.759726     359.593140
     28.778382     348.621388
     28.786247     329.645011
     28.808686     308.690855
     28.821427     299.023569
     28.838608     289.106125
     28.848784     374.517879
     28.862276     274.051771
     28.881889     272.771958
     28.898084     378.662663
     28.912940     312.620340
     28.927453     348.800374
     28.944713     374.584029
     28.954667     292.186550
     28.971132     377.681638
     28.987459     332.064299
     29.000408     303.125031
     29.016841     347.630886
     29.027499     319.216255
     29.041046     310.557918
     29.064430     314.097663
     29.077768     282.120281
     29.086249     338.655806
     29.106646     332.808793
     29.122593     331.789074
     29.139061     385.679568
     29.151472     314.348489
     29.162238     328.943961
     29.184557     321.080281
     29.193067     286.421880
     29.209653     348.742628
     29.226345     358.688572
     29.238197     369.776913
     29.250962     349.586170
     29.268711     354.019318
     29.281801     271.110229
     29.304042     320.221943
     29.310260     264.005102
     29.332560     308.421860
     29.342356     257.141937
     29.358405     267.051101
     29.377878     205.939483
     29.389574     311.250341
     29.406059     246.430551
     29.415432     337.391032
     29.432277     252.352101
     29.450892     254.711788
     29.465200     330.850092
     29.480198     301.933908
     29.494893     318.337207
     29.512365     300.463020
     29.528819     308.091260
     29.535228     261.610741
     29.550293     329.948936
     29.565138     330.946212
     29.584243     321.182850
     29.601421     314.042353
     29.613449     304.488516
     29.633512     351.305485
     29.649091     317.274995
     29.658648     255.072806
     29.675703     271.528671
     29.693238     271.937745
     29.705556     301.184680
     29.722624     330.944181
     29.735503     250.952870
     29.752793     300.654157
     29.763765     257.576069
     29.781634     302.013680
     29.793538     268.473496
     29.811631     269.370729
     29.824792     320.293198
     29.842886     313.831060
     29.858495     292.500158
     29.867230     249.092670
     29.886529     238.436894
     29.901124     290.957252
     29.917935     285.344817
     29.927614     289.789837
     29.948451     253.607845
     29.962869     312.941265
     29.972414     322.668407
     29.988636     339.518231
     30.000100     359.247271
     30.017737     338.181668
     30.030834     249.488494
     30.051816     332.129331
     30.062109     206.667927
     30.079014     244.844764
     30.093253     293.068472
     30.105536     283.497441
     30.129162     285.135540
     30.139593     315.910415
     30.157589     303.579607
     30.169932     321.444036
     30.188333     267.043296
     30.201088     213.759183
     30.214197     243.833915
     30.225518     325.728251
     30.243820     287.610115
     30.261911     265.158833
     30.270060     269.067378
     30.294768     268.631124
     30.302752     253.116047
     30.319740     272.475215
     30.333478     317.993242
     30.346519     308.205444
     30.363325     294.939166
     30.377479     281.833602
     30.390771     257.507792
     30.413336     285.738918
     30.425229     289.050582
     30.437918     311.998714
     30.457089     331.406335
     30.469056     261.034453
     30.482382     269.931129
     30.501743     263.322008
     30.518531     317.706920
     30.528730     345.670882
     30.545040     329.120040
     30.561390     340.526639
     30.571528     306.174162
     30.594485     317.798440
     30.606769     242.901673
     30.618188     257.406474
     30.636074     333.006157
     30.650657     292.549960
     30.662039     269.419867
     30.678765     295.557012
     30.694844     275.203030
     30.711784     301.783998
     30.729479     296.069956
     30.738687     344.259341
     30.750173     292.220027
     30.774265     245.641087
     30.784924     265.462772
     30.798911     363.727825
     30.812761     329.284148
     30.832531     282.255404
     30.843531     343.364651
     30.859923     259.199925
     30.876365     301.566049
     30.889591     295.407869
     30.908886     293.453223
     30.915477     327.567278
     30.933869     247.154015
     30.948456     281.959764
     30.964180     331.585438
     30.980835     290.025948
     30.998920     242.665876
     31.014769     300.537312
     31.020454     285.118187
     31.038250     307.638725
     31.058880     311.367350
     31.071084     300.043289
     31.080531     251.850116
     31.095505     248.507008
     31.116518     240.211488
     31.127743     288.433531
     31.144529     292.978141
     31.159486     252.182114
     31.172648     305.974466
     31.186090     311.771539
     31.209779     276.770944
     31.217349     286.559843
     31.230693     304.633950
     31.250937     294.261561
     31.265696     278.969185
     31.284354     306.395584
     31.293609     304.833452
     31.313578     267.331760
     31.320546     327.410320
     31.336213     272.860358
     31.355601     270.593883
     31.367933     314.200140
     31.388013     268.083958
     31.399536     273.397587
     31.416733     324.647343
     31.434847     284.389265
     31.445705     316.882530
     31.455410     241.904076
     31.479996     290.518421
     31.486493     249.055817
     31.507680     346.762353
     31.521038     286.274012
     31.532234     251.093808
     31.548431     362.051408
     31.562951     283.704501
     31.576588     321.350536
     31.592994     246.660518
     31.609157     305.677554
     31.629906     314.020950
     31.644308     323.007098
     31.652618     310.156161
     31.668843     309.378272
     31.683459     251.537573
     31.696284     265.572434
     31.719814     286.063061
     31.726476     260.566641
     31.745929     341.516763
     31.756487     302.327776
     31.774057     249.946568
     31.791239     332.077368
     31.807908     257.470891
     31.820376     254.060607
     31.832970     284.959886
     31.848042     289.766011
     31.867881     293.565441
     31.878613     292.744082
     31.892667     297.211615
     31.914971     273.496452
     31.922016     289.442942
     31.943562     242.510617
     31.959585     281.018969
     31.972947     334.625321
     31.986467     215.963419
     32.003457     241.381304
     32.013272     258.282332
     32.034742     264.178238
     32.041501     336.889819
     32.063430     273.796028
     32.072535     308.351624
     32.094570     292.709838
     32.105701     314.986083
     32.123606     364.683658
     32.137449     345.936533
     32.148066     329.019488
     32.164419     272.331531
     32.175800     352.262939
     32.196924     297.844814
     32.209078     315.928071
     32.229886     276.213231
     32.239450     300.006708
     32.257000     325.026832
     32.268139     333.014292
     32.280036     255.207068
     32.299505     279.208528
     32.318909     316.166973
     32.326495     299.144655
     32.340999     311.105913
     32.355986     248.077326
     32.379049     255.341048
     32.390329     301.866246
     32.401610     294.338442
     32.416810     275.611629
     32.439295     332.377908
     32.445746     283.042985
     32.462691     343.337204
     32.484372     245.614440
     32.491552     294.961560
     32.505611     236.688921
     32.529309     279.758864
     32.537275     265.756713
     32.558769     301.662844
     32.570000     282.786369
     32.583027     303.471388
     32.598159     328.896148
     32.614492     278.785704
     32.625361     262.465403
     32.647929     337.835485
     32.658189     304.454123
     32.676813     255.269879
     32.694937     279.263724
     32.704951     301.444571
     32.723048     290.103553
     32.730929     236.200493
     32.750366     301.964742
     32.766652     284.112206
     32.775087     325.903753
     32.794849     302.455794
     32.807036     300.034199
     32.825242     274.717488
     32.836999     302.669428
     32.852236     226.599607
     32.865416     321.039805
     32.888009     303.232671
     32.903194     312.316157
     32.917029     299.978513
     32.926615     314.150566
     32.941631     295.188109
     32.959075     313.705790
     32.977482     267.838387
     32.985634     276.753995
     33.002873     321.033425
     33.022839     316.626512
     33.035883     349.463024
     33.046469     271.006322
     33.060137     300.451637
     33.076412     273.660711
     33.099777     265.560948
     33.109751     233.038713
     33.124807     310.138788
     33.143606     266.320794
     33.152840     260.746067
     33.168389     289.386934
     33.188459     253.801477
     33.201485     204.626389
     33.217737     256.461630
     33.234678     222.685090
     33.245655     228.064577
     33.261294     285.769480
     33.273192     257.365003
     33.291890     223.748641
     33.306127     203.263010
     33.319756     226.523096
     33.335831     229.955468
     33.351070     257.963836
     33.365708     315.500650
     33.375855     316.445594
     33.399907     239.806416
     33.407876     266.505539
     33.429079     277.497652
     33.442477     226.680453
     33.455145     307.716525
     33.466290     285.205745
     33.483309     282.910393
     33.496453     242.052410
     33.515504     265.948218
     33.533059     255.036888
     33.549859     258.831435
     33.558643     272.607756
     33.576891     297.456595
     33.592257     310.427873
     33.600624     305.958675
     33.621101     342.754534
     33.638091     255.853683
     33.649928     248.198615
     33.665861     268.052750
     33.678284     262.432011
     33.699120     299.440533
     33.713932     314.431317
     33.720084     328.053004
     33.741963     319.380241
     33.758733     317.120235
     33.766249     276.211515
     33.787223     231.037121
     33.795925     225.347261
     33.811280     281.670532
     33.833730     327.683862
     33.843499     318.066922
     33.864522     285.578004
     33.873376     253.593737
     33.889945     279.637335
     33.909780     249.652613
     33.915036     309.069995
     33.937275     277.864021
     33.946348     285.112024
     33.963403     286.166687
     33.983727     300.134074
     33.990670     274.945650
     34.008572     264.503942
     34.022330     244.928476
     34.040066     259.567357
     34.052735     329.296493
     34.066117     309.317632
     34.086778     305.400447
     34.098474     324.632996
     34.110370     290.312650
     34.132188     261.301052
     34.144733     313.443846
     34.161539     318.490362
     34.171456     317.806395
     34.187187     274.980669
     34.208551     284.601117
     34.222606     301.395370
     34.231353     257.350256
     34.251140     279.579898
     34.264910     222.534103
     34.280048     299.048551
     34.297166     310.322738
     34.305189     224.423326
     34.329581     319.239784
     34.343944     220.220644
     34.356072     227.799290
     34.365138     233.413605
     34.382573     273.139277
     34.395895     281.162031
     34.413191     234.362482
     34.432985     257.911626
     34.444287     241.910579
     34.457378     259.056485
     34.478175     302.158285
     34.488272     342.983146
     34.502007     253.239653
     34.518225     227.932772
     34.534293     233.466511
     34.548026     246.301331
     34.566251     327.055929
     34.579576     287.274726
     34.593388     311.016082
     34.612619     289.823786
     34.621120     346.608017
     34.643626     322.574258
     34.651690     305.342716
     34.671215     273.246267
     34.681494     248.892817
     34.700170     311.488840
     34.718268     234.041018
     34.725626     267.678673
     34.748946     260.019737
     34.761582     312.443135
     34.778014     331.913385
     34.792465     274.779702
     34.807494     310.111092
     34.821705     277.715184
     34.838147     304.304719
     34.853522     250.951792
     34.865701     304.409818
     34.884662     266.025142
     34.891099     241.800751
     34.910752     274.944618
     34.927112     296.942685
     34.938304     274.547330
     34.958474     311.546785
     34.967404     330.972488
     34.984969     259.516056
     35.004807     256.884359
     35.011698     276.119998
     35.029224     320.590505
     35.045409     255.396954
     35.056904     318.254338
     35.079965     220.538547
     35.086030     281.002656
     35.105248     316.925159
     35.120374     274.175557
     35.132862     211.801386
     35.151991     239.529902
     35.164818     280.754006
     35.176877     214.201277
     35.196252     273.376008
     35.206534     254.174362
     35.222385     307.624280
     35.242732     224.767905
     35.257107     211.928138
     35.272174     291.269953
     35.289979     261.382874
     35.297556     260.588563
     35.310147     262.867855
     35.331595     241.661693
     35.349137     296.824664
     35.356056     258.819560
     35.374873     238.935593
     35.388272     180.630970
     35.403410     251.351379
     35.424888     269.765274
     35.437681     264.368946
     35.445178     286.509445
     35.460901     245.645043
     35.482249     266.197310
     35.496894     256.029332
     35.508525     297.215299
     35.520251     297.654091
     35.541699     281.029843
     35.555210     213.722952
     35.567600     236.658262
     35.582897     248.848973
     35.599546     274.079553
     35.615940     261.692252
     35.628592     272.353158
     35.643262     241.603760
     35.660389     277.448387
     35.677383     229.355685
     35.694750     267.092545
     35.704391     310.659731
     35.719265     216.602469
     35.738633     300.061401
     35.754664     284.641846
     35.766170     245.068978
     35.782341     250.347860
     35.791412     203.122763
     35.806805     236.746081
     35.822612     285.433987
     35.835358     253.478394
     35.855130     243.873692
     35.874745     283.068066
     35.886201     288.145584
     35.903424     251.558001
     35.914259     239.647131
     35.931115     278.817968
     35.941004     235.117175
     35.963908     269.963922
     35.973787     274.077942
     35.991446     261.290229
     36.007575     283.022765
     36.016198     215.847837
     36.032387     220.982501
     36.049014     252.878264
     36.069480     257.291801
     36.078292     296.722991
     36.092905     263.249380
     36.105605     268.950060
     36.129680     242.745213
     36.137377     310.167413
     36.153091     304.629204
     36.166363     257.137801
     36.183794     298.111426
     36.203630     285.736868
     36.216107     230.887848
     36.226069     278.144078
     36.241775     287.949089
     36.258217     218.124559
     36.270936     244.602218
     36.294901     301.068839
     36.302503     268.866082
     36.322471     288.018915
     36.334408     267.606105
     36.346107     305.556593
     36.368578     312.184164
     36.377722     293.894541
     36.397016     228.451192
     36.408269     295.403594
     36.421185     230.000892
     36.439167     252.320172
     36.456542     279.768682
     36.472331     227.311611
     36.488438     254.108007
     36.502804     259.489465
     36.514710     313.752310
     36.530712     236.322932
     36.545370     235.816415
     36.556619     231.886428
     36.572114     264.479334
     36.585088     273.897743
     36.609720     195.575504
     36.623168     261.532436
     36.632442     293.370661
     36.653756     259.231300
     36.661629     212.832236
     36.680374     244.989009
     36.697952     229.285718
     36.708678     243.843111
     36.728715     279.424549
     36.735697     247.936406
     36.752441     216.600941
     36.774797     284.841942
     36.788269     239.852755
     36.797236     263.268811
     36.814108     224.623482
     36.832847     224.591378
     36.844297     302.528232
     36.858442     258.416746
     36.877809     266.531832
     36.888145     286.282459
     36.900114     205.642654
     36.919342     216.169849
     36.932093     223.738981
     36.951919     229.932094
     36.966483     287.674322
     36.980106     267.217693
     36.992204     215.502600
     37.010117     288.500645
     37.029681     272.200158
     37.035727     218.331990
     37.054726     261.812311
     37.073251     257.399926
     37.089330     237.969734
     37.102251     299.251325
     37.118504     279.691819
     37.129618     199.818439
     37.142681     228.953509
     37.155742     300.192310
     37.170065     266.104741
     37.189049     292.735615
     37.204061     238.497095
     37.216634     323.767047
     37.233134     243.505295
     37.254718     292.466259
     37.261654     267.880037
     37.276904     248.122035
     37.292637     234.647497
     37.309683     254.276101
     37.321419     266.784936
     37.338624     279.195802
     37.357098     212.152159
     37.365064     300.955304
     37.381936     262.487453
     37.403301     269.880035
     37.419379     262.810603
     37.433866     245.597678
     37.442572     205.383512
     37.457640     246.794621
     37.477978     287.480107
     37.489268     225.364802
     37.507298     178.423485
     37.519793     229.288485
     37.531435     266.754845
     37.554013     257.043366
     37.565515     230.660822
     37.581628     277.224988
     37.598521     219.734129
     37.605943     216.514733
     37.621013     271.665753
     37.640981     290.572225
     37.654925     232.967181
     37.669121     236.707859
     37.689516     266.383126
     37.696689     200.365009
     37.719160     223.573523
     37.725303     256.788027
     37.743789     288.972499
     37.756124     284.195029
     37.777916     237.716308
     37.788028     252.086338
     37.804961     196.188664
     37.821666     297.445367
     37.834145     249.924821
     37.854148     218.652982
     37.868101     280.722665
     37.875886     215.273540
     37.890559     233.931501
     37.905423     263.039703
     37.922649     199.335636
     37.943621     246.677098
     37.950740     194.570566
     37.974646     244.241168
     37.985505     259.084629
     38.001778     204.027750
     38.016478     278.228724
     38.032508     232.019978
     38.047026     282.699944
     38.059710     253.909267
     38.076469     256.752560
     38.089612     215.124465
     38.109624     234.748005
     38.121814     236.040113
     38.138141     204.140932
     38.154390     182.392389
     38.168017     194.203315
     38.177116     265.941494
     38.191311     237.112874
     38.210605     212.033831
     38.225524     271.625444
     38.241266     213.831366
     38.254725     285.882263
     38.271892     272.492971
     38.284917     249.715035
     38.295307     293.226174
     38.311527     202.894415
     38.332187     225.409745
     38.340501     228.937502
     38.357609     255.859137
     38.374122     227.477078
     38.390328     245.544726
     38.408710     311.997477
     38.420954     192.192483
     38.433733     221.615651
     38.453486     235.129598
     38.460122     217.312147
     38.480767     195.888643
     38.495488     236.029740
     38.508728     241.335750
     38.522786     248.450182
     38.536257     243.436019
     38.550894     211.333568
     38.565135     248.473600
     38.587735     250.531381
     38.597230     221.554684
     38.613822     288.864572
     38.631848     250.946875
     38.649053     189.106049
     38.662345     194.045673
     38.673193     248.852496
     38.694075     281.521326
     38.705103     209.972415
     38.718403     209.926154
     38.733324     203.516359
     38.748122     265.091900
     38.763563     263.603369
     38.784612     224.452757
     38.795515     279.882140
     38.812262     232.651791
     38.820345     243.871725
     38.839374     256.008573
     38.850976     201.221973
     38.865955     214.795127
     38.881708     270.757484
     38.895375     291.614764
     38.914856     182.183796
     38.929953     230.114519
     38.948680     266.321414
     38.964845     185.349789
     38.972737     296.832730
     38.986447     218.696374
     39.001464     247.923443
     39.021679     210.256019
     39.035532     281.015103
     39.051937     239.173380
     39.061775     254.003819
     39.075537     181.206702
     39.099386     209.787637
     39.108410     196.966163
     39.127579     194.027013
     39.137929     187.877185
     39.153715     232.659799
     39.173575     200.888129
     39.187526     223.863806
     39.203950     237.631436
     39.212713     197.524182
     39.225024     195.097667
     39.248397     306.883442
     39.263375     298.323244
     39.277790     257.295649
     39.293441     240.300501
     39.301750     200.014023
     39.317200     256.334399
     39.334863     198.416257
     39.345841     251.825462
     39.368614     268.870896
     39.382832     207.128018
     39.390397     239.142831
     39.412526     255.955777
     39.427977     319.671225
     39.444920     256.503109
     39.451934     210.384313
     39.467752     202.778751
     39.485742     252.018220
     39.496682     229.563686
     39.519023     271.381427
     39.526393     282.033280
     39.543236     243.364511
     39.563388     247.202622
     39.570935     302.872627
     39.593362     239.709700
     39.608709     193.743804
     39.617515     245.016025
     39.632474     209.552202
     39.645505     229.913828
     39.662910     305.931443
     39.684874     267.395447
     39.695921     181.106167
     39.706436     204.458918
     39.724912     256.461624
     39.742850     276.528032
     39.759458     223.138356
     39.768374     284.479158
     39.783937     323.714221
     39.804627     230.401963
     39.813423     262.178832
     39.827306     284.205238
     39.846529     253.795547
     39.857955     195.627516
     39.870786     247.942081
     39.893669     310.184734
     39.905307     226.700457
     39.917703     210.406295
     39.937012     243.670611
     39.952351     252.772787
     39.965572     289.371127
     39.982329     257.409559
     39.994908     233.247323
     40.005740     313.530454
     40.021559     192.547161
     40.035342     242.980027
     40.057590     229.510101
     40.073671     205.243654
     40.087447     255.936829
     40.098292     243.836666
     40.114166     275.883895
     40.133291     224.295719
     40.142999     234.508864
     40.159160     208.339226
     40.177855     265.242868
     40.186605     306.685209
     40.200591     225.198791
     40.215792     262.613029
     40.237749     240.467968
     40.249724     244.663385
     40.268072     260.607516
     40.280879     288.555595
     40.292336     217.401367
     40.314137     314.805383
     40.325024     232.867538
     40.336294     237.387537
     40.354864     298.695114
     40.367202     279.430990
     40.380464     196.629193
     40.397096     266.842864
     40.415309     193.079202
     40.433022     210.068538
     40.444037     215.677765
     40.459744     217.351148
     40.476540     252.877714
     40.487449     239.631612
     40.501661     287.730787
     40.521100     222.531595
     40.530691     275.922210
     40.553112     272.213295
     40.564542     199.249948
     40.580835     222.778493
     40.592787     280.399735
     40.614242     235.774422
     40.621844     298.845344
     40.639229     315.900057
     40.658634     208.919479
     40.671547     228.411947
     40.685686     207.167228
     40.704700     310.165047
     40.718744     287.947985
     40.733397     250.115746
     40.743401     230.523492
     40.757357     247.259339
     40.775563     231.076511
     40.794526     191.996611
     40.802121     252.899486
     40.821211     254.207878
     40.836579     211.411088
     40.849383     263.854474
     40.869890     264.665722
     40.879981     216.028500
     40.891440     250.015144
     40.914526     252.311245
     40.929547     211.739201
     40.943233     285.787641
     40.958637     190.749196
     40.967720     234.201053
     40.989645     296.756278
     41.002544     247.660953
     41.017132     291.662196
     41.031748     273.791729
     41.049584     230.350592
     41.061323     217.001621
     41.070312     288.612820
     41.085932     207.480266
     41.107097     261.455372
     41.119116     224.244367
     41.135106     249.561484
     41.148813     298.474769
     41.164815     293.990849
     41.177229     233.650878
     41.197032     279.735771
     41.210204     233.064849
     41.226029     224.770103
     41.238611     224.133839
     41.251995     274.803104
     41.265663     209.400774
     41.283770     221.747010
     41.299741     256.868616
     41.319904     192.806156
     41.326972     299.399416
     41.347676     254.525600
     41.363849     263.210734
     41.376752     234.260067
     41.389301     276.732744
     41.405191     202.748249
     41.419329     264.069206
     41.434530     291.374979
     41.450124     222.235072
     41.462453     227.758538
     41.484111     216.478297
     41.498009     268.056782
     41.513440     287.495372
     41.527140     269.252155
     41.538653     225.989140
     41.551570     249.745568
     41.570166     239.086108
     41.586415     238.966554
     41.603817     197.496907
     41.617724     223.150655
     41.632152     249.362629
     41.649542     265.564710
     41.655615     267.246847
     41.676946     223.371430
     41.688782     267.731377
     41.709014     243.888526
     41.724295     232.631295
     41.739135     214.680410
     41.746261     254.056927
     41.767923     223.319723
     41.778352     300.371931
     41.792802     264.558070
     41.814285     216.703521
     41.827132     253.942376
     41.835031     238.411548
     41.855469     315.578232
     41.867564     213.491475
     41.882395     174.114877
