      2.003915      12.738956
      2.014446       5.667768
      2.030631     -27.747197
      2.048050      41.153182
      2.055832      33.887198
      2.071399     -19.805800
      2.085551      -4.895802
      2.107654      30.141728
      2.122651      53.198994
      2.131787      80.839213
      2.146555      45.924490
      2.166740      63.457562
      2.182596      31.164965
      2.191852      77.219844
      2.207584      55.787571
      2.226405      86.024932
      2.242223     124.607987
      2.254623     172.971720
      2.267480     184.480108
      2.282095     185.962393
      2.301209     189.048533
      2.317295     222.483732
      2.330680     329.252888
      2.348589     343.655907
      2.363127     367.991643
      2.374267     389.364460
      2.385028     404.513964
      2.405434     376.453236
      2.422122     459.297141
      2.433179     491.299919
      2.452807     447.194304
      2.468601     497.760030
      2.480986     490.268811
      2.498225     500.384507
      2.512684     542.358790
      2.520484     576.455830
      2.542598     550.440468
      2.558603     497.016389
      2.565514     520.282218
      2.581469     553.443420
      2.596365     577.355922
      2.618599     591.819963
      2.632539     542.416431
      2.640492     569.947661
      2.655089     574.143995
      2.679716     555.554425
      2.689891     653.028978
      2.704960     671.922885
      2.720137     690.908116
      2.735462     692.848207
      2.749576     634.133952
      2.765902     636.395194
      2.776126     691.783235
      2.795523     715.754737
      2.807827     759.749714
      2.821995     775.156166
      2.841423     761.780901
      2.857482     753.091277
      2.868446     843.705826
      2.880913     802.142718
      2.904190     829.714244
      2.912311     825.767133
      2.931748     926.499791
      2.947971     971.645034
      2.963930     924.508614
      2.974989     936.095443
      2.994098    1041.314928
      3.002616    1033.932531
      3.015841    1014.005959
      3.033529    1030.351187
      3.053693    1058.986828
      3.063674    1088.507093
      3.082387    1230.373650
      3.090614    1284.645730
      3.109489    1216.424054
      3.122385    1301.424672
      3.141177    1438.152772
      3.153322    1425.366351
      3.165923    1534.176783
      3.184518    1609.613198
      3.200247    1738.686627
      3.215813    1802.659820
      3.227651    1938.859212
      3.246785    2091.307121
      3.263317    2111.219970
      3.279869    2360.800370
      3.291981    2568.407435
      3.300583    2926.400857
      3.318758    3296.826583
      3.332716    3920.315149
      3.353975    4634.896125
      3.362336    4900.819095
      3.383474    4082.882998
      3.393844    2171.201474
      3.414241    1007.223968
      3.426030     690.625756
      3.442100     566.293413
      3.451788     443.273322
      3.473189     473.746129
      3.484874     396.963227
      3.500947     395.922801
      3.516211     381.154550
      3.532758     404.965112
      3.545993     321.459815
      3.563154     402.517183
      3.574935     333.685473
      3.587971     356.933156
      3.603625     276.656417
      3.620892     296.260954
      3.635084     339.975776
      3.653716     300.034464
      3.661371     335.914124
      3.684164     342.721635
      3.699756     374.718912
      3.705668     345.234567
      3.722383     355.552918
      3.741392     322.001267
      3.751385     362.965376
      3.770614     343.571117
      3.782939     240.146594
      3.797914     284.543714
      3.813848     330.276516
      3.830278     337.028267
      3.849910     340.345713
      3.856312     268.530309
      3.879066     294.680423
      3.894444     287.833232
      3.901393     404.889457
      3.920184     381.270583
      3.933055     310.565788
      3.945257     309.066739
      3.962074     339.820859
      3.975448     423.009190
      3.994535     387.476864
      4.006426     373.751857
      4.023746     394.388384
      4.037057     374.154972
      4.059152     310.840445
      4.067869     362.561994
      4.086481     352.875608
      4.103451     363.908354
      4.113530     388.061382
      4.134793     371.995584
      4.148292     395.968345
      4.164721     362.070592
      4.173439     357.405605
      4.187471     351.338042
      4.203839     358.377645
      4.223242     344.458177
      4.236468     408.111614
      4.253628     362.349680
      4.268580     412.683240
      4.276779     362.454273
      4.292907     441.552943
      4.311331     428.915269
      4.324366     387.346327
      4.338677     407.336492
      4.358391     450.988637
      4.369241     405.886697
      4.381495     484.225931
      4.395728     440.863790
      4.410173     479.252776
      4.427270     491.304626
      4.443770     538.132539
      4.458653     492.287055
      4.476182     528.976325
      4.487558     472.268060
      4.503456     479.392564
      4.518316     463.773619
      4.535483     552.802213
      4.547300     586.010022
      4.562265     615.479376
      4.581615     661.511618
      4.594573     663.303998
      4.612645     606.166648
      4.628363     668.739262
      4.638889     741.372172
      4.657093     834.348981
      4.670699     769.725489
      4.685911     870.199454
      4.698833     924.338121
      4.715165    1070.252817
      4.732075    1226.421418
      4.745921    1402.502250
      4.758806    1592.088567
      4.770513    1550.453627
      4.788680    1081.901031
      4.802314     704.833753
      4.818250     422.942336
      4.830551     385.264912
      4.853094     416.926988
      4.864929     406.251234
      4.883574     372.775725
      4.895698     386.558867
      4.905611     339.722037
      4.926763     397.208656
      4.937282     386.928319
      4.959980     414.875764
      4.973907     445.998342
      4.984087     418.314173
      4.997935     417.562960
      5.018499     451.658086
      5.032335     449.989678
      5.049380     380.770709
      5.062025     423.020586
      5.072329     454.531351
      5.094798     417.279283
      5.108454     461.735748
      5.124495     383.324716
      5.135756     372.151489
      5.152430     394.624973
      5.169269     474.879282
      5.181444     366.104579
      5.195547     414.218970
      5.212495     490.893587
      5.229395     481.729370
      5.242266     371.270965
      5.257501     421.443042
      5.274617     407.138874
      5.287321     481.656476
      5.299858     552.342373
      5.311426     502.850010
      5.332708     464.157493
      5.346476     532.252285
      5.357330     443.487357
      5.373216     513.459960
      5.385333     506.880498
      5.401742     536.570525
      5.421430     551.726952
      5.439007     515.172750
      5.447167     579.366050
      5.464071     633.329021
      5.479241     587.856512
      5.494248     569.604301
      5.506896     594.486190
      5.527436     649.489441
      5.537991     660.711639
      5.552696     735.626323
      5.569624     684.093425
      5.588386     807.618670
      5.601842     746.808526
      5.615503     825.558196
      5.631351     803.701341
      5.640961     878.091258
      5.659231     918.624632
      5.672379    1063.963406
      5.687072    1005.210597
      5.707926    1052.843090
      5.722414    1204.524287
      5.733133    1243.212362
      5.751053    1419.660721
      5.761678    1459.628858
      5.776107    1687.112490
      5.794589    1883.445299
      5.807682    2397.333357
      5.820366    2849.181397
      5.841546    3016.163847
      5.850256    2455.836308
      5.866493    1624.484079
      5.886072     893.421068
      5.896014     618.303102
      5.914026     464.894566
      5.927787     435.252071
      5.948628     376.038221
      5.962581     392.717599
      5.972815     427.904873
      5.989464     399.108280
      6.009669     389.923965
      6.021379     383.571660
      6.034340     404.410854
      6.050800     386.111433
      6.066415     397.957621
      6.077195     386.026965
      6.094310     349.973926
      6.106072     357.578945
      6.121066     424.398480
      6.139243     428.473246
      6.159033     433.346841
      6.174472     453.291170
      6.182189     361.047326
      6.199583     434.748277
      6.211626     442.666403
      6.234795     405.329738
      6.247433     313.961991
      6.256139     373.971509
      6.278328     413.977217
      6.286315     462.694446
      6.309348     425.667111
      6.320439     450.068634
      6.335204     410.572138
      6.352314     420.734244
      6.369771     414.104132
      6.379916     461.186044
      6.390358     437.527852
      6.412532     364.473156
      6.420482     414.126345
      6.439990     456.817642
      6.454273     476.075251
      6.474336     410.737361
      6.486226     480.639667
      6.495675     406.251569
      6.515332     431.997078
      6.533763     424.381484
      6.544430     518.717068
      6.558069     469.567263
      6.577472     498.278591
      6.586330     494.770826
      6.605159     519.060462
      6.616153     516.223429
      6.630624     524.803033
      6.649850     559.587274
      6.663402     662.060667
      6.679965     662.992027
      6.699664     739.801079
      6.713739     795.087629
      6.722310     935.149216
      6.737455    1085.756220
      6.757503    1065.982794
      6.765856     857.695976
      6.786247     539.537692
      6.795377     475.084308
      6.817638     437.099988
      6.828957     355.862559
      6.841921     444.653156
      6.861535     441.189187
      6.872387     399.945622
      6.886160     439.141337
      6.908332     367.362155
      6.919572     390.408128
      6.932262     444.065969
      6.947983     432.750793
      6.964356     417.121300
      6.977095     380.262813
      6.994206     423.959245
      7.005044     435.607299
      7.027460     379.254584
      7.044059     403.179797
      7.056043     425.506875
      7.065219     397.832749
      7.081044     388.651818
      7.103684     410.440431
      7.117844     388.780150
      7.126351     483.947379
      7.147371     422.380391
      7.157937     425.535795
      7.173172     425.653554
      7.192779     396.836714
      7.209926     442.954007
      7.218562     445.930431
      7.239757     431.579153
      7.245009     507.964001
      7.265134     433.718307
      7.284477     483.785264
      7.299489     504.852938
      7.310408     513.730508
      7.326019     493.439475
      7.336029     577.646805
      7.351184     647.608978
      7.365357     621.473491
      7.389484     586.790450
      7.401816     671.279631
      7.416978     679.267696
      7.431331     759.746128
      7.442873     727.721210
      7.463971     823.339281
      7.470919     902.917067
      7.486749    1009.989784
      7.502182    1061.370688
      7.519038    1309.314199
      7.530880    1368.547622
      7.554297    1478.378138
      7.568647    1268.466987
      7.584538     956.115016
      7.597939     582.233333
      7.608222     474.939975
      7.629614     434.548215
      7.639957     409.192039
      7.656264     427.333435
      7.666596     412.608834
      7.684533     476.645935
      7.695614     435.771715
      7.717990     453.571711
      7.732117     418.407918
      7.747162     514.912578
      7.759384     467.852983
      7.772079     498.955174
      7.785722     456.883315
      7.809398     476.458274
      7.819177     502.399553
      7.836398     570.550853
      7.850325     481.112250
      7.868926     496.895589
      7.875353     535.353886
      7.896517     494.085603
      7.909734     554.717155
      7.927289     528.066358
      7.943481     514.227429
      7.953329     518.870931
      7.974530     537.810605
      7.983778     580.053769
      8.003753     611.379159
      8.010125     587.938947
      8.028639     619.952280
      8.047825     625.764438
      8.055213     685.353406
      8.077849     680.658546
      8.087969     690.707172
      8.104393     790.846095
      8.118150     839.904391
      8.137594     828.762173
      8.152905     923.024864
      8.165600    1035.971053
      8.184846    1065.432277
      8.194115    1248.672046
      8.212392    1314.502259
      8.220643    1559.421308
      8.243692    1812.931210
      8.250856    2064.861622
      8.274307    2223.295938
      8.287624    1907.016226
      8.296251    1304.434125
      8.315554     839.727508
      8.325754     598.431389
      8.342711     439.946302
      8.356746     478.056035
      8.373541     428.968860
      8.393710     403.719909
      8.409006     409.649549
      8.420272     339.190517
      8.435953     392.178401
      8.451906     435.025968
      8.460954     407.327667
      8.475340     312.207131
      8.492946     406.378165
      8.514051     387.303709
      8.523954     348.891247
      8.535727     425.678925
      8.550498     382.200819
      8.566040     350.279256
      8.588228     336.571989
      8.604902     339.074853
      8.612582     316.337003
      8.633864     421.310600
      8.645019     384.457606
      8.664265     366.749342
      8.673423     416.149787
      8.692920     327.774806
      8.705809     386.287745
      8.718811     348.423814
      8.734144     346.355336
      8.754287     391.528205
      8.768073     404.599761
      8.776761     382.911781
      8.793441     358.594753
      8.806631     335.461897
      8.826098     370.210302
      8.839173     397.003564
      8.857893     420.364968
      8.868236     429.651416
      8.889022     374.349421
      8.896510     482.135570
      8.913885     520.033729
      8.928899     536.193339
      8.943609     510.940414
      8.955945     376.695094
      8.979326     448.383576
      8.992405     368.527723
      9.001788     404.743750
      9.019377     366.395972
      9.036336     337.309200
      9.052213     321.508404
      9.064458     321.363168
      9.084998     338.954129
      9.091305     323.867540
      9.107732     325.962365
      9.126912     312.881173
      9.135975     298.174363
      9.153229     397.793032
      9.173185     349.397435
      9.183454     408.092393
      9.196643     360.859760
      9.214603     361.208057
      9.229110     326.833023
      9.246112     341.081071
      9.264784     358.338423
      9.278316     322.283304
      9.289330     355.267644
      9.305912     341.748268
      9.322680     341.763912
      9.339219     337.361031
      9.350110     409.408602
      9.369694     366.114182
      9.382284     377.245984
      9.396486     312.730190
      9.406292     297.144617
      9.422363     357.267189
      9.436049     344.272071
      9.450287     300.105415
      9.466428     301.440753
      9.484775     325.124107
      9.503803     377.390620
      9.511680     392.152715
      9.528014     379.457333
      9.548035     323.329358
      9.559343     360.984363
      9.579697     434.006912
      9.589388     351.650885
      9.608966     418.376892
      9.619418     438.121435
      9.638601     367.225721
      9.654117     372.683454
      9.664235     398.476666
      9.676113     392.131290
      9.697187     351.841126
      9.705657     388.175366
      9.729734     357.077417
      9.737077     383.496481
      9.755101     386.733767
      9.774262     367.350017
      9.786841     323.893706
      9.802594     407.243993
      9.811728     420.288957
      9.831410     364.342432
      9.846843     412.059659
      9.860987     413.884407
      9.872674     360.529184
      9.893057     399.864371
      9.903617     424.811706
      9.915646     431.192723
      9.937538     425.045205
      9.948297     444.650208
      9.966308     409.290641
      9.977670     383.376829
      9.991441     388.099621
     10.013492     418.615209
     10.020047     471.071882
     10.043891     437.892380
     10.052072     450.803325
     10.072265     508.753207
     10.080184     491.265739
     10.097585     570.939297
     10.113091     663.898708
     10.126133     708.210736
     10.146681     665.001348
     10.159507     560.416667
     10.178405     506.825732
     10.190404     449.282905
     10.202237     438.465819
     10.223134     348.718171
     10.234287     371.072976
     10.251172     401.734042
     10.265177     360.050350
     10.277951     328.835905
     10.298142     350.389119
     10.309177     432.267229
     10.324426     338.495050
     10.342308     384.452034
     10.351981     354.370083
     10.371808     367.171121
     10.385591     410.747863
     10.395213     394.935541
     10.416321     436.325785
     10.433990     406.092524
     10.442661     384.600354
     10.464671     365.033414
     10.476612     406.287307
     10.487370     438.882220
     10.509185     319.913924
     10.522787     393.588461
     10.537960     427.342889
     10.548429     400.683442
     10.569607     383.558154
     10.582535     397.822045
     10.595639     370.305289
     10.613187     399.837831
     10.629973     389.191398
     10.641038     458.125091
     10.657052     472.889919
     10.665786     465.627610
     10.686284     454.039990
     10.699127     431.916628
     10.711959     386.174566
     10.728888     436.129322
     10.744939     434.062331
     10.755977     406.698966
     10.772452     381.613327
     10.786940     378.074900
     10.808456     436.099411
     10.824981     379.060910
     10.831784     379.078454
     10.846296     450.993729
     10.869795     437.679770
     10.875139     342.715086
     10.897337     441.581355
     10.907058     399.381357
     10.925037     395.742692
     10.939411     462.415222
     10.951500     464.927238
     10.967945     468.970192
     10.984480     453.832172
     10.997789     467.536409
     11.016002     528.242646
     11.027516     477.955447
     11.047363     545.079230
     11.061827     485.468524
     11.072385     535.079004
     11.087070     567.269413
     11.109019     550.557077
     11.117270     644.736693
     11.135742     656.232360
     11.149950     769.229604
     11.166528     785.989861
     11.181250     856.524384
     11.192647     899.371992
     11.214889     984.042253
     11.228362     942.069384
     11.237501     777.617289
     11.252710     630.967976
     11.269753     519.228038
     11.281835     454.790615
     11.300264     434.543608
     11.312526     432.190895
     11.331728     401.065543
     11.347879     374.350179
     11.357280     390.959341
     11.372414     444.108390
     11.386835     378.957695
     11.404075     439.303145
     11.416848     465.211599
     11.433761     397.019940
     11.450767     437.077294
     11.464622     406.262483
     11.477474     468.906538
     11.497584     426.858416
     11.505598     382.750361
     11.528217     421.885683
     11.543738     419.295386
     11.550830     438.244958
     11.566680     422.863377
     11.589148     450.512495
     11.603960     457.391424
     11.612454     528.158691
     11.633516     530.636716
     11.643082     460.650017
     11.662491     530.123222
     11.676146     577.205932
     11.694957     664.145399
     11.708188     602.702150
     11.719992     656.674664
     11.736945     539.700794
     11.754668     548.723112
     11.763677     462.338696
     11.781606     404.269256
     11.791659     461.581066
     11.806065     401.692723
     11.821703     442.179461
     11.835253     493.727199
     11.851495     437.882635
     11.865426     449.736030
     11.889361     407.485042
     11.895359     483.920413
     11.917609     448.273789
     11.929024     483.057657
     11.944661     445.672404
     11.960820     418.289787
     11.977226     483.108854
     11.993051     453.438533
     12.004785     525.816350
     12.024988     533.058948
     12.033935     517.576987
     12.047550     546.227321
     12.060940     600.535116
     12.078239     611.104783
     12.090089     609.139143
     12.107834     681.378816
     12.128968     753.299628
     12.139567     847.028255
     12.158916     987.176110
     12.167321    1042.333338
     12.186698    1099.314033
     12.204429    1109.697388
     12.211564     966.271204
     12.226865     726.025884
     12.247068     559.171047
     12.259576     537.254988
     12.278905     414.931744
     12.292160     343.423005
     12.307418     378.594195
     12.324898     397.165472
     12.333621     414.550830
     12.347764     455.928399
     12.362064     389.575056
     12.381886     369.352649
     12.398453     432.258398
     12.409613     380.764174
     12.420690     442.692769
     12.439878     361.191342
     12.455248     335.773361
     12.466564     429.296787
     12.489841     356.509219
     12.495892     369.945404
     12.513955     409.406550
     12.531259     373.743431
     12.543181     339.078683
     12.563699     396.753833
     12.578784     364.641655
     12.585927     369.884187
     12.605706     404.340522
     12.624656     419.820942
     12.637522     392.250593
     12.648575     374.420308
     12.662673     434.590526
     12.683335     386.059639
     12.694923     366.848930
     12.713417     414.446379
     12.728196     433.280327
     12.738857     375.914379
     12.757804     313.338866
     12.770162     364.305242
     12.781940     380.128210
     12.804563     371.807774
     12.817204     334.631069
     12.826067     346.591719
     12.847570     394.424532
     12.855661     422.738912
     12.870905     350.251016
     12.889551     366.355085
     12.901707     362.335913
     12.924905     379.694434
     12.934897     369.969004
     12.947613     420.641811
     12.960910     368.939749
     12.979398     460.344641
     12.994089     440.997276
     13.011832     417.873164
     13.025234     413.201012
     13.037950     428.990383
     13.052298     475.411187
     13.071412     503.801839
     13.082849     443.397767
     13.097140     526.236331
     13.118708     517.506954
     13.129488     549.999323
     13.141146     442.534049
     13.163609     430.159954
     13.170954     464.269167
     13.186078     390.426884
     13.201179     448.348084
     13.217226     441.339179
     13.236134     515.077604
     13.247250     430.710164
     13.267236     404.627528
     13.275585     435.207474
     13.297760     427.022128
     13.309614     471.449634
     13.320353     498.300848
     13.339429     499.679822
     13.351871     524.413140
     13.367443     531.484401
     13.381822     549.236865
     13.398048     570.707503
     13.418431     565.334271
     13.425415     585.103395
     13.441092     682.419387
     13.462171     698.488994
     13.474034     718.111281
     13.485415     834.300640
     13.509884     903.942357
     13.515521     904.882041
     13.532654    1029.245360
     13.552117     939.114608
     13.565886     800.299191
     13.577312     664.435334
     13.597396     559.403429
     13.610157     439.236164
     13.625944     378.116400
     13.640637     366.924782
     13.652612     407.269616
     13.666729     431.490915
     13.680692     463.840850
     13.700435     491.193783
     13.713671     462.799957
     13.725633     475.205464
     13.745332     425.693116
     13.760492     411.390511
     13.779827     440.028117
     13.788255     472.136610
     13.806767     392.927067
     13.820045     416.845588
     13.833503     404.290750
     13.848209     455.392768
     13.862280     503.798678
     13.878719     594.997917
     13.899665     576.133762
     13.905927     680.613091
     13.921582     670.152162
     13.935495     716.025056
     13.959361     742.017196
     13.967958     633.478158
     13.989030     615.247105
     14.000081     502.288298
     14.014823     407.971929
     14.028088     419.815038
     14.044148     458.241827
     14.064663     444.650954
     14.075161     401.890502
     14.089854     377.103907
     14.108628     403.822404
     14.124935     440.709866
     14.138688     334.757471
     14.148935     383.717232
     14.164872     422.654622
     14.176824     432.147977
     14.191801     422.549367
     14.205568     431.822905
     14.227911     449.005976
     14.242028     499.691710
     14.255235     417.080854
     14.273668     473.473374
     14.283715     476.187214
     14.297085     515.155928
     14.318505     593.504047
     14.325406     561.555010
     14.341298     590.843468
     14.359820     652.477039
     14.376160     711.071405
     14.394453     564.592967
     14.407134     514.580848
     14.424283     383.775070
     14.438426     427.351288
     14.447396     472.934593
     14.460276     437.608980
     14.475768     395.580811
     14.494442     431.666602
     14.508716     413.631149
     14.526647     351.334669
     14.544460     432.903818
     14.552061     419.285732
     14.574664     408.512148
     14.589618     402.851291
     14.599351     413.811198
     14.618555     423.920102
     14.632436     463.539764
     14.641223     416.905973
     14.655964     501.364566
     14.678277     484.781518
     14.694864     565.006408
     14.705012     582.881429
     14.722050     593.705987
     14.733750     701.086212
     14.751692     737.245575
     14.762510     712.100856
     14.784792     649.813118
     14.797600     505.617120
     14.813934     467.526992
     14.821717     451.823419
     14.842060     341.140725
     14.852919     359.821349
     14.871635     331.766990
     14.887783     389.613874
     14.895266     392.182253
     14.915618     316.895811
     14.931125     404.623407
     14.945272     351.217317
     14.955482     385.810797
     14.979816     412.676331
     14.986873     377.089965
     15.002243     358.495912
     15.020209     323.614840
     15.030587     322.890431
     15.050535     370.041254
     15.065167     370.988752
     15.078433     332.650197
     15.096030     432.199500
     15.113093     387.201906
     15.127951     388.695589
     15.138277     460.086633
     15.158056     442.613783
     15.173003     342.923642
     15.187035     388.457623
     15.199332     354.729329
     15.215843     396.728522
     15.230300     337.982559
     15.245246     362.782474
     15.256135     388.636153
     15.275436     378.692259
     15.293318     364.827697
     15.306004     351.325261
     15.321496     310.046044
     15.333587     372.908403
     15.352678     374.250017
     15.365211     348.951184
     15.384729     389.352619
     15.391976     333.811447
     15.409335     382.371530
     15.424144     402.054470
     15.443770     389.540683
     15.459133     417.083773
     15.472533     485.617236
     15.485225     481.777716
     15.498426     463.611266
     15.516766     486.704683
     15.528613     519.617300
     15.546615     427.705432
     15.555976     438.457743
     15.573754     399.335168
     15.585233     358.256981
     15.600091     334.914128
     15.623226     356.424817
     15.633729     336.011046
     15.652372     340.565953
     15.667371     419.192948
     15.675034     411.742607
     15.697042     441.002551
     15.711258     423.322125
     15.723676     476.200675
     15.736724     418.204666
     15.759724     410.181096
     15.766951     504.792538
     15.789123     493.306523
     15.804059     578.485769
     15.812804     562.751556
     15.825524     594.116886
     15.843864     643.132967
     15.858117     680.152151
     15.877759     708.013319
     15.888291     783.935733
     15.901120     746.070078
     15.921528     596.019367
     15.933518     551.964257
     15.948481     400.099718
     15.961932     404.925447
     15.978628     339.050844
     15.999842     324.631808
     16.005599     310.012658
     16.021747     338.445255
     16.036146     377.262482
     16.055686     289.335215
     16.066889     381.550331
     16.082544     281.497970
     16.100766     318.161618
     16.110524     337.480966
     16.134936     336.493590
     16.148303     274.236793
     16.158572     377.859512
     16.178902     317.251056
     16.185906     392.080715
     16.200524     296.387394
     16.220885     308.438769
     16.233312     328.240746
     16.250576     328.118043
     16.268434     346.449334
     16.283612     317.008958
     16.292251     345.041773
     16.305684     364.084880
     16.320207     362.386045
     16.344476     280.272625
     16.353865     293.167333
     16.374600     373.673399
     16.384156     346.663396
     16.402325     332.074653
     16.411733     313.699153
     16.425141     321.651720
     16.447474     362.019993
     16.464375     361.546664
     16.479025     348.463879
     16.491331     421.983913
     16.503518     354.738760
     16.516622     420.337963
     16.531305     423.473092
     16.549524     537.914563
     16.564217     507.615177
     16.578032     538.806149
     16.596512     624.863853
     16.610979     540.048196
     16.629282     583.491789
     16.636420     420.313607
     16.659541     458.523260
     16.674674     346.630894
     16.682190     350.600871
     16.702646     394.091332
     16.713905     332.048287
     16.725257     321.663488
     16.747593     365.812592
     16.760847     339.233157
     16.770288     284.581876
     16.788452     389.902585
     16.806942     318.220243
     16.817276     318.631195
     16.836703     340.940104
     16.850662     442.679073
     16.866145     373.760945
     16.881990     452.769715
     16.890815     459.950296
     16.905508     474.744871
     16.926710     511.692967
     16.938678     471.037357
     16.958520     511.112424
     16.968116     468.710921
     16.989695     462.459107
     17.004028     335.319452
     17.019864     297.085887
     17.031722     266.261693
     17.045654     315.446301
     17.062339     376.672132
     17.074349     268.970899
     17.086905     264.025107
     17.107380     341.301506
     17.119533     311.298500
     17.131267     258.166773
     17.145862     260.350943
     17.168699     346.210877
     17.180213     342.180072
     17.199369     284.250806
     17.206139     301.039473
     17.220309     289.039342
     17.242150     307.240077
     17.251623     342.540957
     17.269106     331.943004
     17.288613     271.429676
     17.296892     334.572365
     17.310402     280.774061
     17.331951     320.094508
     17.340505     351.001747
     17.360676     375.819143
     17.379406     373.467041
     17.392966     291.256141
     17.403255     306.788992
     17.416164     337.010440
     17.438502     298.348961
     17.454531     310.327339
     17.464336     305.287874
     17.480375     317.760687
     17.490132     378.575437
     17.508852     318.130320
     17.529296     382.918947
     17.544794     376.296966
     17.551361     383.414706
     17.569056     377.798528
     17.586031     442.865105
     17.604837     439.711600
     17.613680     447.288497
     17.625984     401.447404
     17.645681     389.472498
     17.659426     375.400646
     17.674791     343.466139
     17.694899     273.483939
     17.707899     281.770825
     17.717672     329.411616
     17.730429     282.465037
     17.752652     277.017677
     17.768459     285.933971
     17.780667     282.065274
     17.790718     297.629834
     17.813928     296.246664
     17.825904     319.648962
     17.839288     304.915902
     17.854273     380.676504
     17.865320     309.776643
     17.887714     390.533354
     17.900274     387.456374
     17.913682     368.449034
     17.931142     378.344705
     17.947190     427.061949
     17.961656     327.721096
     17.977470     357.456050
     17.987966     331.191739
     18.006328     292.931425
     18.019876     344.988104
     18.033658     305.426767
     18.047792     324.372823
     18.062026     296.653229
     18.079586     312.831760
     18.097182     270.208848
     18.111502     278.524420
     18.125065     247.903125
     18.137009     260.325948
     18.157673     252.348290
     18.166375     295.890289
     18.180021     324.469506
     18.199290     293.524151
     18.215440     278.069397
     18.233146     329.065095
     18.240948     267.749990
     18.255936     313.016513
     18.270755     283.761349
     18.285462     319.332412
     18.305737     312.526776
     18.315696     305.914280
     18.332138     324.860790
     18.347278     320.228949
     18.361317     313.350678
     18.381131     250.232662
     18.391933     250.340964
     18.411216     340.571897
     18.429534     356.546214
     18.437126     230.456087
     18.453109     280.981372
     18.466468     225.183794
     18.484055     305.131843
     18.504825     251.090197
     18.514397     335.591688
     18.529448     283.481335
     18.546792     352.729641
     18.563518     273.016700
     18.577701     265.701543
     18.588326     321.652824
     18.602939     310.477567
     18.616432     305.202531
     18.637944     268.882879
     18.647036     270.292072
     18.662333     293.415091
     18.676525     333.572630
     18.694061     324.809580
     18.710911     327.031084
     18.728837     331.574551
     18.741664     315.094525
     18.759169     318.656949
     18.766836     387.780474
     18.782669     348.888650
     18.798050     360.527961
     18.818351     332.918864
     18.828246     393.977258
     18.842756     441.064864
     18.864402     485.681821
     18.876895     501.975029
     18.889048     471.524643
     18.903682     405.580614
     18.916723     357.801021
     18.932132     333.958425
     18.953303     320.010450
     18.969613     245.473363
     18.981623     281.769425
     18.994741     287.852792
     19.009491     269.512800
     19.027717     345.249598
     19.038474     348.091367
     19.054000     342.486450
     19.069651     316.472284
     19.087397     299.140142
     19.102049     292.979308
     19.112363     327.417894
     19.129343     379.261757
     19.145422     343.388071
     19.161067     329.401750
     19.174835     345.773625
     19.193773     328.821850
     19.202214     339.265598
     19.223003     344.515349
     19.235555     290.661657
     19.246642     309.451336
     19.268477     350.722391
     19.276009     371.882107
     19.298129     316.189388
     19.313932     314.965421
     19.324406     358.642733
     19.340190     366.003704
     19.352865     352.261435
     19.374666     352.035497
     19.382757     296.872374
     19.403945     313.548724
     19.411165     394.827852
     19.428045     366.237861
     19.441242     470.425233
     19.462821     351.739754
     19.475911     390.193496
     19.490199     488.415207
     19.502115     514.959550
     19.519204     360.654787
     19.533401     360.093516
     19.550307     321.787008
     19.568133     294.125717
     19.578718     318.960428
     19.591095     264.667438
     19.612994     386.238306
     19.626913     382.787343
     19.636604     347.924707
     19.653906     340.652166
     19.668270     346.214231
     19.683036     272.106150
     19.700295     291.635641
     19.713789     339.914903
     19.730342     274.449095
     19.746824     283.779087
     19.760996     353.346949
     19.770831     269.865187
     19.788374     316.511572
     19.809488     298.873891
     19.817400     330.045526
     19.836577     323.341577
     19.850157     289.764962
     19.866783     307.994017
     19.881036     289.696590
     19.899542     298.126765
     19.913014     364.478379
     19.928528     283.740497
     19.935938     357.080327
     19.957422     292.817618
     19.965474     337.695715
     19.985780     363.774058
     20.003463     335.407164
     20.017892     309.247399
     20.027512     398.331030
     20.040215     343.485049
     20.061491     335.411037
     20.075196     372.736316
     20.092989     491.523183
     20.102503     446.564890
     20.123018     401.337663
     20.136038     376.564748
     20.149073     299.385446
     20.162451     305.535253
     20.184815     298.984488
     20.197165     371.605987
     20.213548     358.262864
     20.221981     324.941378
     20.239322     290.432293
     20.251822     349.939318
     20.272746     323.474838
     20.284568     327.761499
     20.295036     316.050698
     20.319567     347.774963
     20.332472     334.813177
     20.342120     364.800306
     20.361820     351.257987
     20.377961     404.010789
     20.386172     385.565064
     20.408660     380.683554
     20.424706     348.580875
     20.439927     294.386318
     20.445626     288.684433
     20.468415     271.382572
     20.482836     360.181401
     20.494468     353.233541
     20.506037     377.626155
     20.528449     389.228632
     20.542503     296.078422
     20.554892     326.106898
     20.568429     339.864973
     20.587141     399.873085
     20.597855     408.532417
     20.614248     351.198929
     20.627942     357.884639
     20.645693     381.890772
     20.661704     455.654468
     20.679837     424.908462
     20.693184     417.588145
     20.707369     385.674402
     20.722725     328.601070
     20.739007     317.541226
     20.749604     296.811807
     20.769954     330.366761
     20.776077     384.901702
     20.791777     390.161179
     20.806297     369.481583
     20.827618     406.224557
     20.843749     395.192669
     20.856391     425.270575
     20.867755     396.832800
     20.886601     407.681924
     20.897292     447.425040
     20.916680     500.280492
     20.927962     478.325146
     20.943699     516.408327
     20.960508     392.537308
     20.977638     346.329819
     20.993736     377.577742
     21.009422     362.732862
     21.016696     345.048931
     21.033628     356.552712
     21.048396     288.781264
     21.067706     279.942209
     21.081635     262.849228
     21.094821     309.823502
     21.109918     379.364077
     21.124511     296.043953
     21.136935     333.861799
     21.155916     286.076310
     21.165451     361.341134
     21.183917     352.459107
     21.197740     286.054969
     21.210408     378.345031
     21.233872     287.238421
     21.242310     284.411158
     21.256520     326.233946
     21.272339     302.769572
     21.293974     259.965291
     21.300044     304.426113
     21.324015     338.672748
     21.331685     389.137631
     21.347392     354.323962
     21.369559     385.299448
     21.384542     372.256399
     21.399374     324.190128
     21.409076     368.712210
     21.423822     375.341841
     21.440111     398.751145
     21.455631     400.247469
     21.468954     422.806615
     21.484471     435.139793
     21.500819     412.018708
     21.514156     412.668829
     21.534037     339.855735
     21.543991     337.202708
     21.562647     311.882095
     21.579057     278.838983
     21.587341     343.085047
     21.606714     347.346522
     21.616090     347.786230
     21.637514     317.865769
     21.646840     355.416960
     21.663844     369.298497
     21.676467     373.955703
     21.698189     295.242693
     21.712666     383.696576
     21.726068     390.324282
     21.735092     349.438227
     21.751174     386.779046
     21.765236     384.395931
     21.783100     315.642233
     21.798495     316.874369
     21.815051     376.772855
     21.828953     294.773827
     21.849899     355.970863
     21.862539     343.232781
     21.874397     362.014804
     21.887366     347.005167
     21.909797     284.941008
     21.922704     310.177091
     21.937665     347.830510
     21.947946     387.878158
     21.960270     307.721698
     21.983179     378.021278
     21.990732     331.704465
     22.010260     337.041683
     22.027765     399.397431
     22.040876     316.746122
     22.058183     365.082465
     22.071817     383.806225
     22.086425     325.458780
     22.095138     345.224035
     22.112657     348.422003
     22.128406     364.234372
     22.145311     269.031733
     22.164954     283.029707
     22.172264     352.114809
     22.185104     374.509713
     22.206260     401.562008
     22.215640     438.069605
     22.230747     420.302377
     22.246290     425.555193
     22.265542     464.974111
     22.277037     390.419696
     22.294045     409.475202
     22.309006     448.828392
     22.328450     377.485878
     22.337590     373.437589
     22.355780     349.199777
     22.366134     346.757103
     22.389990     375.263858
     22.404540     377.798413
     22.417877     299.875598
     22.429884     361.588895
     22.441149     330.138802
     22.463254     325.865714
     22.470993     338.900891
     22.490688     369.456074
     22.503215     308.324953
     22.515787     291.208101
     22.536319     367.734042
     22.549843     309.370995
     22.560175     375.121690
     22.575483     355.132783
     22.593624     307.399725
     22.614148     353.216153
     22.629407     377.295592
     22.641941     303.795419
     22.657522     281.863849
     22.667220     341.584044
     22.685663     264.657454
     22.703181     306.815715
     22.712969     333.057792
     22.731532     372.356803
     22.746339     369.805196
     22.759941     353.499038
     22.779721     358.069316
     22.787550     369.648367
     22.803866     330.848175
     22.824241     376.186010
     22.833227     324.165917
     22.846532     383.328617
     22.862985     291.287682
     22.876283     317.467897
     22.899226     323.277208
     22.910005     353.605300
     22.922961     365.732966
     22.941259     322.339095
     22.956440     321.773253
     22.972526     318.722075
     22.986493     302.659137
     23.002915     224.567560
     23.014273     251.515004
     23.025585     307.021401
     23.047018     241.251489
     23.055670     286.990240
     23.075558     277.291510
     23.090972     329.056939
     23.101480     295.114347
     23.121303     290.986776
     23.135363     250.188539
     23.150091     291.453213
     23.166256     284.063617
     23.180861     301.391652
     23.196193     349.891846
     23.213815     285.825203
     23.225788     308.841383
     23.235122     313.278978
     23.255983     342.386263
     23.271064     362.604709
     23.289743     299.184897
     23.303192     350.262707
     23.313955     384.104366
     23.328102     308.428301
     23.345215     324.456890
     23.359694     273.420244
     23.377738     357.045367
     23.392062     310.678391
     23.400818     332.464170
     23.423937     300.820613
     23.431282     343.282857
     23.451440     312.358404
     23.466704     329.020764
     23.478846     296.135748
     23.495454     295.282465
     23.508897     355.602158
     23.523724     308.243857
     23.536683     431.474722
     23.559509     353.509812
     23.568211     406.390092
     23.587850     398.106368
     23.595919     414.269810
     23.614469     322.581809
     23.626102     373.468103
     23.643205     369.028196
     23.658018     314.402054
     23.672004     296.184290
     23.694347     293.252297
     23.707135     313.471857
     23.723415     309.892607
     23.737696     335.514992
     23.752561     291.992998
     23.767869     278.042970
     23.778232     342.322611
     23.798290     318.413295
     23.812758     316.747378
     23.827017     376.798638
     23.837604     319.843729
     23.856370     267.340356
     23.871781     325.488884
     23.882094     323.261606
     23.896459     375.594764
     23.915332     365.810723
     23.926220     350.230609
     23.945518     268.065042
     23.963200     317.351738
     23.979158     339.099909
     23.991311     352.036623
     24.005501     334.720301
     24.023958     339.801653
     24.033546     306.586665
     24.045115     377.019575
     24.067408     364.616279
     24.079597     313.018005
     24.098888     327.638961
     24.108152     316.146112
     24.123081     285.361747
     24.140247     271.417971
     24.154621     342.208261
     24.167115     242.858018
     24.181088     339.231778
     24.204687     250.592931
     24.219453     248.359584
     24.226653     273.539346
     24.249208     318.512520
     24.263075     262.521112
     24.276635     336.154009
     24.289419     335.900484
     24.303287     277.463795
     24.323414     261.918489
     24.339561     336.646815
     24.353973     332.520279
     24.366254     260.716590
     24.382805     289.220893
     24.398145     260.499299
     24.411547     272.020714
     24.424054     295.532141
     24.439418     294.294617
     24.458285     298.640071
     24.470313     362.409583
     24.481433     285.950164
     24.501348     377.194290
     24.513950     352.548746
     24.534698     319.737929
     24.542320     352.040777
     24.557003     307.575300
     24.575278     280.595246
     24.592291     268.353376
     24.606674     267.486007
     24.623368     255.841000
     24.634236     265.072933
     24.651339     231.489785
     24.660095     331.257228
     24.681666     328.994526
     24.694657     301.202088
     24.708170     357.620411
     24.720944     377.587970
     24.737440     277.880001
     24.754410     285.793251
     24.773141     244.823116
     24.786859     330.229551
     24.802761     296.295311
     24.814501     317.737669
     24.831204     335.057135
     24.840417     306.725522
     24.863389     324.230340
     24.877867     329.774790
     24.892307     297.545151
     24.909435     346.500294
     24.918419     359.480407
     24.938986     324.162757
     24.946315     378.367400
     24.969960     341.083650
     24.977181     367.053544
     24.993262     372.815906
     25.012482     359.870708
     25.025681     458.422497
     25.043123     376.276826
     25.050193     366.881639
     25.067356     389.980151
     25.086687     432.997831
     25.103214     304.903635
     25.110897     372.138814
     25.134130     347.471299
     25.141018     345.479396
     25.162986     314.820682
     25.174639     347.632466
     25.186214     335.272575
     25.203446     399.903843
     25.215148     394.043028
     25.232514     354.432426
     25.248841     397.252891
     25.263242     380.615395
     25.283752     326.528528
     25.291219     344.308817
     25.309590     336.268076
     25.328449     309.469508
     25.336291     241.018702
     25.353982     327.010592
     25.368433     312.831223
     25.381017     321.691451
     25.401015     253.706458
     25.410767     303.273185
     25.428026     288.732239
     25.445726     246.240067
     25.456190     251.793600
     25.474577     266.854701
     25.486226     262.802471
     25.508587     306.731602
     25.520796     266.528877
     25.531684     254.925186
     25.554186     308.118635
     25.562335     299.881582
     25.583068     329.530701
     25.595210     264.428984
     25.608513     284.719885
     25.625711     267.060031
     25.636966     299.646911
     25.657399     340.330100
     25.667557     290.045709
     25.687056     304.141382
     25.702362     278.099366
     25.713539     276.385260
     25.732687     291.057942
     25.745080     278.199262
     25.755704     355.885116
     25.778136     269.128327
     25.785722     351.422710
     25.808338     343.704496
     25.824828     362.242689
     25.830215     284.482935
     25.846506     293.078786
     25.864505     293.105717
     25.876250     321.815634
     25.898220     290.071044
     25.913843     331.661220
     25.926353     304.043151
     25.943120     366.718427
     25.951569     319.148867
     25.968745     314.337903
     25.983204     268.567155
     26.003959     258.181551
     26.010557     299.769304
     26.025107     287.898345
     26.043859     310.983418
     26.058625     284.237465
     26.076538     333.587303
     26.087126     274.504457
     26.101742     337.904378
     26.122303     296.477437
     26.132686     266.233554
     26.149547     286.013218
     26.164963     401.941776
     26.176439     336.059306
     26.197989     287.747048
     26.205635     354.472654
     26.221486     373.141308
     26.241392     300.749421
     26.254140     354.366372
     26.269480     299.078354
     26.281160     318.115479
     26.296018     268.474765
     26.310628     339.492820
     26.328593     245.904496
     26.347595     299.465729
     26.360330     301.213421
     26.374667     334.329779
     26.388611     307.194265
     26.403524     312.495819
     26.423844     318.053272
     26.434319     278.773581
     26.447013     282.135928
     26.463731     305.160923
     26.481798     266.506623
     26.492581     349.422578
     26.511752     264.078511
     26.525799     323.266426
     26.542686     239.823826
     26.559876     344.809707
     26.574512     306.763453
     26.583239     346.347865
     26.595084     327.473489
     26.618964     329.177130
     26.626533     331.722746
     26.647238     311.568391
     26.659580     368.867362
     26.674006     296.550507
     26.686574     284.666347
     26.705796     269.731746
     26.719557     314.770117
     26.733119     336.817785
     26.750799     364.634781
     26.766698     230.039120
     26.783608     276.298292
     26.797293     240.313156
     26.806428     339.808335
     26.825982     285.980969
     26.844217     287.166044
     26.852027     275.750599
     26.870213     364.326911
     26.886484     281.149948
     26.903311     258.270796
     26.917553     255.072219
     26.928196     314.770570
     26.942994     361.619692
     26.955978     317.739553
     26.970414     323.278815
     26.994423     315.165463
     27.001860     365.278287
     27.020102     341.555758
     27.035880     289.147469
     27.047622     371.472975
     27.060227     271.480688
     27.081181     331.813129
     27.098870     350.900089
     27.114081     293.365070
     27.128290     286.634705
     27.142697     339.481544
     27.150912     279.720925
     27.169710     321.567118
     27.187817     294.209217
     27.201989     280.945778
     27.212487     335.525926
     27.228291     288.397229
     27.242579     363.977886
     27.259321     355.694709
     27.278727     272.426169
     27.288266     360.737918
     27.302655     265.360348
     27.322003     358.141668
     27.339573     322.413449
     27.354561     341.391910
     27.361504     315.067818
     27.378249     274.664536
     27.398048     304.593720
     27.413793     267.744962
     27.424388     294.955036
     27.442993     304.678701
     27.451167     346.199606
     27.472821     319.859327
     27.483858     345.325261
     27.496236     293.028621
     27.515961     302.663764
     27.533005     351.308565
     27.545443     310.205293
     27.558698     312.968397
     27.574000     334.164058
     27.594266     340.076033
     27.605935     327.924449
     27.619464     285.024705
     27.633533     357.887048
     27.654732     280.676694
     27.665082     309.047173
     27.678988     306.568452
     27.691604     366.433544
     27.706050     311.933193
     27.726242     362.576383
     27.744318     294.518484
     27.753369     321.257454
     27.767337     355.958659
     27.788768     265.082060
     27.798579     236.280229
     27.813905     317.142536
     27.826070     325.495423
     27.849751     299.950408
     27.859086     321.437076
     27.873338     311.547567
     27.891766     309.479831
     27.909680     347.030276
     27.920921     328.153981
     27.935469     328.111046
     27.952777     312.427648
     27.961759     352.962165
     27.984236     317.760839
     27.990657     301.885446
     28.013206     366.930045
     28.026235     288.959024
     28.037233     293.605997
     28.053942     372.392929
     28.070666     268.813463
     28.087279     347.047253
     28.098085     284.310960
     28.119512     271.674930
     28.131352     323.215922
     28.149433     297.647430
     28.162608     307.629130
     28.179803     335.443245
     28.190815     292.860462
     28.201075     322.112683
     28.218340     276.617070
     28.230010     346.786939
     28.246362     299.948136
     28.267608     312.792917
     28.282382     322.057944
     28.293699     337.268739
     28.310910     326.219725
     28.322934     310.157795
     28.336250     338.166235
     28.358782     354.075916
     28.367600     268.224423
     28.381471     277.927412
     28.395150     297.564421
     28.416643     383.719161
     28.433514     351.028822
     28.440878     360.918486
     28.461636     317.231390
     28.475460     418.653800
     28.494100     321.680017
     28.509891     365.501287
     28.523795     336.480923
     28.539145     407.645759
     28.553284     397.744959
     28.569423     416.732721
     28.576355     394.467359
     28.593346     421.026080
     28.614429     346.601913
     28.627335     360.919343
     28.642574     302.564653
     28.657100     357.105931
     28.665990     277.564673
     28.685497     293.455631
     28.699859     376.733896
     28.717401     347.604757
     28.729395     372.025044
     28.749713     289.809233
     28.760125     323.844599
     28.772119     358.959087
     28.792027     299.427010
     28.805125     290.610336
     28.819139     297.834940
     28.838057     296.468675
     28.849273     304.526929
     28.863802     298.576529
     28.881143     331.687100
     28.894810     358.306987
     28.905880     320.231378
     28.925481     377.886271
     28.944409     375.180965
     28.952147     353.296078
     28.974466     342.568502
     28.987871     328.516696
     28.999132     297.059093
     29.011009     313.928441
     29.029674     320.869262
     29.043489     295.101351
     29.060760     335.016797
     29.073073     330.753313
     29.088171     249.505742
     29.109562     364.982558
     29.116598     355.131204
     29.135562     301.131605
     29.149221     305.019003
     29.165813     318.174819
     29.176477     331.052874
     29.192788     318.614405
     29.206198     363.539711
     29.223009     346.955580
     29.240022     370.471214
     29.252600     307.902051
     29.268669     262.982139
     29.281533     254.620212
     29.295311     348.127764
     29.319830     294.727569
     29.332129     265.085450
     29.343833     285.320107
     29.360299     299.353734
     29.372992     264.030537
     29.393145     277.687186
     29.409748     244.510036
     29.416409     306.826211
     29.435970     326.273126
     29.452526     300.232331
     29.463177     255.172717
     29.475161     305.713718
     29.499277     326.127970
     29.514696     328.412931
     29.526134     337.488430
     29.543685     283.599014
     29.558911     303.707688
     29.567485     253.879758
     29.588229     326.264775
     29.599018     300.348849
     29.618504     314.834249
     29.632356     268.219274
     29.648400     301.690963
     29.655958     294.493939
     29.677623     295.465750
     29.691867     282.365281
     29.704820     265.006807
     29.716081     282.480896
     29.734099     330.299513
     29.747803     293.403398
     29.761741     301.302996
     29.777527     288.743021
     29.796030     262.764050
     29.812129     289.534433
     29.824977     314.826861
     29.838087     313.651580
     29.853472     262.951416
     29.868831     226.763310
     29.889836     260.226544
     29.900301     318.099437
     29.912530     327.662465
     29.928348     283.844184
     29.942740     223.885539
     29.961462     272.873082
     29.975289     276.192918
     29.994026     314.283098
     30.001008     354.663741
     30.015907     270.886788
     30.033773     272.336632
     30.051508     324.969324
     30.066039     275.884578
     30.080641     291.331641
     30.093145     322.504368
     30.108936     256.517803
     30.120956     248.934911
     30.135528     248.954420
     30.155407     316.572350
     30.167667     333.790595
     30.183795     298.698032
     30.200489     222.612594
     30.212388     299.592486
     30.228256     331.598327
     30.241848     275.542647
     30.257219     291.275706
     30.270801     319.543735
     30.293057     232.360869
     30.308776     237.050052
     30.315375     212.492823
     30.330150     287.740043
     30.346578     323.854575
     30.362942     346.277871
     30.379376     338.165336
     30.390396     256.276600
     30.405309     329.071907
     30.428325     292.212864
     30.439192     246.742001
     30.458113     293.131980
     30.466644     306.873342
     30.484800     236.790055
     30.504441     308.510101
     30.513028     316.183790
     30.526758     344.239074
     30.544917     279.064885
     30.560030     287.794846
     30.578969     364.643102
     30.586523     344.355818
     30.607941     309.228626
     30.616537     307.671823
     30.631934     251.019905
     30.646370     280.078243
     30.667781     261.384302
     30.676430     280.231828
     30.691530     327.726898
     30.708153     286.636926
     30.729641     320.770394
     30.736937     299.368084
     30.755127     288.402240
     30.767541     284.654306
     30.788655     257.148037
     30.804135     291.559456
     30.812328     320.520818
     30.828000     273.796702
     30.848254     297.115813
     30.858643     237.885125
     30.878578     320.995977
     30.894213     225.630960
     30.906787     255.911342
     30.923321     351.581905
     30.934582     293.176364
     30.953932     241.680274
     30.969581     294.162975
     30.979786     258.868762
     30.991712     289.569926
     31.010018     282.992229
     31.023848     277.849390
     31.037554     245.911097
     31.054453     294.837129
     31.065776     251.513240
     31.089005     344.369338
     31.100793     298.974910
     31.112184     329.379886
     31.132806     322.556774
     31.146775     348.476368
     31.163193     275.078800
     31.170689     349.050708
     31.191602     286.081483
     31.203680     226.691168
     31.218845     285.408758
     31.234823     289.326290
     31.246168     233.952963
     31.260647     305.207972
     31.284788     243.517150
     31.294377     263.122128
     31.314902     281.794642
     31.321540     289.138198
     31.344339     266.828832
     31.357617     295.950543
     31.373654     287.520076
     31.380957     303.151068
     31.401976     251.136021
     31.417300     241.936901
     31.433343     279.588800
     31.447421     349.803444
     31.463576     278.101037
     31.479587     314.662238
     31.485938     241.955250
     31.505244     291.457798
     31.515237     332.052892
     31.530211     259.820598
     31.551668     330.996870
     31.560596     257.345148
     31.584107     273.415943
     31.594539     293.809489
     31.606688     245.595850
     31.621782     288.786171
     31.640206     267.536634
     31.658907     312.477294
     31.671903     302.533812
     31.684671     288.097481
     31.703197     213.572183
     31.717968     313.633641
     31.726949     286.721542
     31.745374     346.784737
     31.758440     261.789319
     31.779113     251.043627
     31.794339     278.428745
     31.802096     262.358857
     31.823821     264.883346
     31.835775     225.485984
     31.853139     315.338041
     31.862956     276.306918
     31.884891     272.377855
     31.895216     315.487819
     31.910293     305.703712
     31.925939     246.720115
     31.943897     270.680145
     31.957146     351.803482
     31.969243     310.727262
     31.989746     243.226454
     32.002463     270.963910
     32.017693     325.265101
     32.031831     306.651214
     32.043064     293.601994
     32.058390     261.111954
     32.071639     264.942475
     32.091832     273.889146
     32.107176     344.623840
     32.117613     282.129100
     32.133460     302.671040
     32.149086     276.109450
     32.167574     277.742405
     32.184164     301.537524
     32.190429     269.563091
     32.212630     310.445550
     32.229735     318.060581
     32.244249     262.386852
     32.257489     284.443330
     32.268816     274.116979
     32.285274     227.787386
     32.297318     326.088663
     32.313026     323.322040
     32.329278     238.441373
     32.347053     275.136440
     32.358203     272.268431
     32.377317     307.307322
     32.393823     252.237814
     32.400682     243.952946
     32.423120     302.218765
     32.435392     280.675933
     32.446150     321.161968
     32.464033     337.516919
     32.483815     298.273039
     32.497519     291.650520
     32.513247     248.342544
     32.527943     310.380250
     32.544234     274.455128
     32.557435     223.650055
     32.570817     224.778892
     32.587564     294.955139
     32.602356     304.126723
     32.611567     343.165642
     32.628655     260.212583
     32.648015     320.590032
     32.662013     257.507155
     32.671028     273.509892
     32.693612     331.314790
     32.709850     324.117870
     32.717569     322.855289
     32.736616     264.902765
     32.745471     352.068958
     32.760784     332.194979
     32.784461     238.390012
     32.794973     302.764345
     32.805029     326.901992
     32.825829     247.570412
     32.843208     261.296761
     32.852970     303.019265
     32.869882     299.834031
     32.882558     295.827072
     32.895602     335.766442
     32.917321     301.854915
     32.925410     298.997517
     32.948649     306.418007
     32.956335     313.670255
     32.976786     318.764705
     32.986976     272.964734
     33.009422     258.977986
     33.022050     332.443239
     33.032272     356.258213
     33.053783     285.043125
     33.060019     305.874156
     33.083316     269.488105
     33.090024     218.872672
     33.106285     328.910980
     33.129632     287.090331
     33.136236     309.230829
     33.158153     296.246343
     33.171919     300.970240
     33.185144     247.573609
     33.198843     201.592387
     33.212918     246.555324
     33.225227     284.922893
     33.240579     269.505654
     33.260646     225.053555
     33.273915     290.767457
     33.291501     252.326979
     33.300746     235.067289
     33.324473     269.388980
     33.339456     287.284053
     33.347125     326.189827
     33.368308     226.994659
     33.376920     327.714956
     33.395844     266.624872
     33.410423     305.514713
     33.422133     293.791998
     33.444797     268.525202
     33.455685     263.779798
     33.468720     304.651500
     33.489105     266.962398
     33.503729     257.911312
     33.514804     279.673293
     33.530859     301.657987
     33.546339     289.241907
     33.562475     295.949048
     33.572296     318.067066
     33.589584     316.222292
     33.609808     251.947983
     33.616889     275.672821
     33.631419     238.320810
     33.650991     269.220103
     33.664638     312.026445
     33.681066     283.622594
     33.699070     275.932484
     33.706544     282.901145
     33.728530     260.626183
     33.743860     322.954161
     33.756997     253.868906
     33.765728     296.399146
     33.782933     313.531516
     33.800758     237.151376
     33.811089     303.158741
     33.831458     248.578123
     33.845220     314.220215
     33.864296     312.377128
     33.871771     248.120506
     33.888919     298.776589
     33.902596     230.900904
     33.923982     312.535672
     33.936604     287.622715
     33.946961     296.601344
     33.965501     329.607001
     33.976639     287.224686
     33.994025     280.928085
     34.011795     259.528660
     34.024606     273.757066
     34.037014     282.398918
     34.055063     237.599439
     34.073730     271.192741
     34.084497     260.685556
     34.101397     313.694669
     34.113008     252.913649
     34.134459     332.703262
     34.145072     268.375427
     34.157045     314.376638
     34.177001     283.841781
     34.193513     249.298154
     34.206489     310.061951
     34.216076     297.627039
     34.238942     264.943302
     34.249177     310.723487
     34.269452     247.500216
     34.281303     285.288734
     34.294770     296.611298
     34.311213     270.040696
     34.321672     279.841826
     34.335888     262.206131
     34.352133     258.487940
     34.366334     218.786606
     34.385697     329.398004
     34.403612     306.346601
     34.418491     319.790942
     34.427059     245.430706
     34.440530     298.098656
     34.461022     262.791417
     34.478452     234.218091
     34.486492     259.413355
     34.508156     291.965088
     34.524432     225.843205
     34.539536     286.014379
     34.547468     299.695070
     34.567314     240.777455
     34.584383     267.595635
     34.592376     283.055791
     34.611771     313.141592
     34.628642     346.366672
     34.640233     266.264004
     34.652522     307.785545
     34.674811     264.761607
     34.684724     274.769161
     34.701895     273.496774
     34.712819     308.344674
     34.729191     339.322080
     34.744223     255.775188
     34.758293     258.500353
     34.772512     343.590095
     34.794661     319.941916
     34.808792     252.534099
     34.820735     271.765102
     34.830336     237.922529
     34.849688     312.073117
     34.867569     334.132414
     34.884363     219.710168
     34.899815     295.461311
     34.905337     315.549868
     34.923337     263.587295
     34.936493     212.322419
     34.955816     249.786511
     34.968143     287.547191
     34.989950     245.212986
     34.997782     243.336850
     35.018533     238.753149
     35.025254     245.664097
     35.044741     233.220213
     35.057021     305.795892
     35.071746     292.816808
     35.086712     322.829863
     35.105432     313.125750
     35.118518     310.700741
     35.137746     231.696576
     35.147806     294.773878
     35.168337     244.976460
     35.179805     233.873438
     35.190678     232.806267
     35.213573     296.269805
     35.224788     274.038573
     35.241313     254.893033
     35.253324     278.475366
     35.273051     298.623069
     35.284232     221.417131
     35.300002     243.528239
     35.310491     273.921577
     35.327604     255.991205
     35.348335     295.363833
     35.357987     289.957511
     35.371043     294.723490
     35.390168     195.770196
     35.407675     229.373496
     35.423506     274.829807
     35.430309     277.487134
     35.451818     301.443044
     35.463622     294.825243
     35.484779     273.680998
     35.499678     283.857060
     35.509512     235.614921
     35.529017     240.601449
     35.541456     204.995304
     35.558293     293.303054
     35.572414     275.355828
     35.587869     278.984216
     35.596464     289.370098
     35.612892     285.548314
     35.630060     286.687062
     35.640404     257.391126
     35.655614     199.644227
     35.678591     206.961126
     35.685358     285.201118
     35.700530     323.551501
     35.721712     249.365421
     35.731173     225.193095
     35.752452     196.361435
     35.767926     256.521699
     35.781228     278.200334
     35.792241     225.308792
     35.809973     264.106976
     35.826602     276.795082
     35.837601     237.798173
     35.854656     270.498675
     35.867809     202.943589
     35.884706     272.115672
     35.898620     265.280143
     35.917614     248.331545
     35.934707     301.248544
     35.949748     306.662791
     35.955642     245.600205
     35.971916     240.815564
     35.991010     280.424290
     36.009788     280.756816
     36.023031     200.279190
     36.033966     200.503282
     36.051933     252.181015
     36.069895     327.533680
     36.080023     305.522819
     36.093486     302.545966
     36.113922     276.544816
     36.129819     320.821721
     36.144195     311.781049
     36.159793     272.006119
     36.166473     281.096468
     36.186499     262.530552
     36.198424     264.971500
     36.212165     284.441132
     36.234068     233.077303
     36.249105     305.481943
     36.258522     293.769144
     36.277339     222.600322
     36.288853     237.787351
     36.301202     211.824333
     36.322597     230.863151
     36.332565     286.829026
     36.353658     236.362701
     36.367517     278.555621
     36.376672     244.302140
     36.398813     261.701667
     36.411440     262.779144
     36.429367     227.433519
     36.438745     274.609051
     36.452578     277.429018
     36.465114     274.651772
     36.488964     233.482441
     36.495743     238.245975
     36.517843     253.846541
     36.529217     202.755955
     36.540307     234.569888
     36.557410     263.023623
     36.573966     250.589352
     36.587261     186.316412
     36.600861     212.166334
     36.621961     280.257512
     36.639987     261.471812
     36.647366     268.925699
     36.666499     220.774407
     36.679746     241.237479
     36.691034     274.092920
     36.713039     219.249587
     36.725119     249.675596
     36.743633     264.933382
     36.752457     271.568364
     36.770719     262.397225
     36.780317     303.031540
     36.795977     232.270123
     36.818627     242.511185
     36.825577     251.118543
     36.846806     227.733408
     36.862382     256.665993
     36.871717     273.553699
     36.890371     212.399237
     36.907076     261.935642
     36.917933     248.650363
     36.939104     295.084343
     36.952595     215.668753
     36.967215     237.892635
     36.975926     207.106263
     36.997857     224.382998
     37.014429     261.751197
     37.026921     282.911491
     37.035487     240.071620
     37.056006     246.277852
     37.068465     234.254507
     37.089914     207.703777
     37.101854     246.079253
     37.113797     284.683620
     37.127415     276.376876
     37.143550     264.511823
     37.158177     257.441003
     37.171810     277.800622
     37.187115     221.319116
     37.205137     306.180034
     37.224119     243.907316
     37.239741     297.013119
     37.248643     239.531371
     37.265964     324.788604
     37.278884     272.452032
     37.297991     311.996053
     37.306854     241.714867
     37.326663     264.331834
     37.342123     320.415314
     37.358321     209.007624
     37.367540     308.066678
     37.382983     226.417713
     37.397885     218.859305
     37.419463     253.101865
     37.433065     238.711527
     37.440295     211.961832
     37.462737     226.900115
     37.471746     304.838978
     37.494020     250.423038
     37.502218     245.926700
     37.519431     267.271496
     37.534012     268.119845
     37.554753     222.496999
     37.565019     301.731377
     37.582302     295.875464
     37.597510     233.985942
     37.607162     294.855942
     37.629173     320.810027
     37.635149     245.706056
     37.658292     207.802248
     37.666898     296.776783
     37.687159     241.035802
     37.703317     260.045193
     37.712183     279.479547
     37.726489     318.728423
     37.744304     288.058730
     37.760533     281.245483
     37.778732     220.017358
     37.788740     212.349455
     37.803121     226.510659
     37.820279     305.280667
     37.830101     279.418636
     37.850320     293.074370
     37.861933     289.295778
     37.876363     281.625566
     37.894175     261.237393
     37.907366     211.525702
     37.920621     175.527712
     37.939707     270.490757
     37.958841     253.785907
     37.966206     258.731695
     37.983559     278.822427
     37.998544     276.172159
     38.018086     208.349727
     38.028585     203.674850
     38.049188     289.774399
     38.058961     263.885829
     38.072725     207.698021
     38.086234     216.804274
     38.109790     273.129771
     38.120258     248.360494
     38.131286     226.380845
     38.145562     235.462672
     38.161647     278.354315
     38.180575     198.421168
     38.191014     199.898514
     38.210098     278.423503
     38.228675     292.572111
     38.241831     298.419108
     38.259727     195.293954
     38.274642     255.002255
     38.283334     259.770007
     38.299640     310.180407
     38.317767     269.416347
     38.329154     209.008570
     38.343531     255.388541
     38.355959     256.846691
     38.374983     227.180683
     38.389962     257.236806
     38.403894     227.433513
     38.418975     249.450154
     38.432452     227.432487
     38.454354     266.232600
     38.465764     232.273548
     38.479638     246.729449
     38.494611     256.269260
     38.512008     207.183492
     38.524085     260.127024
     38.535786     230.787401
     38.559451     200.679769
     38.570539     254.461010
     38.585414     285.005951
     38.597611     285.298172
     38.610116     257.310304
     38.634849     288.283668
     38.644297     216.599229
     38.663420     273.295083
     38.676692     242.685281
     38.694169     285.875981
     38.700877     169.211578
     38.718451     212.649143
     38.735422     187.821451
     38.752121     267.399994
     38.760427     210.464278
     38.782644     199.165657
     38.790480     283.150407
     38.806676     212.155310
     38.827616     208.836549
     38.841268     183.305779
     38.852340     263.255770
     38.865776     251.934985
     38.889711     289.420141
     38.896715     294.303998
     38.919920     216.568115
     38.925001     265.562116
     38.948811     292.638789
     38.955987     284.900707
     38.971904     283.787811
     38.989116     245.726679
     39.001433     182.444116
     39.017006     218.120423
     39.030901     231.792914
     39.052628     275.025829
     39.063811     302.429406
     39.082051     187.721473
     39.097248     266.951166
     39.109118     263.461565
     39.121154     254.959610
     39.135217     253.761247
     39.156604     206.682683
     39.167068     215.581915
     39.187909     212.304274
     39.198769     284.846551
     39.217874     198.033075
     39.225092     233.548056
     39.244633     284.128907
     39.263122     261.465112
     39.270660     266.175255
     39.288931     271.565949
     39.303894     257.664473
     39.317422     292.920746
     39.333564     278.088421
     39.347042     193.260173
     39.363248     210.193132
     39.380615     256.292837
     39.395828     287.890585
     39.411266     218.818581
     39.423024     269.493715
     39.441883     263.231080
     39.458494     261.884498
     39.472699     239.779966
     39.483194     199.629408
     39.498150     219.729989
     39.513504     254.068417
     39.533297     235.608982
     39.549313     233.167240
     39.563195     205.220171
     39.572439     320.994081
     39.589431     297.942180
     39.601148     196.676396
     39.616645     242.988240
     39.639081     186.615320
     39.648620     224.515561
     39.663320     290.788293
     39.680487     222.899859
     39.698320     271.001422
     39.714928     211.522084
     39.724645     317.273123
     39.740263     232.191622
     39.753816     293.594749
     39.774359     244.773960
     39.783461     235.762882
     39.796061     239.542909
     39.811669     264.130453
     39.832458     229.208724
     39.845137     271.617983
     39.863606     228.674317
     39.874170     188.099416
     39.888166     240.686995
     39.902076     290.907816
     39.922710     228.565857
     39.936163     294.297946
     39.949267     236.018257
     39.966022     262.579017
     39.981608     281.955643
     39.996210     311.683731
     40.012977     243.080636
     40.021790     266.350948
     40.035941     187.710725
     40.055891     259.482031
     40.074614     204.333047
     40.081978     309.127699
     40.095542     252.519524
     40.114156     242.210353
     40.132773     219.133693
     40.141052     265.689923
     40.161911     226.939929
     40.170126     267.788860
     40.186267     272.927154
     40.204971     289.939540
     40.215692     286.061416
     40.236084     223.119368
     40.245732     295.158270
     40.267746     208.866686
     40.280568     305.024675
     40.291622     280.834756
     40.309365     271.448379
     40.324978     293.326827
     40.336588     279.606413
     40.356115     291.739003
     40.374855     219.544294
     40.384735     179.500511
     40.399518     191.497086
     40.412216     263.484262
     40.425465     229.923696
     40.447721     217.666635
     40.464338     245.720959
     40.479739     238.123819
     40.488221     252.633179
     40.509153     255.252431
     40.520176     204.078890
     40.533695     260.489676
     40.548991     250.570940
     40.566216     240.849853
     40.582655     280.251399
     40.594687     277.870841
     40.609267     303.931752
     40.626276     271.379629
     40.639929     267.922469
     40.655946     281.497203
     40.673376     220.320972
     40.683903     277.539994
     40.698728     228.725967
     40.718989     251.990393
     40.725217     241.742043
     40.747469     260.586249
     40.755839     244.928188
     40.770112     252.840047
     40.791533     191.906546
     40.800235     244.419601
     40.816742     239.727605
     40.834123     194.883823
     40.851668     207.828420
     40.869094     236.657131
     40.882638     241.109911
     40.895484     246.882906
     40.913609     281.916739
     40.922486     200.406004
     40.937414     233.181762
     40.958131     240.160411
     40.974794     251.404076
     40.984796     254.524393
     41.002568     228.880439
     41.015411     217.290033
     41.026611     224.112683
     41.041190     279.450404
     41.059393     300.054758
     41.071242     260.704861
     41.089123     232.950118
     41.102369     300.883253
     41.123618     287.532621
     41.138875     301.931372
     41.154587     270.187575
     41.161768     287.341574
     41.184785     225.318394
     41.195144     272.638641
     41.206507     269.331902
     41.223111     289.800468
     41.238602     299.151931
     41.250824     215.262267
     41.266374     234.381487
     41.286351     292.840621
     41.298823     246.969221
     41.314798     233.808969
     41.325568     259.240378
     41.349593     263.709584
     41.356013     291.306282
     41.378399     195.481553
     41.394344     268.003582
     41.401739     228.253212
     41.419709     182.129010
     41.436161     251.552675
     41.448438     228.541181
     41.461384     262.648176
     41.483773     273.452138
     41.498462     274.735126
     41.506386     220.939342
     41.527850     215.651602
     41.540863     246.135679
     41.556144     286.727991
     41.573749     230.809086
     41.587399     288.447039
     41.597713     187.613693
     41.619980     247.785617
     41.630394     212.923954
     41.641640     203.793731
     41.660108     230.442198
     41.674534     207.908576
     41.686558     268.237460
     41.706006     240.608697
     41.716035     192.837268
     41.732220     192.819501
     41.752233     241.158904
     41.761001     180.704998
     41.775556     301.904473
     41.799403     269.341443
     41.809344     235.676823
     41.825518     265.716661
     41.839108     248.481118
     41.853543     274.304133
     41.865802     216.860861
     41.880595     172.995432
