      1.996147     -24.004136
      2.015944      31.824107
      2.028697      36.468006
      2.048009      18.780827
      2.057023      -0.301104
      2.070197      63.298605
      2.090867      55.754282
      2.106577     -12.025361
      2.116558      17.924099
      2.133244      11.452333
      2.149989      18.183282
      2.163750      81.991402
      2.180318      83.393356
      2.191488      60.995441
      2.212463      87.325088
      2.220619     115.373250
      2.241672     125.700174
      2.257983      98.593335
      2.274984     142.253781
      2.289589     241.019646
      2.301901     277.996510
      2.315799     247.161977
      2.333943     273.686579
      2.347842     356.043335
      2.357889     338.290595
      2.373134     373.721892
      2.392891     425.560006
      2.408455     444.901978
      2.422155     401.460600
      2.432180     412.025474
      2.447975     450.211341
      2.462102     510.996816
      2.484225     509.924380
      2.496240     581.498173
      2.510098     532.436618
      2.522149     506.739842
      2.541688     496.854655
      2.559091     553.464615
      2.572783     563.785231
      2.580023     564.096199
      2.599566     550.741320
      2.614894     606.749834
      2.629526     618.448386
      2.643575     630.814455
      2.659883     614.153817
      2.677079     577.969574
      2.686359     699.796134
      2.701908     637.594755
      2.722981     605.320519
      2.734418     641.903310
      2.746871     674.257028
      2.760079     635.705021
      2.778907     725.188181
      2.793639     723.606231
      2.806291     809.384041
      2.825488     701.264711
      2.840144     773.571337
      2.854565     737.609892
      2.865734     804.028369
      2.885559     807.316441
      2.895395     826.309262
      2.919914     813.992003
      2.931677     893.736485
      2.945109     982.816425
      2.960017     922.737158
      2.974712     919.394192
      2.992630     955.568395
      3.008910    1092.732682
      3.022707    1021.538493
      3.032420    1060.011267
      3.052904    1085.936671
      3.066595    1097.671491
      3.075870    1244.067915
      3.091450    1223.103038
      3.113140    1229.572721
      3.121805    1279.310353
      3.138548    1396.415550
      3.153003    1396.099568
      3.165107    1496.896124
      3.188205    1617.297704
      3.203637    1706.374776
      3.216384    1848.913779
      3.226445    1890.353604
      3.248702    2007.352755
      3.259690    2112.858355
      3.272427    2324.094012
      3.292624    2536.930587
      3.304832    2868.546621
      3.323940    3243.904488
      3.338272    3905.518433
      3.352955    4582.610162
      3.364286    4930.586411
      3.382954    4045.786093
      3.394022    2143.380899
      3.405023    1073.827655
      3.429980     612.996710
      3.439217     581.403958
      3.451637     505.408272
      3.471559     425.560815
      3.489530     420.565684
      3.500274     423.961338
      3.515301     345.314414
      3.526164     357.847448
      3.544325     396.284170
      3.558960     386.525174
      3.571974     296.540915
      3.592841     295.092783
      3.600967     352.795934
      3.621352     335.443921
      3.637590     345.467533
      3.646394     331.044122
      3.665983     303.613168
      3.683873     274.199779
      3.696263     370.664281
      3.713638     312.136552
      3.723013     389.493320
      3.736157     366.314043
      3.757893     314.900335
      3.766260     374.872085
      3.784807     311.664775
      3.803172     354.051323
      3.811924     346.663590
      3.833977     329.807638
      3.845853     326.975935
      3.857152     361.138057
      3.873136     366.421170
      3.886581     291.178871
      3.907722     357.170511
      3.915536     356.337662
      3.933848     347.767209
      3.945928     355.137543
      3.966228     331.682204
      3.984265     402.595816
      3.992480     405.672161
      4.010842     393.889602
      4.020388     332.989726
      4.037796     412.621274
      4.051681     358.601395
      4.066528     383.474030
      4.081438     393.135826
      4.096071     354.597503
      4.112671     313.971970
      4.127683     308.207096
      4.142285     386.478512
      4.161235     328.184699
      4.179916     389.865633
      4.191086     320.096784
      4.201038     379.411743
      4.220945     303.611492
      4.232891     426.220482
      4.245771     371.054698
      4.260193     331.288906
      4.280502     360.483504
      4.296418     412.381026
      4.308420     426.669044
      4.329555     410.393188
      4.342784     417.401860
      4.356114     431.449487
      4.371351     392.221284
      4.386108     406.306478
      4.396686     409.500558
      4.411535     426.209996
      4.431879     456.940979
      4.444389     456.846841
      4.459257     520.666930
      4.473208     501.827171
      4.486463     508.418812
      4.507107     490.226926
      4.516531     506.769210
      4.536567     567.527405
      4.553348     612.148614
      4.562480     619.487283
      4.583838     650.744113
      4.597731     579.245679
      4.605613     663.459500
      4.624093     755.804819
      4.636953     776.113744
      4.651300     797.451106
      4.670218     853.243906
      4.687340     919.631340
      4.695423    1002.098859
      4.712157    1106.884381
      4.734383    1247.293239
      4.745534    1348.193424
      4.757883    1585.762787
      4.777558    1508.160413
      4.787365    1052.810865
      4.802931     693.906481
      4.818451     463.777962
      4.834016     440.195328
      4.854544     361.555255
      4.863624     321.709266
      4.876843     378.061193
      4.898156     368.843333
      4.913716     365.666622
      4.928015     438.299705
      4.942271     325.061563
      4.956555     390.103071
      4.965768     427.532192
      4.980138     390.593587
      4.999883     339.021274
      5.017613     447.981614
      5.027217     443.665771
      5.046413     405.048906
      5.057636     430.828486
      5.077964     462.679897
      5.085298     403.299137
      5.107884     400.931042
      5.121740     457.984281
      5.137465     371.375520
      5.146941     467.518196
      5.160106     452.111560
      5.176793     351.100654
      5.191572     375.487481
      5.209826     483.389269
      5.227586     448.289957
      5.242390     397.322961
      5.253444     434.027402
      5.270510     385.354488
      5.284525     473.122643
      5.301523     491.232830
      5.313667     476.004761
      5.325744     491.448290
      5.342433     514.949141
      5.359341     468.332652
      5.373632     476.757826
      5.390649     441.404042
      5.407220     533.476681
      5.419584     544.261201
      5.431207     550.574751
      5.453720     558.422410
      5.468717     563.908909
      5.483474     601.747113
      5.492379     633.819389
      5.505728     549.192390
      5.523458     677.053966
      5.538293     617.443404
      5.556755     716.176659
      5.568669     706.189083
      5.580240     782.447295
      5.597037     765.004007
      5.613045     844.140231
      5.630293     816.671555
      5.647822     946.941120
      5.657996     924.187372
      5.678943    1025.908210
      5.687743    1031.452419
      5.708785    1002.700365
      5.716790    1154.251864
      5.734611    1295.698443
      5.748803    1395.850515
      5.763133    1506.725792
      5.783145    1727.037300
      5.795865    1928.315464
      5.808971    2379.762217
      5.828053    2819.408130
      5.839541    2973.314830
      5.858009    2520.239117
      5.869195    1646.646545
      5.882097     851.699682
      5.897267     567.014841
      5.915156     477.944825
      5.932171     438.575250
      5.946327     441.444455
      5.958747     467.929864
      5.978882     433.556935
      5.988275     383.718344
      6.006401     342.404203
      6.024785     415.904214
      6.035197     343.440953
      6.047383     404.281875
      6.067832     413.630697
      6.075090     417.129759
      6.096816     344.843143
      6.113156     423.315676
      6.123027     377.088059
      6.139909     440.337966
      6.150119     453.633536
      6.172283     385.153702
      6.187317     440.793772
      6.202194     359.720463
      6.213967     446.193224
      6.225291     371.288774
      6.249456     317.476757
      6.255952     408.884567
      6.279733     377.840399
      6.292595     421.381396
      6.309218     435.612110
      6.320166     382.657468
      6.336571     365.952441
      6.346398     379.079359
      6.365925     363.925600
      6.376363     453.622055
      6.396963     411.835782
      6.410257     450.601542
      6.422869     396.475929
      6.439316     408.410004
      6.455543     404.965006
      6.468998     414.345306
      6.480533     453.316319
      6.502185     478.558789
      6.517934     503.716630
      6.525811     469.139209
      6.541823     482.101681
      6.557663     538.885627
      6.571710     447.158647
      6.587811     515.110261
      6.603326     558.908623
      6.623084     565.522735
      6.637691     608.965188
      6.649827     565.302704
      6.665661     694.769554
      6.676896     681.638030
      6.698705     742.544577
      6.714152     771.189883
      6.724807     978.164915
      6.739997    1085.824781
      6.758598    1043.966977
      6.773030     874.883793
      6.786651     568.401693
      6.803882     512.859278
      6.815358     419.368876
      6.829394     427.557672
      6.846081     394.157448
      6.855272     364.386259
      6.873379     448.807298
      6.887835     364.045185
      6.908822     408.827231
      6.915838     393.551250
      6.930325     381.885345
      6.951428     427.292927
      6.965141     392.065337
      6.978499     356.152142
      6.998067     379.450382
      7.010344     363.066974
      7.023381     436.851710
      7.035075     431.406824
      7.054524     410.819611
      7.071800     417.079340
      7.083291     411.619675
      7.104794     420.613111
      7.117156     463.736973
      7.125486     498.618383
      7.149869     424.074212
      7.162418     470.309413
      7.178472     412.145596
      7.188504     474.515780
      7.202665     502.014166
      7.215612     427.287279
      7.232253     446.016803
      7.248721     439.224909
      7.263763     502.648749
      7.276439     523.133139
      7.299048     489.469278
      7.313729     501.734328
      7.328887     506.563514
      7.342045     568.883159
      7.352596     658.872955
      7.373083     619.800706
      7.384353     632.622297
      7.403965     630.350608
      7.414879     614.396616
      7.426076     685.553116
      7.445671     707.131575
      7.457568     858.643326
      7.471546     856.174283
      7.487958     947.705289
      7.506694    1063.296513
      7.515338    1296.683093
      7.534006    1392.827913
      7.548688    1504.932223
      7.568488    1272.394982
      7.582361     976.153941
      7.592736     677.409056
      7.614059     517.832657
      7.622613     515.226329
      7.636700     432.303812
      7.650305     450.571384
      7.669766     431.533153
      7.686911     421.248507
      7.695346     520.832958
      7.710024     401.529073
      7.731235     440.653119
      7.745029     457.195901
      7.760660     462.767170
      7.772739     462.492060
      7.786525     464.716246
      7.801733     455.642138
      7.822152     464.202945
      7.833214     563.884742
      7.845523     440.309942
      7.868346     450.545501
      7.884408     481.093677
      7.892255     465.443040
      7.913777     522.535203
      7.925320     549.597186
      7.944471     568.527113
      7.957904     581.951507
      7.966350     553.243623
      7.985091     529.199974
      7.997838     560.823777
      8.016233     657.386033
      8.033966     697.432804
      8.046363     680.880466
      8.062950     654.366863
      8.070835     689.618291
      8.086802     740.914604
      8.105341     720.525634
      8.119714     854.478274
      8.130826     864.550230
      8.150287     927.818148
      8.163105    1075.438597
      8.175596    1106.837673
      8.194810    1215.148347
      8.209145    1312.432584
      8.228778    1510.687774
      8.240421    1817.212246
      8.250976    2041.169181
      8.267295    2204.455364
      8.281277    1913.309088
      8.301340    1278.144369
      8.310359     792.991486
      8.333885     594.274958
      8.348208     518.359537
      8.358273     446.186057
      8.378340     423.547762
      8.385351     438.795255
      8.401216     336.841121
      8.418735     398.427928
      8.431815     384.967359
      8.448735     363.646877
      8.463304     375.175571
      8.483517     308.478193
      8.491228     370.687282
      8.514106     325.212854
      8.527783     411.298313
      8.538216     395.652229
      8.552365     386.194563
      8.567184     315.750873
      8.585817     413.344683
      8.602744     396.506867
      8.611586     300.379259
      8.632723     426.214943
      8.643779     352.195592
      8.657564     380.333719
      8.670192     373.877055
      8.685603     332.785583
      8.709596     390.561624
      8.723255     334.600746
      8.732178     429.594386
      8.748179     393.647091
      8.764623     445.287001
      8.784465     359.280919
      8.793121     408.532404
      8.812941     343.712221
      8.829338     367.346048
      8.842408     354.488367
      8.859509     391.201549
      8.866905     361.654328
      8.886052     377.394765
      8.901517     445.556219
      8.915556     466.249613
      8.930328     540.971326
      8.940959     440.667256
      8.963735     370.104651
      8.971361     421.380150
      8.991048     389.345036
      9.001380     413.871569
      9.017372     356.156907
      9.037265     365.766217
      9.047662     388.811518
      9.064931     297.691369
      9.082373     353.675972
      9.091379     375.815430
      9.106868     334.404836
      9.120590     384.716381
      9.144948     362.620870
      9.154801     366.815949
      9.169937     334.516085
      9.186925     396.098042
      9.195857     397.265608
      9.212478     406.845008
      9.231945     373.685109
      9.249888     354.874390
      9.257202     344.327130
      9.273702     318.318406
      9.288376     318.442769
      9.308567     349.664931
      9.321832     352.415211
      9.331668     380.901510
      9.351830     391.109647
      9.366444     325.859827
      9.377551     346.982423
      9.393036     403.988267
      9.413812     332.086141
      9.428190     326.733116
      9.442217     352.589920
      9.458589     339.209996
      9.469725     294.335609
      9.487897     405.527690
      9.499729     420.117628
      9.516501     447.237354
      9.530723     405.670163
      9.548056     367.985162
      9.558517     360.733047
      9.571168     477.017427
      9.592756     445.269485
      9.607213     366.098173
      9.622337     408.396252
      9.639908     368.514299
      9.647249     368.890788
      9.661716     453.905887
      9.684261     381.967137
      9.690175     393.441468
      9.712191     411.444584
      9.724698     443.546266
      9.739986     442.996830
      9.758868     397.343665
      9.768286     421.335440
      9.785903     376.783204
      9.797206     442.813059
      9.819214     427.906298
      9.825136     426.222849
      9.847967     428.400265
      9.864813     425.960066
      9.872557     441.927246
      9.885861     396.903408
      9.901826     456.735817
      9.921488     382.525420
      9.934075     384.907580
      9.946070     391.706527
      9.969651     474.712826
      9.980149     360.460234
      9.998963     473.930246
     10.014392     494.553236
     10.029497     474.681856
     10.038915     532.560067
     10.051849     453.918871
     10.068092     516.300839
     10.084898     515.186791
     10.103421     556.070709
     10.119468     658.515011
     10.132687     699.258151
     10.145505     628.839016
     10.159238     589.270887
     10.174069     479.297879
     10.186765     433.815235
     10.204723     480.216403
     10.223278     314.903318
     10.233445     425.900300
     10.246074     399.448136
     10.262576     338.778365
     10.278972     419.126870
     10.297844     372.201554
     10.306373     340.165247
     10.322556     419.145258
     10.343168     405.253679
     10.355601     410.315719
     10.368380     390.060061
     10.386384     360.057331
     10.404027     373.664523
     10.416211     436.845211
     10.430492     408.722533
     10.447354     353.042494
     10.463395     396.798642
     10.474380     347.723170
     10.485228     438.836154
     10.506667     406.453987
     10.521717     394.580235
     10.533763     420.280860
     10.552814     363.386937
     10.562212     441.326828
     10.578367     420.561420
     10.594624     458.602522
     10.605574     411.295100
     10.626811     402.997048
     10.636838     423.131187
     10.655963     455.881560
     10.672011     493.100651
     10.681094     470.892064
     10.697558     472.181992
     10.716667     475.056731
     10.730226     444.530944
     10.748668     444.506023
     10.755501     440.010333
     10.770914     435.922566
     10.793633     425.132826
     10.801522     379.717732
     10.815511     348.046917
     10.833383     407.624997
     10.850196     445.022114
     10.860689     427.370040
     10.876978     341.960667
     10.898177     417.732080
     10.914392     449.416736
     10.920308     405.738521
     10.940269     453.128535
     10.959492     372.281767
     10.966832     453.124223
     10.982066     458.700281
     11.003950     516.141064
     11.014412     474.470379
     11.034658     464.773559
     11.041134     500.008996
     11.063097     543.929994
     11.074132     597.820212
     11.094361     582.598721
     11.100111     624.382103
     11.120732     662.463811
     11.135038     654.858244
     11.148116     775.440209
     11.166272     828.570585
     11.176299     850.306254
     11.193467     970.976591
     11.208044    1011.677729
     11.226184     891.125481
     11.244873     793.810798
     11.255352     630.639526
     11.270413     556.868198
     11.283651     500.541036
     11.304772     399.773157
     11.313075     449.640010
     11.332318     387.618011
     11.340451     426.912834
     11.358439     362.884275
     11.374828     410.779854
     11.394283     436.010908
     11.402263     463.753967
     11.416058     466.534922
     11.434655     420.632563
     11.454234     375.512771
     11.462815     421.000904
     11.479418     472.257082
     11.497350     382.789380
     11.512725     402.932280
     11.520984     451.204834
     11.544664     465.605443
     11.558795     414.945519
     11.570382     414.121906
     11.589465     466.165600
     11.600410     523.225285
     11.613015     500.178397
     11.625959     465.776506
     11.646535     507.773930
     11.664371     587.153350
     11.675259     526.952426
     11.688921     594.002204
     11.701392     603.162947
     11.721693     581.761651
     11.733085     559.606607
     11.752004     488.699733
     11.767346     409.104773
     11.778880     417.080410
     11.794015     438.505126
     11.814625     399.292442
     11.827092     430.944594
     11.843974     479.490887
     11.851735     409.387193
     11.873675     415.970083
     11.881321     463.496354
     11.899609     437.229753
     11.914474     445.606998
     11.931045     498.407120
     11.947305     518.013094
     11.962762     453.519214
     11.977763     483.117477
     11.993722     451.700208
     12.001204     557.717317
     12.020766     507.575731
     12.032794     485.928926
     12.053661     522.468174
     12.061764     535.784151
     12.077472     593.469203
     12.091693     626.766309
     12.105466     669.014523
     12.121218     799.658854
     12.138506     893.621690
     12.157782     998.875665
     12.172808    1085.566961
     12.180366    1163.683613
     12.201119    1096.216323
     12.213263     926.307712
     12.233415     735.455840
     12.242109     622.360045
     12.260851     535.657270
     12.275497     473.490288
     12.288886     399.722656
     12.307394     410.160300
     12.321849     429.749610
     12.330744     434.646313
     12.352437     426.470680
     12.366674     442.423451
     12.377291     352.629932
     12.394143     426.249339
     12.408434     404.840643
     12.429335     370.301277
     12.438675     345.630845
     12.455513     356.191497
     12.473870     400.081389
     12.486291     396.713521
     12.499593     339.483055
     12.518656     344.802235
     12.531987     382.627449
     12.542888     351.244390
     12.561270     346.555760
     12.579224     396.465121
     12.586728     369.269465
     12.606129     354.148173
     12.621326     370.018669
     12.636560     339.931549
     12.652027     412.673849
     12.665462     360.149163
     12.679076     437.113465
     12.696483     377.279908
     12.706858     370.878044
     12.723093     363.355485
     12.742347     387.361757
     12.757518     380.768765
     12.771556     351.687467
     12.788140     346.510829
     12.801481     384.465167
     12.819369     407.722427
     12.834666     388.886905
     12.841749     396.100389
     12.864886     355.961566
     12.877277     340.832578
     12.893552     314.055557
     12.909715     306.234526
     12.918753     419.539879
     12.935332     420.888881
     12.950344     433.727093
     12.965971     362.211244
     12.977591     401.726436
     12.992086     429.277203
     13.008786     444.510490
     13.021443     379.534256
     13.043060     388.509514
     13.051487     445.852388
     13.069033     423.759478
     13.082565     514.840141
     13.104971     479.769027
     13.119472     471.287416
     13.126547     542.986058
     13.147965     415.745559
     13.161767     443.407765
     13.177854     454.574566
     13.186540     482.122612
     13.201522     396.337444
     13.222409     404.077393
     13.234792     502.852498
     13.250057     394.149375
     13.264044     400.836755
     13.280291     441.115467
     13.292884     433.139293
     13.311799     518.614926
     13.328057     445.980412
     13.339724     461.966693
     13.351709     472.808664
     13.374741     479.324577
     13.380962     497.328300
     13.402229     525.722698
     13.413591     498.174103
     13.430172     543.913900
     13.447474     590.819933
     13.460777     688.831128
     13.473021     761.214747
     13.491217     809.019519
     13.508463     859.673153
     13.522412     944.392036
     13.533846     992.566673
     13.551115     924.344462
     13.565339     759.121765
     13.579023     565.975175
     13.596782     499.899087
     13.605893     481.761768
     13.629380     414.833857
     13.637010     428.494761
     13.657017     482.041959
     13.674661     396.889826
     13.686450     462.036195
     13.696251     459.788873
     13.717803     417.508772
     13.733736     421.974348
     13.743237     484.628425
     13.760338     458.904200
     13.774916     452.454465
     13.786000     430.326774
     13.805241     416.850983
     13.818979     468.658625
     13.839003     429.478386
     13.849614     512.589233
     13.865580     502.647945
     13.878618     508.006244
     13.893448     631.221050
     13.908528     613.282401
     13.927564     607.778891
     13.936551     716.955255
     13.959580     763.136746
     13.968851     701.396527
     13.982225     618.205583
     14.000022     560.317660
     14.013358     469.114726
     14.030492     437.145382
     14.044304     427.267963
     14.055389     403.452290
     14.070098     370.404960
     14.089798     423.965352
     14.109507     372.853124
     14.124947     394.027421
     14.130036     390.069380
     14.154948     339.418646
     14.163418     382.751552
     14.183803     396.827069
     14.196456     424.011150
     14.209136     476.353992
     14.229706     387.404631
     14.235200     500.165318
     14.258502     428.410876
     14.269107     384.840520
     14.285869     521.443125
     14.295944     503.218935
     14.310986     646.568147
     14.325043     574.430816
     14.340582     611.188642
     14.356249     687.643692
     14.373588     650.132686
     14.387227     615.416105
     14.409251     485.817238
     14.422466     441.397879
     14.430400     426.007505
     14.445509     404.268342
     14.460303     385.471756
     14.482916     421.519986
     14.494914     417.372921
     14.506992     371.450065
     14.528979     401.865437
     14.540776     434.798626
     14.556409     346.448527
     14.571538     429.457516
     14.589755     341.883967
     14.600917     373.356627
     14.610814     468.698109
     14.633062     435.110233
     14.640941     460.138505
     14.661312     420.393249
     14.676128     453.323153
     14.693963     532.560847
     14.700404     543.806066
     14.715510     583.328283
     14.733221     714.341875
     14.748625     711.198150
     14.762351     680.643517
     14.783782     665.749277
     14.792402     522.779227
     14.811835     485.890415
     14.822788     434.400256
     14.842235     357.315307
     14.850726     342.533759
     14.874448     323.666335
     14.880563     428.302604
     14.898424     333.587259
     14.913584     392.696244
     14.934925     345.491711
     14.942667     343.701040
     14.955471     321.566877
     14.972548     328.095482
     14.993527     355.356977
     15.003234     348.411410
     15.019284     328.671268
     15.037448     369.450542
     15.052874     420.598350
     15.061727     397.106011
     15.078094     397.277895
     15.094867     350.376696
     15.113247     376.164459
     15.125682     421.137809
     15.142837     462.437357
     15.159025     415.894994
     15.168831     409.985056
     15.187673     368.492742
     15.196049     385.568624
     15.214926     378.254928
     15.229696     407.097086
     15.249817     388.038783
     15.258425     392.084628
     15.275329     396.967244
     15.287639     373.245640
     15.308887     343.474595
     15.321921     393.821355
     15.337700     318.931831
     15.346923     344.491791
     15.361730     396.938777
     15.378920     407.555488
     15.397175     360.760799
     15.406172     336.661692
     15.426822     401.931898
     15.444716     399.163961
     15.458122     369.466037
     15.466419     438.891778
     15.485138     441.246886
     15.499520     451.854632
     15.519969     517.406670
     15.526112     468.087709
     15.548509     449.722737
     15.555200     458.491468
     15.572463     458.263853
     15.594513     443.864037
     15.605237     398.886049
     15.624210     351.539001
     15.634996     349.948735
     15.647569     350.488972
     15.661685     427.689349
     15.675575     364.623157
     15.695760     365.769646
     15.707038     373.396429
     15.725216     402.415709
     15.736528     448.581419
     15.750542     430.509539
     15.773608     497.410920
     15.780123     498.249904
     15.797242     531.883314
     15.816571     499.384559
     15.826290     540.773177
     15.846405     702.442260
     15.858304     705.371298
     15.877530     754.637800
     15.886073     758.314591
     15.903527     792.927807
     15.916683     680.471480
     15.931904     585.866712
     15.948789     478.020552
     15.968031     436.482048
     15.980302     370.096729
     15.993556     366.834807
     16.013768     400.299130
     16.023424     330.359881
     16.035529     318.754219
     16.056817     383.987811
     16.067732     303.767862
     16.081786     333.122689
     16.096848     302.802182
     16.112652     331.478273
     16.134550     395.514862
     16.141672     263.228672
     16.155390     327.101712
     16.171316     349.651822
     16.189060     370.047285
     16.206149     351.860631
     16.223457     393.520225
     16.236720     323.178601
     16.245742     384.766969
     16.260501     318.230754
     16.275947     294.541094
     16.292295     364.879288
     16.308095     393.703221
     16.325656     365.214334
     16.341457     360.773297
     16.350585     368.581560
     16.374049     320.363401
     16.389995     380.183945
     16.404970     330.278963
     16.413747     349.031806
     16.430587     315.839285
     16.445989     295.464436
     16.463554     336.622864
     16.471319     374.642868
     16.487173     425.914271
     16.506414     416.749983
     16.521108     394.070864
     16.536940     418.877773
     16.550672     492.297632
     16.563594     559.211787
     16.581053     629.023790
     16.591687     608.610936
     16.611467     538.106083
     16.622403     575.557697
     16.641441     450.163606
     16.654716     438.685359
     16.673911     440.833479
     16.684105     342.081445
     16.704321     308.289620
     16.712352     343.213700
     16.733336     365.347317
     16.744643     352.646387
     16.763205     300.111171
     16.773103     348.780575
     16.794945     358.899418
     16.808196     346.723651
     16.822522     340.094544
     16.833265     320.304559
     16.850627     358.641424
     16.861463     388.805279
     16.879759     391.312422
     16.899502     410.502685
     16.912877     431.906128
     16.927386     496.902469
     16.937610     448.549994
     16.954780     516.543277
     16.973266     437.683587
     16.984021     388.252199
     17.004514     417.896461
     17.012579     326.130377
     17.031219     342.050898
     17.049583     235.849482
     17.062605     320.198854
     17.076152     308.957678
     17.091773     346.244434
     17.105045     327.383185
     17.115921     251.917914
     17.133827     282.309182
     17.145399     255.522258
     17.167632     327.604166
     17.178209     364.826308
     17.190406     288.351938
     17.212035     291.893471
     17.228450     333.729840
     17.244889     355.567296
     17.252956     359.191150
     17.272511     346.997069
     17.283545     344.038354
     17.299988     296.073682
     17.312120     326.951925
     17.334076     333.821429
     17.347514     269.686227
     17.355363     278.296180
     17.373238     371.052351
     17.385531     303.169236
     17.404744     371.656912
     17.420581     332.993580
     17.435910     296.106215
     17.453219     382.461221
     17.462607     276.623091
     17.479906     323.300731
     17.496384     307.279851
     17.508407     353.931468
     17.525581     318.581202
     17.538577     333.115503
     17.552915     333.920721
     17.574381     369.758140
     17.584182     406.052359
     17.596720     445.259250
     17.615689     382.145689
     17.629463     444.603704
     17.649075     398.806656
     17.664035     349.749257
     17.676707     371.476833
     17.685033     322.887699
     17.704036     338.400508
     17.719231     322.533820
     17.737419     337.270426
     17.753329     270.861407
     17.764504     266.280168
     17.783540     278.306688
     17.792947     338.410052
     17.813405     322.342632
     17.828529     301.966146
     17.839023     350.313980
     17.856008     396.783396
     17.871671     371.599851
     17.886393     360.184030
     17.900552     351.270054
     17.917652     316.806461
     17.934942     438.585612
     17.942309     348.093429
     17.960935     265.969606
     17.977877     330.813573
     17.992370     275.102057
     18.007582     301.297935
     18.021274     335.657707
     18.032180     302.801953
     18.051867     346.531021
     18.067846     333.289311
     18.077718     265.435553
     18.093445     310.426510
     18.106985     276.963559
     18.125682     287.758294
     18.135856     339.380907
     18.159341     263.963321
     18.172818     261.610818
     18.180778     239.252480
     18.202540     317.004595
     18.211413     340.611416
     18.230583     335.667214
     18.244853     327.245270
     18.256020     367.477503
     18.272636     288.940612
     18.290821     322.456842
     18.300615     330.131838
     18.319552     267.687762
     18.335216     277.787892
     18.352879     297.349219
     18.360178     290.941599
     18.384960     306.610810
     18.391011     296.027271
     18.407514     305.231206
     18.421894     316.472596
     18.440042     249.189749
     18.459410     308.760971
     18.468496     313.999676
     18.486977     219.860910
     18.500081     235.079717
     18.512346     256.949550
     18.534904     343.034938
     18.541731     254.117133
     18.555361     247.129451
     18.570067     275.752220
     18.585594     270.440001
     18.607743     251.141375
     18.623345     275.552617
     18.638490     249.450343
     18.651154     275.568443
     18.660552     313.953583
     18.676551     241.602023
     18.690577     290.416223
     18.714145     327.603584
     18.727319     343.067578
     18.744223     301.634598
     18.756159     359.233317
     18.774201     316.284280
     18.780351     428.652998
     18.795019     383.269067
     18.814695     402.417973
     18.825308     382.267664
     18.847227     477.784610
     18.861871     495.796703
     18.873204     423.618766
     18.889365     452.243725
     18.908120     463.947738
     18.924909     412.975184
     18.936638     399.063019
     18.946330     272.514118
     18.966172     255.390330
     18.979779     341.772192
     18.997543     320.764073
     19.011582     314.596407
     19.023221     301.400213
     19.038843     354.294547
     19.059880     368.057705
     19.066215     300.107938
     19.087894     333.023944
     19.100012     330.633714
     19.119072     341.340641
     19.128202     298.535141
     19.141859     355.089470
     19.157837     357.641726
     19.179503     354.430105
     19.185030     343.366964
     19.202268     364.766883
     19.221696     326.152599
     19.237689     333.862878
     19.254325     324.944887
     19.269869     287.091019
     19.284680     341.791937
     19.297742     381.239791
     19.308003     338.912041
     19.320126     305.181210
     19.337392     375.334921
     19.356472     322.916900
     19.372157     342.258478
     19.387439     305.563726
     19.397182     287.047676
     19.411521     343.199807
     19.426981     412.840319
     19.442102     447.818174
     19.461635     445.492627
     19.474662     376.791989
     19.485415     498.809998
     19.509373     525.589911
     19.523555     364.691796
     19.534049     339.695354
     19.553971     308.298863
     19.562149     328.104244
     19.579807     356.337590
     19.591756     265.965062
     19.606130     344.032114
     19.628358     293.950445
     19.643336     300.563528
     19.654322     334.244812
     19.669414     279.977380
     19.681732     314.758898
     19.704220     333.326339
     19.717191     333.644902
     19.731621     316.000881
     19.747082     251.286299
     19.762112     345.738219
     19.779359     338.800687
     19.790672     306.372829
     19.801586     295.877945
     19.824903     266.122108
     19.830030     323.273292
     19.852582     296.184258
     19.860420     297.984335
     19.884136     299.242830
     19.898781     302.955270
     19.906592     342.110041
     19.925782     301.105198
     19.944347     275.952542
     19.959300     292.209369
     19.967636     384.762477
     19.987530     340.236939
     20.001728     322.645299
     20.017728     326.084017
     20.033793     348.353905
     20.049567     346.303105
     20.060559     411.087056
     20.077889     399.924806
     20.086102     472.534284
     20.102936     420.624658
     20.118976     400.792871
     20.137332     344.790261
     20.151266     304.430588
     20.162625     268.108067
     20.184120     338.446519
     20.197505     296.804929
     20.212796     293.551882
     20.222351     311.089921
     20.241373     323.508580
     20.259566     301.610873
     20.274387     328.794705
     20.281193     301.622834
     20.295048     359.837065
     20.313565     301.596391
     20.333452     373.624071
     20.347889     379.711042
     20.364028     333.908982
     20.374471     337.761811
     20.392239     349.660382
     20.402752     309.332508
     20.416424     341.752153
     20.435838     305.462093
     20.446480     284.793594
     20.463956     300.180019
     20.476117     363.669717
     20.497632     328.193904
     20.509079     286.280582
     20.520447     357.724143
     20.543505     286.520502
     20.550609     325.805958
     20.567726     385.763990
     20.583061     392.705326
     20.602788     334.969943
     20.618436     428.671058
     20.628946     354.071057
     20.646485     369.765784
     20.657356     388.624951
     20.677987     340.092296
     20.693852     391.532914
     20.701229     359.584016
     20.717749     315.473657
     20.731091     325.762628
     20.749763     381.931795
     20.764497     401.831206
     20.777455     365.268443
     20.798316     372.573251
     20.809212     377.589316
     20.826000     380.707204
     20.838089     336.323176
     20.858580     364.172250
     20.867764     326.956062
     20.887523     411.919138
     20.900460     466.923442
     20.913229     492.308962
     20.926023     435.213681
     20.944992     452.389881
     20.958280     364.488590
     20.978291     403.836915
     20.986173     415.706312
     21.002034     344.997536
     21.021007     304.477205
     21.030283     380.119735
     21.052964     315.969959
     21.061536     322.276529
     21.078944     346.285379
     21.099878     323.859664
     21.111068     338.018318
     21.127490     332.554322
     21.141921     315.620166
     21.156423     361.206369
     21.173749     276.458249
     21.187197     302.880815
     21.200201     307.142731
     21.211948     309.142458
     21.228539     341.252763
     21.244352     285.333013
     21.255294     351.148463
     21.279868     293.332851
     21.292393     278.536192
     21.300416     369.080513
     21.321660     331.059993
     21.336743     351.025808
     21.350636     366.011613
     21.364822     353.183984
     21.381096     340.067385
     21.396422     389.482327
     21.408942     347.428552
     21.424574     426.320802
     21.437415     426.623819
     21.458177     405.545265
     21.473278     404.195109
     21.487274     396.458272
     21.497100     379.288698
     21.517730     386.082796
     21.534098     400.393238
     21.540315     361.609861
     21.560561     336.753917
     21.578169     371.616850
     21.593814     359.167949
     21.600189     383.301869
     21.617880     293.903038
     21.636185     343.468978
     21.649754     301.748418
     21.667371     366.923031
     21.678354     389.595392
     21.690706     316.267491
     21.714363     405.363423
     21.725206     394.574735
     21.738977     364.034378
     21.752136     301.352311
     21.771416     373.536956
     21.783699     316.355980
     21.800571     285.500186
     21.819870     289.812955
     21.834134     335.422058
     21.844326     382.027093
     21.858713     313.598677
     21.878528     345.827610
     21.891473     313.391977
     21.903397     335.820859
     21.917396     306.248109
     21.934064     319.396892
     21.946477     382.806587
     21.969667     322.774361
     21.980906     409.489717
     21.994333     341.603418
     22.011218     392.773701
     22.027879     397.207916
     22.041587     360.818154
     22.056442     346.074387
     22.068190     341.329787
     22.086253     288.224547
     22.095443     398.780000
     22.111614     357.042696
     22.134378     359.836259
     22.148100     364.986702
     22.156219     313.976602
     22.176956     368.498160
     22.187052     374.838612
     22.208877     372.906410
     22.223546     402.190842
     22.238570     412.647391
     22.250258     459.338410
     22.266873     449.559330
     22.276608     470.556101
     22.298640     407.857863
     22.307509     422.895713
     22.326287     429.661881
     22.338721     329.947456
     22.350352     363.324303
     22.369115     336.772869
     22.387753     314.853763
     22.404688     327.547999
     22.415954     325.206236
     22.425279     319.976446
     22.444733     375.308272
     22.459122     349.046806
     22.478297     382.546558
     22.494916     364.399093
     22.507319     338.783236
     22.521326     297.206943
     22.539126     334.245463
     22.551123     289.821032
     22.564522     347.219632
     22.580221     311.314892
     22.596345     276.288971
     22.611256     327.055088
     22.621167     379.089004
     22.640360     299.304235
     22.659025     345.944497
     22.665633     333.115919
     22.689222     264.649019
     22.703134     293.554415
     22.713684     313.945732
     22.728479     342.548244
     22.745242     374.621829
     22.758330     340.431567
     22.772372     398.005497
     22.791193     422.875772
     22.802095     354.186072
     22.821489     441.838125
     22.835221     409.493284
     22.852614     334.524608
     22.869361     361.452385
     22.882597     275.792128
     22.890386     298.032827
     22.906871     350.468129
     22.927190     304.813653
     22.935581     261.451015
     22.958894     319.056592
     22.970270     355.294801
     22.989320     253.618427
     23.001876     238.915861
     23.015018     338.910657
     23.027531     263.347124
     23.040352     262.020666
     23.056813     331.979341
     23.074708     331.034618
     23.094358     302.368417
     23.108098     325.969035
     23.124400     294.464829
     23.134498     264.790046
     23.147048     330.751021
     23.160588     236.391019
     23.178486     298.917479
     23.198494     310.604516
     23.209251     270.163332
     23.229751     297.868062
     23.235946     312.297415
     23.256994     383.346174
     23.271097     320.926740
     23.289402     310.447758
     23.295389     348.604599
     23.317551     315.523632
     23.333218     304.358853
     23.346482     301.719122
     23.361944     284.660342
     23.379378     308.053934
     23.385652     336.932880
     23.400048     361.300193
     23.422980     352.914565
     23.434159     288.047251
     23.454400     271.078003
     23.466009     330.909196
     23.477082     296.111252
     23.494391     317.785746
     23.509320     386.452384
     23.521942     370.914724
     23.541588     357.143101
     23.551137     356.295198
     23.572470     349.113362
     23.581504     365.676466
     23.599598     415.023640
     23.616062     344.681049
     23.626476     311.078577
     23.645504     332.972694
     23.664435     349.070879
     23.672294     321.205389
     23.691189     325.518214
     23.700573     257.343274
     23.715502     351.683858
     23.733924     286.746580
     23.745267     329.801823
     23.761753     295.292491
     23.775317     354.815566
     23.799297     317.671888
     23.808064     352.506937
     23.821662     356.977642
     23.842513     318.146498
     23.857820     356.690967
     23.868975     309.921622
     23.883347     290.360410
     23.896045     335.368153
     23.913943     318.671632
     23.932290     323.120687
     23.940515     255.316680
     23.960908     310.085041
     23.979052     337.283884
     23.992325     282.192739
     24.003069     323.460646
     24.017616     314.672748
     24.034760     269.199603
     24.047884     306.235452
     24.069104     333.392673
     24.078413     334.909202
     24.099219     263.036221
     24.106596     310.076199
     24.127740     289.641811
     24.140602     312.471604
     24.159780     342.943814
     24.173229     290.437326
     24.184159     280.325184
     24.197911     312.367661
     24.217592     253.711602
     24.234042     267.422375
     24.248910     344.123437
     24.264840     272.326342
     24.273762     293.629440
     24.289536     348.917641
     24.305089     269.028799
     24.320368     340.211267
     24.337673     267.019162
     24.349623     320.641920
     24.363807     322.764509
     24.380804     224.328242
     24.397152     354.660822
     24.412763     351.030828
     24.426405     348.998213
     24.444287     328.284518
     24.455634     333.691856
     24.470522     275.840319
     24.487214     354.232550
     24.499147     316.587934
     24.515610     364.406357
     24.526200     292.854827
     24.542517     311.069531
     24.558239     319.737870
     24.570896     296.496094
     24.589971     324.628802
     24.602295     288.370382
     24.621859     325.804605
     24.631528     262.600157
     24.654874     302.706876
     24.662423     311.069756
     24.684328     268.130627
     24.698385     263.495203
     24.709125     294.810978
     24.723989     334.015711
     24.739655     318.504366
     24.758712     338.849693
     24.772498     248.052068
     24.784296     319.624276
     24.800196     301.496196
     24.818749     347.722088
     24.825025     267.528419
     24.848059     373.770842
     24.863430     354.785683
     24.879442     333.333093
     24.891953     283.350551
     24.903212     283.457017
     24.915410     314.278734
     24.932886     327.120050
     24.947035     389.406701
     24.966308     411.606456
     24.977178     417.643162
     24.995204     388.581191
     25.009018     440.842358
     25.028747     401.862718
     25.035146     398.312894
     25.056628     344.975871
     25.072206     438.644947
     25.086600     356.907740
     25.096402     339.717183
     25.117333     376.435984
     25.134952     280.961368
     25.145138     274.459332
     25.159833     289.202089
     25.176331     303.593303
     25.191463     382.709712
     25.205292     380.224615
     25.215180     371.970125
     25.231631     337.801685
     25.248049     341.581589
     25.263283     315.595595
     25.281591     372.140314
     25.293226     309.121979
     25.308714     285.310996
     25.327760     343.824691
     25.343853     239.639804
     25.351165     261.874183
     25.369485     281.758975
     25.389696     292.032321
     25.396864     252.493793
     25.412012     319.383621
     25.429504     225.733736
     25.445303     315.757402
     25.459389     286.987392
     25.472293     270.918062
     25.493789     338.555342
     25.503405     247.094290
     25.524104     308.141262
     25.539468     322.247951
     25.547041     264.125396
     25.568630     262.627021
     25.577164     277.300166
     25.592562     336.783392
     25.606193     279.912716
     25.623471     343.537071
     25.635762     284.295198
     25.654609     308.009666
     25.666760     319.059067
     25.687945     333.851867
     25.702084     289.034175
     25.719527     327.009469
     25.731589     361.930161
     25.741165     364.455923
     25.763323     276.549251
     25.777382     251.132414
     25.788066     320.874767
     25.808819     332.795858
     25.815697     326.996226
     25.836323     295.501695
     25.853017     311.909478
     25.861060     306.727073
     25.879512     294.921130
     25.897927     317.532091
     25.909367     239.983485
     25.923452     315.294314
     25.935339     285.376752
     25.958321     332.680116
     25.974785     309.667880
     25.984588     319.409373
     26.001135     296.008697
     26.014870     223.089406
     26.032362     298.809072
     26.047780     323.674314
     26.063810     289.032293
     26.075945     243.329886
     26.087568     372.599379
     26.102284     301.410596
     26.124423     315.289312
     26.130298     280.364852
     26.148418     318.047715
     26.167326     392.485634
     26.177135     330.250206
     26.199221     297.351195
     26.207754     388.567360
     26.220873     338.057722
     26.236176     273.094572
     26.255115     302.834454
     26.270579     309.676347
     26.285607     288.503759
     26.301020     325.332052
     26.317604     290.059507
     26.333724     243.580676
     26.344221     332.508877
     26.358473     344.653087
     26.372554     332.121478
     26.392405     323.575251
     26.400310     380.880207
     26.418268     268.612755
     26.434185     337.389849
     26.449516     324.004089
     26.469335     308.682515
     26.475084     335.964540
     26.492062     336.581665
     26.510604     305.244235
     26.525656     364.358821
     26.541577     311.043327
     26.557124     273.097926
     26.570436     360.854547
     26.586463     297.248060
     26.598563     298.998039
     26.615149     350.335944
     26.630125     342.823872
     26.640423     277.022616
     26.657203     347.528211
     26.676067     363.568425
     26.687304     315.161596
     26.707991     298.983586
     26.720616     262.794287
     26.736084     278.686354
     26.752486     286.731755
     26.767972     237.527561
     26.781383     258.562232
     26.794508     197.131785
     26.811883     252.403989
     26.821594     310.178104
     26.844129     232.794712
     26.855774     339.240520
     26.870179     286.452043
     26.884168     354.569202
     26.902728     242.977582
     26.911413     271.353426
     26.925350     340.530352
     26.942439     398.920219
     26.957377     339.008013
     26.976570     286.905237
     26.989751     274.602527
     27.009865     289.652618
     27.021502     291.417616
     27.037408     351.550356
     27.051932     379.326315
     27.060535     306.964669
     27.076901     311.257395
     27.096947     342.171012
     27.105515     269.084430
     27.126112     307.245935
     27.144506     346.461576
     27.151215     282.948889
     27.166814     313.669342
     27.185078     317.662749
     27.200222     317.660975
     27.219374     322.871802
     27.232298     289.125277
     27.241256     360.294365
     27.256069     343.559328
     27.278622     318.720682
     27.291805     281.050695
     27.301579     331.781804
     27.318220     320.795867
     27.334253     352.398398
     27.347489     291.524227
     27.364675     299.738398
     27.383208     335.196609
     27.399763     310.954399
     27.413154     251.964328
     27.428711     324.258574
     27.437985     317.521948
     27.457675     379.514460
     27.469975     326.159100
     27.487083     297.610484
     27.500839     261.571949
     27.516067     282.210067
     27.533613     258.982442
     27.541497     339.597481
     27.564741     333.408636
     27.579237     275.008234
     27.592716     294.123836
     27.602529     262.199002
     27.618856     313.988435
     27.639663     335.644205
     27.653661     253.295651
     27.666749     360.620283
     27.676454     364.850743
     27.692297     342.225345
     27.711164     302.147104
     27.724366     327.603277
     27.743982     370.420088
     27.757350     377.740595
     27.773721     342.320519
     27.783294     333.072889
     27.801342     278.202108
     27.814553     336.664803
     27.829633     260.055516
     27.848768     258.818592
     27.860976     360.668587
     27.876671     336.854158
     27.893780     385.075439
     27.907387     418.569754
     27.924270     337.297278
     27.931285     411.946146
     27.947341     294.316381
     27.962596     351.055338
     27.979259     368.726357
     27.997796     286.610323
     28.008934     341.986852
     28.024752     351.305330
     28.038878     295.854716
     28.056846     347.451930
     28.068690     282.312640
     28.084468     377.213595
     28.104752     309.987987
     28.119974     316.166501
     28.131214     289.090309
     28.140455     358.666801
     28.159563     249.607932
     28.172034     332.286816
     28.194456     266.020972
     28.208148     281.905162
     28.218555     347.457531
     28.238567     313.280459
     28.250906     336.894366
     28.262838     303.193177
     28.282358     275.309015
     28.293708     344.494682
     28.314575     284.129975
     28.327197     299.000788
     28.338375     346.784503
     28.355114     324.942467
     28.373627     358.747791
     28.389937     292.529082
     28.401055     303.881672
     28.419241     400.453828
     28.428656     282.061555
     28.449197     326.237824
     28.459947     403.735131
     28.479806     364.904444
     28.491975     319.135190
     28.502171     355.630160
     28.520188     395.124716
     28.538956     439.961605
     28.548725     442.664923
     28.561919     343.674227
     28.575769     336.481859
     28.592203     383.961776
     28.607269     316.104646
     28.620148     404.257383
     28.640374     321.175778
     28.659679     310.298151
     28.674684     265.499219
     28.686607     339.678805
     28.697929     389.559731
     28.711521     305.037509
     28.730234     321.527468
     28.746920     333.976309
     28.762786     331.550639
     28.779974     263.147862
     28.793049     368.405126
     28.803289     333.685525
     28.817132     313.688373
     28.835645     314.723170
     28.854754     338.971342
     28.863237     263.307109
     28.883873     319.921112
     28.898451     376.492487
     28.911122     334.908346
     28.926375     366.706390
     28.935251     383.921228
     28.955627     349.973274
     28.974920     398.519172
     28.981401     382.061469
     29.004980     301.588863
     29.019764     325.469552
     29.031669     344.484225
     29.046580     316.645090
     29.060265     332.543595
     29.072638     286.194235
     29.089533     318.172831
     29.100128     353.582744
     29.115712     352.796800
     29.134473     305.985332
     29.153570     319.555396
     29.168756     270.115708
     29.177109     331.530531
     29.190949     288.509176
     29.211944     383.714078
     29.225151     322.088358
     29.240927     305.779416
     29.257987     307.177107
     29.265195     281.865436
     29.287187     250.812175
     29.301800     275.561788
     29.316973     286.999087
     29.326022     339.255265
     29.343555     343.847366
     29.355315     268.163717
     29.379953     232.583712
     29.389667     282.205054
     29.403364     271.541631
     29.422601     275.124469
     29.430941     260.016645
     29.446283     337.291024
     29.464141     333.018240
     29.477889     297.874577
     29.497744     310.358792
     29.509198     259.152867
     29.523533     311.693687
     29.543578     281.235861
     29.559714     343.108779
     29.573619     272.462634
     29.581363     313.188624
     29.599507     332.604282
     29.612813     296.065646
     29.625723     296.122345
     29.645807     251.037279
     29.657005     319.620944
     29.679369     324.867179
     29.690632     275.909745
     29.700423     303.029311
     29.720211     312.373291
     29.738203     311.657541
     29.747806     320.194242
     29.760580     230.274883
     29.784111     258.855153
     29.799391     256.125510
     29.812127     325.132443
     29.827519     335.684649
     29.844846     282.955142
     29.853175     268.898562
     29.867895     303.386973
     29.882048     311.708802
     29.899665     290.895341
     29.918065     304.107242
     29.933445     257.166686
     29.943297     249.596682
     29.955804     258.695671
     29.978580     272.160008
     29.994505     274.771773
     30.007981     305.830561
     30.015002     333.814608
     30.035906     252.854544
     30.049179     331.559601
     30.066891     259.213647
     30.080555     221.460569
     30.097011     340.971232
     30.111097     296.182616
     30.126899     271.565850
     30.141401     266.012676
     30.156274     288.935947
     30.173578     301.553086
     30.186812     248.148842
     30.197178     255.430304
     30.210886     293.430046
     30.228629     247.071289
     30.245718     310.690911
     30.262745     260.542013
     30.270393     273.046365
     30.285744     299.075323
     30.308705     234.339299
     30.323025     217.751902
     30.331014     287.761608
     30.350697     311.076733
     30.363781     332.983332
     30.376972     359.955746
     30.390026     269.259736
     30.407024     239.864938
     30.427770     299.426617
     30.436775     318.989327
     30.450010     274.667822
     30.465696     301.541760
     30.486036     251.488741
     30.498296     277.154956
     30.517937     327.017533
     30.525770     265.979008
     30.549063     321.855166
     30.564443     296.654922
     30.579058     344.379080
     30.585709     330.597647
     30.606694     239.688139
     30.617155     252.749246
     30.631836     252.360945
     30.645003     314.104853
     30.664797     311.605973
     30.677882     264.120530
     30.693811     295.392501
     30.709163     336.603066
     30.724711     263.279048
     30.735255     262.725660
     30.750051     297.937236
     30.768931     312.447107
     30.787208     293.931916
     30.798383     319.641135
     30.810901     333.805489
     30.829402     327.562210
     30.844736     289.278553
     30.857521     224.685635
     30.874695     284.997849
     30.894590     320.786707
     30.909985     327.419732
     30.920400     345.911008
     30.937662     282.075313
     30.951666     304.400289
     30.963690     280.162483
     30.976125     250.691868
     30.995280     262.805774
     31.005391     312.837954
     31.029524     291.480861
     31.041181     230.312963
     31.054161     275.748309
     31.067730     238.798861
     31.081784     286.000857
     31.098567     306.237496
     31.119435     300.865763
     31.127778     308.399513
     31.140582     288.623540
     31.161488     269.355329
     31.170921     337.976764
     31.185496     271.785956
     31.201435     225.415298
     31.216378     325.928020
     31.239279     291.166122
     31.248758     291.157843
     31.265718     224.191570
     31.283508     258.264626
     31.290556     251.244128
     31.307146     290.275794
     31.328463     321.183745
     31.339738     297.289221
     31.355182     309.346515
     31.369272     303.816335
     31.386140     270.855720
     31.400854     246.011933
     31.415570     228.532738
     31.425242     246.149770
     31.444429     329.532045
     31.459546     250.712395
     31.472842     327.321131
     31.489449     284.430065
     31.503590     294.102387
     31.516381     265.391636
     31.537905     293.148651
     31.553170     316.252551
     31.569244     240.819736
     31.578962     342.014577
     31.595505     247.060069
     31.609828     285.803508
     31.622544     272.154644
     31.639644     326.489090
     31.659380     316.948574
     31.665007     256.602044
     31.683989     276.053506
     31.695435     290.452442
     31.717564     299.496130
     31.733454     312.689393
     31.747844     349.513615
     31.760392     226.737765
     31.774702     305.133493
     31.792719     254.374708
     31.808621     311.590749
     31.820476     320.871205
     31.834177     222.671596
     31.851115     281.670222
     31.862048     266.949761
     31.882452     292.888598
     31.892164     263.346759
     31.908555     290.953849
     31.921070     287.934369
     31.936632     304.552134
     31.952946     297.585234
     31.967647     340.444543
     31.981662     269.846082
     31.999551     263.704230
     32.017977     318.240585
     32.029634     269.957374
     32.048159     335.274262
     32.055737     265.247166
     32.072273     282.170200
     32.087295     269.069716
     32.106117     292.599538
     32.116430     296.040082
     32.139816     268.452937
     32.150072     294.981583
     32.163631     256.897013
     32.184602     324.784911
     32.198822     308.963694
     32.211168     277.745090
     32.223151     342.561864
     32.237129     268.074706
     32.255848     329.387534
     32.267832     317.709589
     32.283177     259.340591
     32.300514     273.291592
     32.313099     302.344703
     32.333045     293.605393
     32.347375     237.963912
     32.362462     287.431736
     32.375020     218.581758
     32.388799     297.311963
     32.400476     317.741620
     32.416552     299.019624
     32.433013     238.936544
     32.454811     320.481825
     32.460731     291.587495
     32.484553     311.589384
     32.492120     247.021307
     32.512499     272.049846
     32.527213     306.088883
     32.538282     302.098553
     32.556086     283.983074
     32.566834     291.149564
     32.584672     337.825803
     32.602612     328.543753
     32.617427     265.161506
     32.632952     271.436181
     32.646904     253.268161
     32.659973     260.066058
     32.674274     320.835087
     32.691017     278.613013
     32.707989     303.466197
     32.717178     288.892637
     32.731073     255.463306
     32.752888     298.613319
     32.766851     258.136948
     32.782010     260.090787
     32.798126     270.641217
     32.806262     309.393530
     32.825604     308.958260
     32.838556     308.738277
     32.857186     269.387739
     32.871114     293.777576
     32.885176     325.658904
     32.903110     352.551588
     32.917397     294.462637
     32.926490     328.441916
     32.944944     313.682730
     32.959816     310.210795
     32.976835     263.878995
     32.986071     309.250437
     33.009772     264.406291
     33.018409     333.190676
     33.032571     294.895773
     33.050093     289.871525
     33.061078     265.256344
     33.079070     285.922925
     33.097219     225.810766
     33.107423     290.955457
     33.123954     313.215205
     33.137741     220.922445
     33.153153     312.706139
     33.174565     306.972369
     33.186262     235.178812
     33.201008     244.364245
     33.214648     261.379416
     33.231670     268.311964
     33.246233     291.199211
     33.262012     226.337775
     33.276520     244.638094
     33.288211     291.072253
     33.305206     228.080584
     33.315685     295.931480
     33.331804     286.304674
     33.353532     309.038170
     33.360969     237.984966
     33.375622     243.775920
     33.396355     241.898300
     33.405462     280.481667
     33.421444     279.325469
     33.440920     292.469601
     33.454785     304.926151
     33.471701     244.179701
     33.483455     284.770960
     33.500058     276.404205
     33.518089     266.936787
     33.526721     281.803512
     33.540192     270.232920
     33.557543     287.250874
     33.579006     310.842165
     33.585225     289.691641
     33.609772     299.915795
     33.619050     301.143014
     33.634155     314.524762
     33.653474     290.441927
     33.664873     254.364916
     33.677968     322.040292
     33.690874     285.047646
     33.706973     306.857556
     33.729667     283.728305
     33.744672     277.472108
     33.752295     278.294645
     33.772849     256.491735
     33.785505     295.102229
     33.803451     233.812863
     33.810785     224.561194
     33.827058     316.119059
     33.844668     295.366788
     33.863880     244.905907
     33.871235     294.792309
     33.885802     260.065770
     33.901739     247.715839
     33.915888     256.434503
     33.935893     267.929452
     33.949973     312.556839
     33.964175     259.417736
     33.984951     327.478074
     33.993504     291.690327
     34.006220     270.051830
     34.029041     334.948695
     34.035544     288.945507
     34.052229     294.056494
     34.065799     280.962256
     34.083227     286.796205
     34.104563     256.450784
     34.112690     271.647683
     34.134060     259.936331
     34.142258     228.756042
     34.164333     298.607513
     34.174516     305.222437
     34.190287     278.196187
     34.207586     294.957345
     34.222904     229.453273
     34.239258     276.078476
     34.254072     291.348255
     34.268408     248.518963
     34.277371     268.495561
     34.295055     278.833911
     34.313658     224.418134
     34.321910     312.198287
     34.339994     281.561597
     34.358549     293.869355
     34.372901     221.916882
     34.384524     290.437489
     34.395204     237.548632
     34.412385     242.752005
     34.432265     308.485693
     34.444661     278.107829
     34.462461     261.705589
     34.473036     244.033219
     34.492562     253.123369
     34.506962     239.570382
     34.524471     274.249827
     34.530651     309.813129
     34.552900     264.504475
     34.563215     251.475325
     34.584629     245.093806
     34.596639     234.113722
     34.605760     346.251767
     34.624508     304.862199
     34.638609     301.279753
     34.655968     335.704573
     34.668500     320.124575
     34.681178     246.444069
     34.704345     324.130466
     34.719958     245.767895
     34.732595     335.791209
     34.747548     309.589038
     34.761200     308.636782
     34.777755     289.345677
     34.786898     326.519205
     34.806018     315.627369
     34.824264     263.782099
     34.834404     306.094796
     34.845488     346.888981
     34.862650     283.284733
     34.883933     234.915250
     34.896763     225.779629
     34.905372     267.148490
     34.923373     244.411508
     34.943428     238.116562
     34.952343     267.978733
     34.973822     259.302131
     34.986406     275.032548
     35.002083     211.846634
     35.014917     217.107709
     35.029055     314.017916
     35.046917     300.354767
     35.061263     254.264739
     35.079662     227.897092
     35.089864     265.466142
     35.102465     306.951156
     35.119924     285.770647
     35.135249     219.656587
     35.145476     264.847715
     35.166081     219.096982
     35.181818     191.365938
     35.197473     299.102903
     35.207642     329.810177
     35.229316     252.141494
     35.235669     299.246334
     35.250528     245.365467
     35.270892     306.061893
     35.289969     256.939076
     35.299984     245.697530
     35.315072     182.276945
     35.328055     234.529485
     35.341127     241.254997
     35.364765     313.395850
     35.374062     287.727510
     35.386784     222.631634
     35.400468     292.800069
     35.417578     260.985429
     35.439839     256.405167
     35.451428     287.860388
     35.467640     307.740122
     35.482141     258.608438
     35.492225     277.494299
     35.505024     231.841124
     35.524146     277.173744
     35.539957     288.009075
     35.550021     242.145378
     35.565879     227.697656
     35.582718     298.092968
     35.598579     222.352526
     35.612103     267.221154
     35.634001     215.909794
     35.644536     287.316317
     35.658866     289.719639
     35.672061     255.227069
     35.690916     294.233301
     35.701712     296.359832
     35.717222     267.320922
     35.738015     278.908112
     35.750158     255.539940
     35.766687     235.098902
     35.780718     244.879039
     35.790945     295.427119
     35.814908     249.095466
     35.829978     304.489077
     35.844908     235.866462
     35.859755     278.665464
     35.865092     270.196224
     35.889752     223.212061
     35.904328     215.103568
     35.915841     242.800543
     35.925828     223.309134
     35.942682     265.566624
     35.957793     217.705744
     35.973983     279.092712
     35.994820     255.047964
     36.005298     258.720866
     36.021225     256.811642
     36.036175     203.832674
     36.053586     230.392711
     36.067266     302.172418
     36.077477     300.526805
     36.099683     219.332376
     36.108572     273.127822
     36.128699     276.749326
     36.139529     254.130208
     36.158747     232.134781
     36.165390     319.223404
     36.180842     294.913343
     36.204485     256.136596
     36.213721     270.840905
     36.227609     241.645773
     36.240954     285.498254
     36.260841     303.891028
     36.273637     231.656170
     36.285011     270.451902
     36.305373     251.887811
     36.320518     326.868343
     36.338148     280.623810
     36.351296     260.586613
     36.365593     303.192191
     36.376376     286.601236
     36.395933     212.047481
     36.410991     223.232949
     36.423200     225.774933
     36.442308     280.592474
     36.457209     211.147844
     36.465497     270.109295
     36.487876     307.206102
     36.496620     293.660573
     36.514644     224.510831
     36.527760     256.283770
     36.546925     250.402415
     36.560456     199.646657
     36.579193     258.611119
     36.589260     200.648235
     36.607029     186.725699
     36.617963     213.288761
     36.630777     286.169505
     36.649016     280.301426
     36.668467     261.791920
     36.682911     305.976744
     36.691389     271.465321
     36.705045     252.499961
     36.724729     263.364620
     36.741884     236.755285
     36.756678     300.713373
     36.771635     216.938074
     36.782138     300.637913
     36.803076     254.103336
     36.819752     265.687159
     36.825790     218.121161
     36.843986     207.001847
     36.859670     228.705698
     36.870027     274.037221
     36.892421     286.713974
     36.909437     286.645826
     36.918452     263.728999
     36.932561     225.199104
     36.948226     256.965006
     36.962386     253.590808
     36.979705     274.625310
     36.991390     191.147502
     37.014348     296.676170
     37.029142     295.859507
     37.038324     200.405510
     37.053605     269.470624
     37.065843     278.203153
     37.084991     249.185303
     37.097418     253.658789
     37.116866     233.896924
     37.131438     242.489896
     37.142239     240.230974
     37.160653     251.751137
     37.178203     253.621143
     37.188937     254.370469
     37.203390     320.261414
     37.223790     266.808663
     37.234643     220.602352
     37.246378     255.089916
     37.268171     285.006432
     37.280752     321.491162
     37.297760     232.772394
     37.309575     306.727439
     37.323576     302.227992
     37.335665     320.478985
     37.355784     280.613674
     37.366749     256.170086
     37.385190     273.701006
     37.402972     246.911747
     37.411461     261.138065
     37.431388     185.238674
     37.440033     294.895252
     37.460966     247.604235
     37.475923     234.418200
     37.488859     254.418297
     37.507657     176.130347
     37.523199     276.496002
     37.532891     233.284425
     37.553021     260.859700
     37.568629     292.792465
     37.582724     257.424886
     37.599762     214.350151
     37.607625     289.679076
     37.626458     276.269358
     37.641453     278.407690
     37.653089     188.386427
     37.665597     221.568838
     37.689038     300.280365
     37.695147     274.898639
     37.713625     276.743786
     37.731412     227.371094
     37.740932     290.866800
     37.759801     253.140924
     37.771911     222.682347
     37.791203     196.861770
     37.803921     196.103585
     37.821166     287.107509
     37.838562     278.575331
     37.852901     231.461097
     37.862097     237.408120
     37.875863     217.582049
     37.892602     200.098184
     37.908692     243.125455
     37.928999     172.450627
     37.943552     302.798343
     37.954258     218.589253
     37.965183     184.469725
     37.987876     235.588066
     37.998303     260.544187
     38.011977     220.225959
     38.026363     192.617772
     38.047764     234.606424
     38.058205     202.484031
     38.078998     249.177396
     38.093844     265.096704
     38.105540     280.286288
     38.123670     191.663192
     38.131191     204.068557
     38.147758     203.430956
     38.166802     265.701304
     38.184275     247.645833
     38.194779     275.016875
     38.205135     251.142262
     38.223316     238.191650
     38.244313     244.716836
     38.254730     237.853577
     38.265556     273.586283
     38.285282     255.974900
     38.303364     310.923089
     38.317438     233.684004
     38.325285     278.887747
     38.343253     244.909728
     38.364320     242.953457
     38.373730     235.058569
     38.389557     273.030604
     38.401218     297.504540
     38.423536     232.353576
     38.438632     189.036003
     38.450606     264.773817
     38.468738     244.902452
     38.475114     230.097721
     38.492571     280.870218
     38.511564     227.877031
     38.524351     243.697082
     38.542597     213.353666
     38.557818     274.578015
     38.567828     215.268271
     38.580126     217.520703
     38.603583     218.671855
     38.613989     232.689183
     38.628237     270.079683
     38.646424     220.728357
     38.660564     177.611479
     38.677019     225.832605
     38.686138     306.047917
     38.704957     184.114747
     38.720950     219.405775
     38.736293     159.460183
     38.745389     223.720545
     38.768931     209.087338
     38.781492     273.653468
     38.796711     235.538367
     38.814867     246.114324
     38.823740     177.262113
     38.839594     184.686990
     38.851268     201.556831
     38.867025     234.837625
     38.889843     257.601351
     38.901254     222.320850
     38.914986     273.469544
     38.930913     263.988724
     38.947100     298.803659
     38.957996     271.448347
     38.971604     249.566518
     38.988451     273.176923
     39.003391     235.070146
     39.024194     190.769986
     39.030099     275.736696
     39.045682     246.001606
     39.060173     266.979390
     39.077348     181.298121
     39.093863     262.642059
     39.105903     281.363723
     39.125064     239.031724
     39.137901     281.593968
     39.150136     213.189108
     39.166881     233.704081
     39.181511     171.829224
     39.196102     287.525611
     39.212318     257.138763
     39.226153     235.040406
     39.246492     297.292994
     39.256977     243.458965
     39.276163     195.060197
     39.285723     297.935583
     39.302225     201.446987
     39.324573     215.267882
     39.333517     254.354274
     39.354241     254.576721
     39.368342     189.959261
     39.384325     269.039898
     39.398929     271.348402
     39.406544     258.405456
     39.426580     296.202783
     39.437290     225.950496
     39.450526     236.111407
     39.471850     218.821780
     39.483630     216.813586
     39.501012     200.117358
     39.511752     227.279102
     39.529468     238.082007
     39.548882     263.383498
     39.560861     266.519675
     39.577350     280.527381
     39.594676     256.386486
     39.605253     235.986598
     39.623677     296.628027
     39.637828     257.606308
     39.649455     250.394098
     39.669595     223.520169
     39.677837     229.800397
     39.697229     220.117025
     39.705816     246.076704
     39.721084     227.326008
     39.741069     256.659374
     39.758686     264.285780
     39.767120     229.459413
     39.788432     234.191474
     39.802154     294.308753
     39.815216     218.945032
     39.827336     255.702749
     39.845124     285.504444
     39.857118     235.618290
     39.871408     226.801635
     39.889233     298.404476
     39.900657     290.139901
     39.924697     235.468585
     39.935048     281.562278
     39.946525     281.653608
     39.960606     244.774679
     39.983997     232.854829
     39.995540     223.958239
     40.012137     318.123789
     40.029108     217.028796
     40.038230     236.281380
     40.057826     238.768746
     40.073620     231.715857
     40.089897     219.616292
     40.099725     220.353421
     40.115735     265.856504
     40.130368     282.109902
     40.145690     218.674851
     40.158982     245.417299
     40.179041     253.320852
     40.187321     244.242196
     40.200186     220.488965
     40.222019     304.792685
     40.238107     203.963657
     40.254747     295.204926
     40.264530     239.767047
     40.283843     262.476367
     40.295281     303.791564
     40.311787     237.718992
     40.322922     242.382223
     40.339794     276.463331
     40.352154     296.019882
     40.372580     266.006690
     40.385536     250.928566
     40.398586     197.896093
     40.413342     209.900077
     40.430976     224.371037
     40.444785     198.875977
     40.455622     273.274259
     40.470557     240.262896
     40.486759     242.177278
     40.504848     207.895303
     40.517720     229.966768
     40.539737     312.231022
     40.546521     222.102272
     40.568429     214.891396
     40.577936     220.670091
     40.596847     261.551663
     40.605284     229.176872
     40.626635     300.112363
     40.638325     284.550536
     40.650716     273.250544
     40.669291     285.002404
     40.684141     273.581838
     40.696533     233.206033
     40.719250     269.410862
     40.728001     237.489830
     40.748477     233.278110
     40.760302     219.188940
     40.776807     241.634307
     40.785909     235.921564
     40.801411     190.564563
     40.817041     200.920615
     40.830494     260.871833
     40.847164     228.103184
     40.865497     229.313127
     40.879640     258.621353
     40.891480     219.709118
     40.914417     211.852924
     40.923793     260.382524
     40.944196     234.013505
     40.951760     234.660691
     40.974191     252.949800
     40.987334     282.564671
     41.000473     301.387120
     41.018372     282.839447
     41.032245     219.743116
     41.041806     249.673857
     41.058804     302.806859
     41.070427     271.362394
     41.094914     271.010311
     41.101218     271.888349
     41.116593     275.116453
     41.130459     240.702317
     41.150796     281.350451
     41.164781     247.974027
     41.183933     219.089148
     41.198970     285.064848
     41.213913     234.404912
     41.221558     215.678554
     41.239820     229.627510
     41.258365     291.124813
     41.269111     292.031222
     41.283645     271.569798
     41.295993     208.166032
     41.315783     245.190599
     41.326395     296.642604
     41.347180     298.165961
     41.361252     216.374463
     41.377544     171.782474
     41.392561     246.276345
     41.404820     276.660810
     41.417758     214.534336
     41.435387     211.973543
     41.453955     240.201807
     41.462409     263.761132
     41.481128     244.535839
     41.499459     196.675996
     41.508326     235.753411
     41.527697     237.457078
     41.539498     255.869236
     41.553648     272.709195
     41.568211     290.977165
     41.587869     283.375293
     41.602794     269.558012
     41.618435     201.031977
     41.629444     233.891781
     41.642640     236.847350
     41.664666     250.208348
     41.675408     268.531824
     41.688137     211.048229
     41.702924     218.826730
     41.722160     230.957467
     41.731421     238.649116
     41.749671     239.647860
     41.763152     272.730334
     41.781730     236.104670
     41.798671     224.382052
     41.813736     209.586710
     41.821495     260.168557
     41.839782     257.501274
     41.852956     268.392841
     41.869860     284.462988
     41.887992     214.590838
