      1.997531     -16.057302
      2.013224       9.624032
      2.029061     -33.325687
      2.048116      54.455442
      2.060765      26.625430
      2.073518     -27.872503
      2.094513      -7.370959
      2.107844      11.334882
      2.124792      66.308748
      2.134850      31.931019
      2.147180      29.748431
      2.168649      57.584438
      2.179057      92.067945
      2.197598      50.582749
      2.207706      79.051101
      2.221273      85.104928
      2.239022     169.540310
      2.257310     181.015965
      2.273159     203.125470
      2.280182     168.884010
      2.300038     247.904335
      2.310110     219.345208
      2.329763     267.160260
      2.349726     306.424565
      2.362424     375.536255
      2.370977     369.286666
      2.385369     449.228916
      2.409481     464.575209
      2.422511     420.432681
      2.432464     434.352797
      2.447898     464.913193
      2.465920     460.213305
      2.478942     519.870478
      2.499483     562.780046
      2.514942     540.291315
      2.525136     593.175698
      2.535076     548.417462
      2.551088     543.197629
      2.567901     554.172698
      2.585273     565.990603
      2.599388     598.511207
      2.614559     586.508475
      2.631531     599.911327
      2.642463     585.684774
      2.658216     578.622927
      2.676184     567.440094
      2.691272     678.446277
      2.709734     643.911572
      2.721727     610.936580
      2.731021     630.067891
      2.753211     694.316542
      2.762134     719.877753
      2.782035     743.977264
      2.796771     684.524094
      2.814877     789.242358
      2.822058     703.107570
      2.841177     744.351825
      2.851845     754.419159
      2.873873     785.287424
      2.881005     800.544310
      2.901833     843.879108
      2.915467     878.748852
      2.933639     910.278490
      2.947261     938.369498
      2.962216     994.694764
      2.978192     882.065964
      2.987141    1002.440590
      3.008777     997.733613
      3.019289    1014.566361
      3.030062    1088.823377
      3.049954    1133.184799
      3.067239    1065.440688
      3.078597    1222.464048
      3.093158    1209.866810
      3.112653    1188.115626
      3.120025    1296.218063
      3.143375    1458.383204
      3.153858    1396.047450
      3.168386    1518.747064
      3.183868    1590.503352
      3.198662    1726.374203
      3.217728    1790.777454
      3.226928    1895.727117
      3.249220    2010.884837
      3.259909    2091.837391
      3.272411    2355.984949
      3.289001    2545.250750
      3.303418    2864.958971
      3.320802    3240.107065
      3.333004    3959.113255
      3.345075    4599.693243
      3.363397    4964.003330
      3.383003    4129.498094
      3.393305    2135.064241
      3.408566    1029.865952
      3.424526     676.722048
      3.441278     608.482640
      3.453023     467.575597
      3.472170     391.646137
      3.480551     380.774021
      3.500533     398.601633
      3.516989     336.515493
      3.528636     402.138193
      3.541245     397.715486
      3.559774     311.357550
      3.573469     345.631830
      3.585999     360.696418
      3.605983     285.470353
      3.618559     365.587300
      3.632185     302.086139
      3.652617     279.485301
      3.669196     313.064194
      3.675575     357.525604
      3.692371     322.844625
      3.713108     367.272720
      3.721698     301.856175
      3.736962     361.863045
      3.759517     333.320124
      3.769950     320.862341
      3.782051     272.146672
      3.800375     291.473801
      3.815915     349.496224
      3.828622     278.901969
      3.844151     311.669255
      3.860458     295.453828
      3.871760     298.715395
      3.888690     323.972302
      3.905170     322.973199
      3.918338     390.909674
      3.932503     309.817953
      3.950301     279.827326
      3.960709     375.454984
      3.977810     416.420979
      3.996290     384.241640
      4.010953     325.281800
      4.020323     400.501191
      4.035398     355.210885
      4.052104     340.011323
      4.070664     312.321507
      4.084344     385.502507
      4.101654     286.160845
      4.113216     365.689052
      4.133315     310.741282
      4.142922     352.370801
      4.159669     362.153691
      4.172896     412.661350
      4.191325     341.221581
      4.201875     334.313021
      4.215233     356.983581
      4.236728     374.830188
      4.246079     396.460290
      4.260344     423.861647
      4.275066     368.215083
      4.290374     407.238961
      4.310433     369.698005
      4.327647     384.957074
      4.338354     381.332386
      4.352296     461.660730
      4.367516     460.039054
      4.381486     427.617605
      4.402737     452.913857
      4.416063     413.665008
      4.434728     428.087886
      4.442118     537.881189
      4.464300     465.614626
      4.471581     496.793311
      4.485811     517.899881
      4.507686     472.887425
      4.517582     528.585195
      4.538012     558.314841
      4.549812     563.930933
      4.567257     634.363085
      4.583713     695.892402
      4.594334     640.311139
      4.606249     618.867915
      4.629033     684.422942
      4.635342     715.375814
      4.652873     766.652349
      4.669470     790.818851
      4.687162     932.480097
      4.695097     939.788980
      4.710503    1077.041738
      4.726260    1206.480687
      4.743206    1384.953698
      4.763524    1615.290862
      4.772126    1600.893516
      4.794425    1029.768561
      4.803892     714.021561
      4.815572     492.091103
      4.833399     397.508288
      4.846334     346.566244
      4.869026     378.443584
      4.877561     394.755367
      4.895451     384.313078
      4.913904     336.101890
      4.928598     346.212537
      4.939183     387.664640
      4.959292     360.746959
      4.971184     413.426556
      4.985407     352.782095
      5.002922     357.168436
      5.018135     405.607947
      5.031808     456.935477
      5.048709     446.031534
      5.058631     428.821400
      5.078445     406.206003
      5.087399     416.825988
      5.102279     468.325826
      5.117852     400.045525
      5.132513     392.902785
      5.150477     401.909202
      5.165762     480.075310
      5.184375     428.670306
      5.197441     409.205295
      5.214654     429.070676
      5.226961     482.176091
      5.244364     449.944267
      5.256344     420.053031
      5.273648     454.764413
      5.289413     496.272197
      5.301568     462.711644
      5.319741     515.915081
      5.329009     460.232857
      5.347089     512.789086
      5.357115     515.890300
      5.374792     536.246266
      5.394693     437.244709
      5.405348     576.693873
      5.418520     530.728070
      5.438922     555.870277
      5.446313     518.365076
      5.468986     601.562846
      5.475784     534.977946
      5.497951     588.069095
      5.509807     553.245227
      5.525325     704.534914
      5.541970     606.065110
      5.554339     737.067180
      5.569662     685.369478
      5.586462     775.926968
      5.604855     758.644206
      5.616335     767.510565
      5.632749     829.156599
      5.645897     937.458257
      5.662839     880.183364
      5.678198     987.632015
      5.694674    1045.250744
      5.700940    1027.100420
      5.723498    1167.698446
      5.737527    1273.360644
      5.749010    1432.356614
      5.760855    1491.554335
      5.779335    1633.367866
      5.793355    1926.346664
      5.808481    2348.730127
      5.828911    2845.888313
      5.839051    3008.864978
      5.855161    2504.621985
      5.866471    1657.035275
      5.881621     926.415865
      5.896699     618.630762
      5.914952     461.131666
      5.934230     452.955532
      5.940302     369.786672
      5.960775     413.653914
      5.972475     404.236915
      5.992277     430.265945
      6.003198     419.524292
      6.016334     338.416761
      6.033780     339.347754
      6.054269     330.094885
      6.067480     342.298734
      6.081923     399.499285
      6.097547     396.933451
      6.109904     360.017353
      6.124495     427.014364
      6.141204     348.647859
      6.159979     406.763653
      6.169470     455.789421
      6.187632     388.501877
      6.195106     401.672818
      6.213501     377.543115
      6.231194     374.505026
      6.249212     318.940991
      6.260160     379.238316
      6.279946     453.259205
      6.294500     480.571477
      6.308754     488.994754
      6.317397     414.934933
      6.334083     364.141647
      6.348815     432.349911
      6.369333     358.807311
      6.379361     429.454829
      6.393864     439.384862
      6.412464     438.777847
      6.422910     370.062046
      6.439409     392.437794
      6.453821     395.228190
      6.472559     419.472980
      6.488067     477.609211
      6.499148     464.714132
      6.510669     410.430639
      6.533917     471.150640
      6.544793     482.267577
      6.558392     483.722225
      6.577572     443.055355
      6.585066     457.003179
      6.605263     507.663210
      6.619209     564.951884
      6.634425     583.248321
      6.651679     595.215050
      6.661917     702.424798
      6.683256     709.484411
      6.698180     763.713678
      6.714221     830.575481
      6.726668     949.721162
      6.735523    1117.062445
      6.757910    1069.899477
      6.772235     886.830266
      6.785463     579.065390
      6.802022     497.181193
      6.810806     369.799626
      6.830604     399.613488
      6.845855     391.721805
      6.858957     371.385869
      6.879883     420.844956
      6.894547     405.862084
      6.901340     366.950846
      6.919038     403.374824
      6.934366     406.727725
      6.952090     411.824219
      6.961787     458.290675
      6.977220     442.459453
      6.991042     366.256233
      7.010717     353.488650
      7.020085     451.010671
      7.040559     414.827606
      7.053176     400.992803
      7.073530     374.262412
      7.085999     428.470540
      7.100410     412.579172
      7.114706     471.477482
      7.134022     438.864241
      7.142437     420.438790
      7.155990     440.703870
      7.178541     378.111010
      7.191071     406.056100
      7.202257     446.842831
      7.217981     459.626717
      7.230685     429.781423
      7.254902     469.220091
      7.265091     424.359925
      7.282668     457.131538
      7.291113     465.134350
      7.313820     516.109022
      7.327797     515.822158
      7.337061     558.368949
      7.356666     597.913151
      7.366126     549.462787
      7.381443     638.833584
      7.399570     646.936504
      7.414922     612.359402
      7.428156     751.371354
      7.446426     702.825779
      7.456494     829.191281
      7.473812     870.893331
      7.487965    1011.721340
      7.506863    1086.461323
      7.520564    1251.531182
      7.536292    1359.608263
      7.551389    1501.702727
      7.565212    1281.113246
      7.584866     948.171481
      7.599435     583.878153
      7.613981     528.739250
      7.627382     502.836233
      7.642493     481.598552
      7.652078     437.044914
      7.665117     435.981788
      7.682384     399.419117
      7.700180     492.776171
      7.719528     428.513339
      7.730316     452.743239
      7.745842     446.004076
      7.757678     431.147487
      7.778287     415.129684
      7.786375     458.921866
      7.802480     508.447037
      7.815203     525.203768
      7.835532     475.278509
      7.851564     441.607084
      7.868166     436.158134
      7.876666     541.053576
      7.892422     527.557452
      7.905679     504.335238
      7.928434     575.764482
      7.944376     530.339964
      7.951636     541.246815
      7.965025     496.723648
      7.981127     553.462479
      7.998628     592.569143
      8.011604     577.207688
      8.034592     653.606157
      8.041119     648.615941
      8.062827     635.446744
      8.079098     749.483454
      8.092804     725.645158
      8.109423     771.824068
      8.117597     775.271235
      8.134770     866.920707
      8.148320     917.001261
      8.162084    1002.412841
      8.180483    1096.287763
      8.197751    1230.335639
      8.206109    1384.137637
      8.228336    1501.165404
      8.237297    1810.236118
      8.252393    2069.024955
      8.268104    2183.894333
      8.286841    1898.921794
      8.304272    1346.244520
      8.312362     848.876593
      8.333650     547.231993
      8.344245     499.265051
      8.360266     398.352240
      8.370304     357.342515
      8.391243     383.893519
      8.409177     433.251319
      8.420764     355.212948
      8.436778     375.370158
      8.452285     358.946000
      8.469088     361.053509
      8.478719     391.062964
      8.499822     404.129555
      8.506939     366.467787
      8.521168     404.452416
      8.540571     377.850527
      8.553073     372.691852
      8.569135     319.297803
      8.580900     329.569975
      8.603997     377.680702
      8.617512     345.418208
      8.629722     400.845400
      8.643654     370.375107
      8.660100     382.342458
      8.679400     400.282212
      8.689075     340.764989
      8.709340     382.956641
      8.715787     353.184743
      8.739974     407.344876
      8.749903     393.332069
      8.765657     362.697179
      8.775317     417.234223
      8.797221     369.951764
      8.806086     328.054664
      8.829725     388.568798
      8.836530     355.342338
      8.856200     385.254371
      8.869639     399.875527
      8.881220     399.999027
      8.896860     423.445087
      8.917467     444.757181
      8.931616     493.092101
      8.945690     469.694444
      8.959713     382.903161
      8.970036     378.217489
      8.990822     439.248597
      9.002435     415.645152
      9.021831     411.099564
      9.034449     348.762827
      9.052190     402.856212
      9.063801     361.426952
      9.080840     316.369248
      9.091595     364.378341
      9.110491     325.679124
      9.125853     317.000697
      9.138929     376.695368
      9.156309     409.394316
      9.165646     366.360517
      9.182755     355.326966
      9.199557     408.461872
      9.214271     343.240803
      9.231006     350.534175
      9.246278     353.932112
      9.264689     416.963432
      9.278335     410.902637
      9.289459     326.490700
      9.306936     362.763800
      9.315182     334.040999
      9.337108     290.583645
      9.353480     356.209486
      9.368434     402.785261
      9.380259     318.489393
      9.393364     359.329397
      9.411483     384.009147
      9.427660     303.561531
      9.435651     309.497235
      9.451286     345.589964
      9.466145     381.086779
      9.482002     369.334135
      9.501848     400.588322
      9.510883     413.095444
      9.533243     382.005205
      9.541278     353.419260
      9.564490     417.193160
      9.573245     407.246020
      9.585560     396.330073
      9.608946     374.352107
      9.619678     366.763020
      9.634165     371.897762
      9.649486     340.629054
      9.669522     362.482532
      9.679451     338.473038
      9.696203     395.215594
      9.710088     408.165193
      9.729873     344.925839
      9.740150     374.085657
      9.756833     395.071920
      9.771004     441.423498
      9.789527     376.502781
      9.796743     436.576686
      9.817746     389.865797
      9.825479     335.284989
      9.840418     372.972174
      9.857961     354.485893
      9.875926     437.269894
      9.888056     352.449234
      9.905725     433.885583
      9.917993     421.108391
      9.931615     437.735659
      9.947825     442.143623
      9.961566     399.129237
      9.982031     425.721413
      9.991865     427.309445
     10.014472     409.129131
     10.025509     435.884039
     10.035956     475.324660
     10.053866     446.409080
     10.071486     478.296022
     10.086675     482.916968
     10.104277     536.669533
     10.112899     651.823162
     10.130882     674.495994
     10.146766     660.325787
     10.160295     560.899521
     10.179141     466.234755
     10.185108     409.847698
     10.200214     459.113432
     10.216606     367.727886
     10.234188     420.666422
     10.249285     352.116676
     10.264658     399.593237
     10.283655     398.941180
     10.297551     324.542099
     10.307162     434.760606
     10.327852     349.435818
     10.342921     378.255229
     10.357315     371.573730
     10.372494     390.000137
     10.386830     385.341311
     10.396206     375.778844
     10.416467     451.036835
     10.426641     362.834007
     10.445133     360.638571
     10.460735     372.489063
     10.478907     362.810313
     10.492630     395.403247
     10.508109     404.695746
     10.521502     367.577610
     10.538888     383.475497
     10.545108     405.127310
     10.568263     467.285540
     10.579239     383.783510
     10.596431     464.184310
     10.605829     405.222108
     10.629429     397.549331
     10.637844     380.077744
     10.656728     451.891209
     10.672969     479.912381
     10.685799     453.996784
     10.695864     421.296537
     10.715581     445.432794
     10.733898     419.728369
     10.743732     355.728049
     10.756898     434.846704
     10.779833     416.954638
     10.790378     378.465178
     10.802142     377.774593
     10.820826     399.315296
     10.838821     442.130780
     10.850638     383.265288
     10.865400     384.140291
     10.876305     396.331415
     10.893645     473.950275
     10.914868     457.237871
     10.921135     486.173351
     10.940792     460.038975
     10.952811     458.486152
     10.971752     397.124752
     10.983719     431.674376
     11.002631     431.231183
     11.011012     481.644442
     11.025728     486.543185
     11.043878     454.838540
     11.058696     563.372613
     11.070276     585.887715
     11.094726     560.573082
     11.107486     546.878059
     11.122336     685.346707
     11.137097     623.495207
     11.149014     773.061913
     11.162294     802.969528
     11.183594     852.219138
     11.192412     955.182994
     11.207843    1014.851623
     11.225092     929.256768
     11.243339     768.509942
     11.257330     577.039119
     11.265480     475.594464
     11.287855     500.895908
     11.300907     466.884248
     11.314989     422.176370
     11.326455     404.607549
     11.346157     373.322178
     11.364085     423.872513
     11.374726     437.682907
     11.391392     426.459583
     11.400513     441.149107
     11.423492     408.782297
     11.430564     435.160313
     11.453330     401.803071
     11.460054     426.311617
     11.480865     469.694752
     11.495854     419.527332
     11.513417     388.546481
     11.522961     416.368792
     11.541193     475.027553
     11.559484     464.307144
     11.572279     448.915911
     11.585575     484.374326
     11.600806     511.178982
     11.618811     580.323038
     11.631419     509.979601
     11.645044     499.316749
     11.659819     574.395120
     11.673789     565.352352
     11.690131     633.700108
     11.707562     691.775835
     11.717354     637.017425
     11.730849     558.718623
     11.754315     473.426791
     11.763947     469.281507
     11.777385     414.766133
     11.799696     496.207914
     11.810519     443.638903
     11.824290     449.787736
     11.836551     453.668034
     11.859871     397.139023
     11.866308     476.555680
     11.881901     420.745049
     11.899665     515.976659
     11.911320     474.700760
     11.926663     460.592841
     11.949254     447.862714
     11.964619     441.405817
     11.975125     437.300470
     11.991179     474.082155
     12.008691     483.254235
     12.018457     529.878142
     12.039417     469.214968
     12.046065     522.996130
     12.062594     597.343456
     12.078135     639.469700
     12.095869     615.808856
     12.108106     696.166326
     12.125597     784.162798
     12.144555     870.619668
     12.156779     916.387658
     12.169987    1050.603883
     12.184002    1158.171042
     12.201408    1133.064496
     12.216393     970.183802
     12.229234     693.457816
     12.241720     529.600394
     12.261456     464.028126
     12.271762     454.914645
     12.291139     383.819395
     12.308753     438.769118
     12.316530     427.262849
     12.336160     391.608918
     12.348207     444.951334
     12.361432     390.366729
     12.383181     364.030418
     12.399270     392.818237
     12.414627     414.582772
     12.428388     396.590257
     12.438711     344.174076
     12.455388     308.611771
     12.468434     393.704456
     12.482586     360.223256
     12.498312     398.077083
     12.511230     413.154963
     12.526087     363.784327
     12.540259     321.983853
     12.559799     333.474741
     12.572080     355.989922
     12.589972     356.482563
     12.605282     387.246568
     12.615043     427.322633
     12.633349     437.348157
     12.647979     431.898500
     12.661575     360.521879
     12.676773     360.580439
     12.698744     337.502164
     12.714047     349.165393
     12.726789     352.440943
     12.737263     410.907075
     12.756589     354.750718
     12.769305     357.921162
     12.788462     360.631750
     12.798055     412.864798
     12.817865     414.893745
     12.830785     400.465862
     12.840932     368.471209
     12.864163     421.817769
     12.870896     409.551602
     12.892464     374.797263
     12.906672     379.707367
     12.920651     395.029162
     12.937105     377.099795
     12.949469     458.560543
     12.960706     351.861081
     12.980411     386.313525
     12.998970     392.371562
     13.007211     412.775584
     13.020886     397.527274
     13.038605     381.069378
     13.050754     412.156742
     13.072665     422.197971
     13.084318     505.133441
     13.097100     528.691523
     13.113919     481.700326
     13.134878     555.532105
     13.142859     454.310188
     13.159347     477.391863
     13.175991     386.209111
     13.194750     484.481144
     13.203061     460.134394
     13.217009     484.622698
     13.231620     472.264437
     13.253212     417.042481
     13.262159     372.101993
     13.280565     443.405114
     13.295637     448.476516
     13.309975     459.349034
     13.321261     463.931586
     13.343246     448.735702
     13.351967     481.870592
     13.365783     477.962822
     13.388191     535.949873
     13.396518     595.633048
     13.410373     486.938435
     13.434823     557.928221
     13.447535     600.993069
     13.459337     680.287217
     13.477970     781.884494
     13.489609     800.933260
     13.504616     903.579857
     13.524986     941.990517
     13.538545     973.822072
     13.553685     963.230085
     13.560119     768.048922
     13.584384     611.375546
     13.591929     548.218255
     13.612235     439.048815
     13.625795     403.329376
     13.644477     393.996239
     13.656581     446.647398
     13.666275     416.510564
     13.686885     451.040793
     13.703367     486.610538
     13.717764     381.009889
     13.729980     443.031311
     13.744120     449.297317
     13.764429     500.003524
     13.774293     427.185618
     13.791776     467.656789
     13.800001     428.002816
     13.823500     404.636844
     13.835439     424.733796
     13.846479     486.084345
     13.860449     582.684462
     13.884995     579.814718
     13.893689     620.348594
     13.905245     687.374597
     13.929181     674.260915
     13.941290     787.562361
     13.954132     733.135657
     13.970990     709.618292
     13.985783     624.885493
     14.001624     589.584629
     14.010388     427.779139
     14.033707     456.111069
     14.044426     443.289038
     14.059029     417.156102
     14.070937     369.405813
     14.090523     381.910610
     14.100470     384.096081
     14.121073     387.424775
     14.136635     413.194642
     14.151014     374.561615
     14.164276     404.050502
     14.177835     396.319986
     14.194445     460.866018
     14.214042     457.990214
     14.229610     452.970596
     14.244775     494.828938
     14.250708     489.273812
     14.274516     410.219715
     14.280719     440.155144
     14.301271     539.040305
     14.313858     605.125469
     14.327068     574.302520
     14.343394     604.614501
     14.359116     671.373505
     14.372258     641.662001
     14.393687     539.434141
     14.408297     515.059515
     14.415772     423.999815
     14.436141     369.884782
     14.449718     464.628543
     14.461700     419.112738
     14.483490     417.816183
     14.491752     426.507886
     14.508796     339.840069
     14.529539     418.457513
     14.542222     381.626394
     14.554857     381.085768
     14.570688     459.178124
     14.580275     399.518553
     14.603720     450.533115
     14.613309     452.876927
     14.625458     429.477306
     14.644709     425.339116
     14.658604     487.437360
     14.679801     485.234897
     14.690335     490.355810
     14.702472     540.398466
     14.719014     591.465228
     14.731247     715.332946
     14.750123     713.246851
     14.768066     713.730697
     14.777180     694.817474
     14.796407     524.188224
     14.809540     448.074272
     14.828010     404.934819
     14.840869     387.350832
     14.859323     401.599511
     14.868464     352.097984
     14.888386     349.865349
     14.896983     342.630612
     14.915654     395.775449
     14.933357     329.754538
     14.946324     385.413478
     14.964631     346.505603
     14.974104     412.497319
     14.985980     338.844017
     15.003056     382.573484
     15.018263     316.013591
     15.033072     408.738811
     15.054249     356.456558
     15.060807     350.629327
     15.082911     366.375562
     15.096660     400.920801
     15.114887     428.581896
     15.122748     390.579868
     15.143534     390.482919
     15.157932     404.385274
     15.173849     420.292262
     15.189560     384.143965
     15.196413     380.410140
     15.217709     365.033685
     15.225011     372.910340
     15.243308     408.797693
     15.264705     396.589402
     15.275854     413.275900
     15.288475     402.297817
     15.308916     370.287048
     15.323546     376.174460
     15.337851     390.696902
     15.348405     356.127052
     15.368354     352.246651
     15.375001     340.935826
     15.398744     406.259776
     15.406290     353.685710
     15.422913     371.866012
     15.435109     380.238234
     15.455922     357.762127
     15.469116     471.767341
     15.483364     443.927450
     15.504214     422.651586
     15.519568     461.557834
     15.526950     496.227777
     15.542654     462.094424
     15.564801     405.195245
     15.572453     392.516525
     15.589204     392.562447
     15.606300     426.012548
     15.622378     317.465961
     15.638827     329.443582
     15.651979     393.073270
     15.662200     451.345600
     15.676909     418.702512
     15.694738     375.929152
     15.711742     361.566036
     15.721615     463.846453
     15.738447     407.970263
     15.759795     403.470267
     15.768018     518.204991
     15.787940     491.109966
     15.803284     500.949812
     15.818470     584.565644
     15.829030     628.942527
     15.846928     704.380086
     15.859190     739.017141
     15.872557     773.119013
     15.888024     785.628477
     15.904519     793.980554
     15.923247     612.042103
     15.937042     502.681376
     15.947558     420.195818
     15.965446     366.700368
     15.980922     384.170137
     15.990332     363.127222
     16.012691     322.549198
     16.029869     364.867434
     16.039737     350.413448
     16.052855     358.689671
     16.074107     376.098279
     16.080161     297.101933
     16.097244     316.352667
     16.113505     291.250040
     16.126923     350.201130
     16.148621     308.622267
     16.161307     293.453544
     16.178953     331.796687
     16.189238     345.558772
     16.205013     329.443328
     16.223790     358.368558
     16.230954     399.845352
     16.249574     381.584846
     16.261905     369.452670
     16.277539     380.144133
     16.292423     347.450233
     16.310883     382.586457
     16.326346     338.382764
     16.335538     285.399764
     16.359919     328.995962
     16.374469     307.794225
     16.389511     348.351902
     16.400640     365.736415
     16.412539     384.733582
     16.427292     282.841737
     16.440920     321.006394
     16.459122     325.998230
     16.472585     444.308462
     16.485982     444.213069
     16.502792     359.752307
     16.521555     416.703649
     16.530809     431.827484
     16.552368     507.373873
     16.562932     539.761488
     16.578300     619.075267
     16.599511     622.756391
     16.606955     606.351387
     16.626811     579.168863
     16.644515     487.523138
     16.655828     475.305290
     16.666590     441.411606
     16.686536     356.424590
     16.695976     341.228148
     16.717811     363.558191
     16.730139     321.657033
     16.742158     285.258627
     16.759462     332.390348
     16.779123     350.795108
     16.793076     338.168710
     16.805723     361.243960
     16.818690     401.831193
     16.836303     307.970336
     16.851017     426.691264
     16.863942     394.603393
     16.884131     417.909206
     16.896797     459.215947
     16.913783     503.753287
     16.927918     423.138237
     16.941994     441.320297
     16.958103     470.733522
     16.971337     529.549268
     16.989191     400.619276
     16.998055     389.976125
     17.019627     309.563359
     17.034255     263.689176
     17.043541     271.877809
     17.057291     359.099817
     17.070595     272.592920
     17.092396     275.955990
     17.100131     332.373907
     17.116853     337.875565
     17.130912     256.890421
     17.148638     280.198187
     17.161671     267.430566
     17.181366     292.155651
     17.192376     310.247119
     17.206968     329.666704
     17.221234     347.159842
     17.238230     303.195805
     17.250416     343.315322
     17.265024     336.692726
     17.283309     356.584206
     17.295184     343.984453
     17.312596     344.625179
     17.328919     304.688473
     17.343404     266.094862
     17.355885     301.199179
     17.374170     294.294588
     17.392817     389.386278
     17.402362     302.285225
     17.419480     342.447453
     17.439579     287.023989
     17.454895     293.943563
     17.468907     327.819960
     17.477735     296.509414
     17.494949     283.631322
     17.513949     346.811858
     17.529294     361.245497
     17.543599     352.861005
     17.557949     359.844763
     17.572144     439.611745
     17.587575     363.814330
     17.600442     422.495146
     17.611688     434.261720
     17.628262     443.560861
     17.641503     383.779047
     17.656363     391.062423
     17.677710     305.584450
     17.687441     267.866471
     17.709754     269.599523
     17.721336     264.582653
     17.731103     266.626448
     17.746063     279.381577
     17.761078     326.319533
     17.782032     276.806050
     17.794425     319.130713
     17.809777     264.066532
     17.829587     318.221929
     17.842862     278.557969
     17.854870     389.148225
     17.873119     285.914687
     17.888722     353.681147
     17.898494     358.512806
     17.911258     396.954825
     17.933304     353.591570
     17.949721     372.521877
     17.959049     268.102368
     17.973456     382.066128
     17.986196     323.086273
     18.009909     298.492068
     18.023072     322.982400
     18.030030     276.894595
     18.049268     290.499136
     18.060128     279.985269
     18.081195     285.997926
     18.099242     303.337956
     18.105622     258.027127
     18.120984     242.065447
     18.137054     269.130269
     18.156101     303.302013
     18.170301     352.644142
     18.185796     273.132985
     18.201924     294.723606
     18.216518     305.049311
     18.233598     288.439073
     18.243356     286.704785
     18.260931     297.392177
     18.276790     259.387398
     18.288921     268.822697
     18.302001     338.540644
     18.317250     304.802486
     18.339289     286.723038
     18.346799     264.227768
     18.366468     327.801156
     18.378829     315.341623
     18.391674     324.482325
     18.406694     325.741673
     18.423151     337.402339
     18.436983     264.694697
     18.451884     288.224721
     18.468437     226.228067
     18.483407     298.060078
     18.499513     229.150906
     18.517639     328.494368
     18.529442     278.031673
     18.541889     289.634520
     18.557250     263.722410
     18.578209     339.210970
     18.594860     239.182155
     18.603326     298.003095
     18.616057     317.961502
     18.635785     305.004798
     18.649339     257.563304
     18.666311     308.883326
     18.681866     304.910368
     18.691692     285.602144
     18.712146     280.888881
     18.724696     298.566157
     18.735103     319.634668
     18.756983     334.653365
     18.773982     361.107456
     18.784213     374.752844
     18.802481     388.671265
     18.815546     380.686613
     18.830447     348.934586
     18.848233     498.154820
     18.862666     477.636555
     18.870679     425.643253
     18.894253     460.670017
     18.904919     457.198556
     18.917013     351.354551
     18.931893     415.116027
     18.946117     271.563047
     18.963944     296.338288
     18.975070     317.648732
     18.998339     320.347239
     19.009476     286.155772
     19.022762     265.752570
     19.040329     324.339340
     19.052177     330.775951
     19.065191     331.700948
     19.086783     338.832469
     19.101568     336.227873
     19.112587     345.516650
     19.132271     379.334460
     19.143660     352.116734
     19.157340     363.682662
     19.177667     348.567327
     19.187740     396.152167
     19.202704     356.711766
     19.215439     331.682353
     19.230785     339.691771
     19.254137     363.005394
     19.266000     332.970848
     19.281838     368.269322
     19.290108     355.971009
     19.307035     356.758934
     19.321872     373.155573
     19.338202     298.460650
     19.355665     279.633828
     19.370963     302.573943
     19.388559     297.832701
     19.404197     337.299524
     19.413859     338.357236
     19.433475     449.150460
     19.444959     443.569142
     19.461055     366.792271
     19.478359     345.532667
     19.489856     419.000783
     19.508900     515.920037
     19.518341     403.890878
     19.536481     411.402372
     19.552844     346.382337
     19.569555     355.682033
     19.581431     290.407562
     19.597878     289.835274
     19.613770     344.057678
     19.623916     365.373625
     19.638434     281.230623
     19.653316     339.078935
     19.671777     278.977888
     19.683476     283.042054
     19.700258     289.898420
     19.719452     275.205164
     19.726943     339.270271
     19.747542     280.454400
     19.761835     379.949609
     19.772852     320.104063
     19.785973     363.442515
     19.805855     387.137223
     19.815424     267.560215
     19.831301     312.199136
     19.850035     328.262307
     19.867547     348.687043
     19.875099     308.342123
     19.893105     278.709664
     19.911321     367.079666
     19.920602     359.907558
     19.941566     317.509202
     19.952654     335.627579
     19.973366     306.500279
     19.987442     364.069704
     19.997127     324.100406
     20.013634     396.180790
     20.029357     332.933770
     20.049699     312.448390
     20.056641     390.553246
     20.071481     448.207521
     20.091671     397.566701
     20.103003     453.297171
     20.118254     347.154740
     20.133768     361.685917
     20.148414     316.327686
     20.165963     270.680126
     20.183988     307.301046
     20.198446     321.884882
     20.205474     360.039370
     20.225498     327.963413
     20.239113     318.330753
     20.254754     328.741508
     20.273658     325.810982
     20.285361     311.006350
     20.301099     312.180110
     20.313618     301.080677
     20.331841     354.259582
     20.347680     388.921018
     20.364542     327.095169
     20.375617     340.160916
     20.385819     359.573921
     20.407037     355.096331
     20.420130     289.778637
     20.436933     314.609460
     20.453309     306.589572
     20.468792     315.646882
     20.477403     329.976667
     20.492219     345.930138
     20.509072     359.877208
     20.529523     413.765285
     20.538739     323.202303
     20.555258     302.915559
     20.570077     378.726684
     20.581371     439.337034
     20.596731     327.046068
     20.619923     391.734608
     20.633679     387.149941
     20.641407     415.818741
     20.657451     410.308131
     20.672450     386.258288
     20.688278     425.938496
     20.703347     305.505428
     20.723348     318.919465
     20.738042     394.878487
     20.745021     358.090515
     20.767804     364.576397
     20.784661     326.320801
     20.791943     403.213328
     20.809417     397.653626
     20.823758     410.177793
     20.841761     340.331653
     20.851619     420.901203
     20.867786     418.313240
     20.889648     437.346146
     20.896892     458.032227
     20.914114     419.771188
     20.926577     505.338629
     20.940196     514.279047
     20.963941     402.725732
     20.970174     357.872603
     20.987821     402.055771
     21.008115     349.186744
     21.019720     317.914198
     21.039526     354.603095
     21.053925     278.162450
     21.068269     273.190439
     21.080616     261.535727
     21.096688     285.501342
     21.111661     367.326517
     21.121223     344.731167
     21.142824     284.112628
     21.158689     307.323864
     21.166432     317.368088
     21.182751     334.410298
     21.203354     343.142998
     21.215016     294.375936
     21.227537     331.925198
     21.247130     309.523709
     21.264674     350.567852
     21.271240     298.262274
     21.291806     281.484482
     21.301728     296.444104
     21.319119     276.362296
     21.339130     399.163880
     21.345151     345.042156
     21.365812     390.075810
     21.375605     331.194594
     21.397245     375.412905
     21.408424     349.597854
     21.422838     439.813913
     21.439844     423.140736
     21.453374     389.221661
     21.468815     439.043698
     21.484812     436.903380
     21.499442     396.306786
     21.513582     367.008491
     21.534243     400.716286
     21.542360     398.852492
     21.559345     361.526469
     21.571528     325.932713
     21.594708     300.388072
     21.608379     400.791687
     21.621798     380.908168
     21.636475     283.068774
     21.646375     297.131467
     21.662318     298.945733
     21.680059     357.968654
     21.695620     350.935547
     21.710388     414.785981
     21.727080     301.370568
     21.738107     327.928010
     21.751921     348.951115
     21.769682     354.584384
     21.788306     356.456543
     21.803675     305.792041
     21.819012     372.824315
     21.832362     361.325172
     21.848509     306.277503
     21.860575     297.962987
     21.876441     278.467135
     21.891369     384.248213
     21.900591     300.174149
     21.924878     276.838101
     21.933297     320.273026
     21.952518     301.392884
     21.963349     368.061650
     21.982481     357.698524
     21.990280     383.195953
     22.014027     356.461627
     22.027943     397.976419
     22.035595     389.652921
     22.052769     339.022486
     22.067621     337.318943
     22.088642     368.159097
     22.100223     389.910290
     22.115161     323.120855
     22.129206     274.441333
     22.144850     319.525505
     22.160516     341.852491
     22.177629     308.942321
     22.187651     329.048063
     22.200798     423.447349
     22.220500     409.472115
     22.232807     380.778415
     22.254043     438.746301
     22.266099     471.120180
     22.278500     429.941019
     22.299054     419.233843
     22.309146     405.474045
     22.321119     439.661083
     22.337835     412.577154
     22.350740     322.364857
     22.369282     298.568580
     22.386277     389.524731
     22.399071     341.323048
     22.411339     379.844598
     22.432030     344.977807
     22.444296     319.439867
     22.458780     374.257377
     22.477737     369.397411
     22.489632     360.252428
     22.509273     329.148544
     22.517632     346.034056
     22.532574     309.142724
     22.551596     327.570401
     22.568639     318.829542
     22.583617     329.882490
     22.596431     350.058432
     22.607369     391.073562
     22.624523     418.514801
     22.640156     329.349764
     22.659884     324.524522
     22.667163     326.638929
     22.685040     266.060533
     22.700595     300.142068
     22.719909     282.099136
     22.732046     295.153687
     22.749496     377.040899
     22.764088     398.471467
     22.776844     420.284362
     22.790218     379.281288
     22.803084     375.802878
     22.815911     417.833805
     22.832958     342.782020
     22.852127     399.916007
     22.862596     346.508925
     22.882080     276.487965
     22.892048     356.523041
     22.910795     283.189232
     22.920520     318.716138
     22.942298     295.692709
     22.959775     283.057858
     22.967061     332.756262
     22.982123     253.030710
     23.000010     215.202618
     23.016095     298.771193
     23.032512     323.523440
     23.045422     277.548721
     23.064780     320.686753
     23.071285     268.509889
     23.093665     295.924980
     23.100683     298.900685
     23.123535     319.324874
     23.136878     298.890182
     23.154666     249.242542
     23.168362     284.493313
     23.176321     277.569785
     23.190221     348.260370
     23.210348     320.298937
     23.224845     338.841224
     23.244391     324.807640
     23.252802     346.206672
     23.266542     363.128206
     23.281352     384.024892
     23.301052     294.110396
     23.315041     374.241969
     23.330387     305.012298
     23.346594     313.372192
     23.356622     337.349276
     23.377206     331.470231
     23.386434     343.578408
     23.403463     300.329756
     23.418504     295.243501
     23.438747     322.858492
     23.447175     349.030811
     23.468927     366.044575
     23.483495     319.011510
     23.491713     304.736460
     23.506653     385.006538
     23.529103     393.788228
     23.536878     400.828946
     23.556173     415.348507
     23.571873     394.559398
     23.583687     349.804454
     23.603780     338.592119
     23.615369     361.200612
     23.627265     335.935634
     23.649514     388.041967
     23.663163     360.064199
     23.675865     312.971998
     23.690174     285.411305
     23.700074     282.784014
     23.716926     259.760295
     23.739367     369.960610
     23.749043     275.040921
     23.762571     307.583976
     23.779200     289.151405
     23.795347     310.178563
     23.809444     385.105943
     23.823096     311.845353
     23.841299     306.855963
     23.854240     270.333991
     23.868167     290.029888
     23.888538     321.869565
     23.904547     363.500117
     23.910350     360.222731
     23.926381     284.396659
     23.947684     323.459144
     23.964144     339.075578
     23.976117     330.599872
     23.994202     368.449942
     24.008811     378.511948
     24.017915     327.415119
     24.039150     330.536077
     24.049684     333.177323
     24.064559     365.059857
     24.082094     340.055502
     24.096113     275.079551
     24.110156     328.098163
     24.129253     314.750862
     24.140934     274.315242
     24.159261     333.019062
     24.170475     299.969746
     24.182070     316.815043
     24.201278     246.727701
     24.215009     264.025136
     24.231104     330.352870
     24.243653     320.722314
     24.263429     336.690495
     24.278299     288.771682
     24.294476     329.634537
     24.301226     332.851813
     24.315389     285.093832
     24.336718     331.175122
     24.354611     349.945193
     24.368945     272.453383
     24.381331     279.584606
     24.393926     306.696916
     24.409965     351.049116
     24.427965     314.558360
     24.438811     264.569760
     24.452607     310.891205
     24.470802     364.222055
     24.486022     366.674148
     24.501807     324.566548
     24.513137     275.985663
     24.532726     360.528652
     24.548867     255.731280
     24.560091     323.759932
     24.570657     239.825594
     24.592540     314.911554
     24.609916     301.440187
     24.618719     309.292780
     24.631956     248.330149
     24.646278     260.775018
     24.666728     346.042089
     24.682470     310.900967
     24.691955     329.127857
     24.712643     284.073633
     24.726023     325.757031
     24.736420     311.642999
     24.754524     332.947612
     24.769071     335.437304
     24.786982     360.419091
     24.804521     344.628425
     24.811493     365.346758
     24.830164     287.108805
     24.843182     389.001598
     24.859859     345.354267
     24.872189     341.406756
     24.891514     337.259274
     24.900218     323.055867
     24.915520     396.976126
     24.935161     373.691656
     24.947288     422.425862
     24.967720     427.503310
     24.983375     426.717232
     24.993972     412.090512
     25.013380     387.631176
     25.022040     436.646092
     25.039053     464.037787
     25.058803     424.256546
     25.071413     371.625963
     25.080382     390.498261
     25.095366     327.841126
     25.116637     295.664216
     25.132012     346.639361
     25.142844     357.605424
     25.159744     320.145213
     25.171070     300.775500
     25.191938     298.943355
     25.202200     409.325766
     25.215626     360.541077
     25.234677     349.643996
     25.254345     359.684625
     25.267224     403.997004
     25.282666     323.679161
     25.297541     313.923530
     25.311526     308.193730
     25.329769     293.737015
     25.340640     242.443938
     25.352401     333.952493
     25.373805     255.599826
     25.387554     339.995591
     25.399888     296.152859
     25.413418     276.458992
     25.425503     224.283404
     25.448232     261.147378
     25.459681     261.544097
     25.472478     268.864401
     25.488248     265.088489
     25.503315     237.534236
     25.517363     260.933655
     25.533830     232.287320
     25.545818     279.500633
     25.565173     269.433274
     25.584170     274.794493
     25.591753     325.803892
     25.610051     289.451750
     25.628010     260.880043
     25.639226     340.466847
     25.657776     319.475862
     25.669594     292.742849
     25.680332     247.838712
     25.701267     272.854451
     25.717929     308.129427
     25.733116     315.408516
     25.741114     335.041513
     25.755585     294.500610
     25.773480     341.676265
     25.792691     324.533367
     25.808462     272.595462
     25.821399     284.722134
     25.834554     326.575238
     25.853703     277.956790
     25.862450     259.778724
     25.877797     290.389452
     25.896717     273.432123
     25.909805     331.504379
     25.921368     272.833568
     25.938736     351.052165
     25.952138     279.790439
     25.967148     304.503535
     25.982046     307.628963
     26.000749     276.171469
     26.015731     261.664064
     26.029233     265.545416
     26.045930     279.806184
     26.061765     297.127067
     26.079245     329.399231
     26.090170     315.889831
     26.109484     260.220138
     26.119312     256.451870
     26.131420     324.271700
     26.146127     323.615742
     26.168535     349.659478
     26.179010     299.699337
     26.191923     277.478687
     26.205253     329.610498
     26.221097     350.884667
     26.236207     316.129452
     26.258037     283.518844
     26.270589     327.822693
     26.285312     322.164672
     26.301026     285.371569
     26.318879     287.320337
     26.333006     258.605608
     26.343924     289.583054
     26.355904     291.445733
     26.372853     301.249101
     26.389174     325.542592
     26.401379     348.836169
     26.420314     250.211194
     26.437959     277.904968
     26.454365     272.706155
     26.467360     323.043563
     26.478441     299.657643
     26.495314     312.718357
     26.510405     273.749917
     26.528405     324.764835
     26.536448     252.558613
     26.557905     297.783538
     26.570710     331.198970
     26.588722     312.027064
     26.602064     306.167215
     26.617250     323.972287
     26.629408     297.118743
     26.648649     346.273521
     26.657631     300.378441
     26.677973     289.995685
     26.692268     341.887105
     26.701337     290.484746
     26.717036     274.889990
     26.733913     335.003366
     26.745203     268.917031
     26.762333     229.710065
     26.781848     289.667839
     26.790443     247.439015
     26.814856     327.831805
     26.826512     306.698490
     26.839095     313.846422
     26.851342     340.037997
     26.872852     285.421374
     26.885498     335.692732
     26.903446     278.662675
     26.915188     275.132152
     26.933595     329.266481
     26.946390     367.360415
     26.959643     310.237513
     26.977686     270.540676
     26.986344     313.134749
     27.007122     298.046705
     27.016699     292.372377
     27.036008     325.881494
     27.050775     309.033308
     27.063262     269.887208
     27.078377     330.584947
     27.098358     328.598111
     27.108734     290.497992
     27.122830     366.247797
     27.144699     314.971775
     27.158643     294.035581
     27.173429     304.436670
     27.180791     285.006574
     27.204231     268.761669
     27.217784     302.440658
     27.227145     333.956615
     27.243606     320.224395
     27.263984     305.558369
     27.278199     324.985048
     27.286296     331.023351
     27.307916     334.348688
     27.322583     357.934135
     27.338642     321.734614
     27.353496     340.588029
     27.369309     280.074589
     27.382502     342.357083
     27.395955     327.681466
     27.408091     276.205298
     27.427095     345.071236
     27.439784     313.591217
     27.455911     376.248747
     27.465636     295.195030
     27.480480     362.938785
     27.502402     306.327874
     27.518751     258.816827
     27.525698     284.347327
     27.549786     288.364220
     27.564808     251.577783
     27.574368     337.996039
     27.590840     349.860041
     27.607595     288.018919
     27.618879     292.336323
     27.635895     285.056476
     27.646155     272.323854
     27.666931     291.568185
     27.678147     295.741679
     27.693425     374.658154
     27.711296     323.862277
     27.720355     314.173779
     27.741599     301.215530
     27.751084     389.146365
     27.767034     336.061014
     27.787896     262.192045
     27.795455     302.427006
     27.814497     264.344998
     27.828375     251.747169
     27.846117     262.373691
     27.863808     360.253340
     27.876701     369.157260
     27.886780     310.599225
     27.902188     335.896914
     27.916746     356.533076
     27.938787     394.409010
     27.945297     352.128259
     27.968010     306.767349
     27.977658     338.683163
     27.995401     265.945155
     28.008515     330.884037
     28.029975     298.453888
     28.040226     298.094127
     28.059671     288.628639
     28.069704     321.506860
     28.085018     358.323024
     28.099145     248.175697
     28.114080     269.754533
     28.129106     342.637082
     28.147612     361.225816
     28.156993     331.255378
     28.178432     351.694176
     28.189881     237.507508
     28.202681     234.847144
     28.224871     345.589368
     28.237931     336.689788
     28.249973     278.788027
     28.262956     341.047714
     28.279933     326.013796
     28.297804     258.454138
     28.309366     311.955925
     28.324733     268.091304
     28.342269     323.913963
     28.350975     349.025859
     28.371978     315.831810
     28.386450     328.039275
     28.401727     313.031872
     28.411860     316.551672
     28.432183     314.216807
     28.449149     354.149438
     28.461526     379.245089
     28.478381     346.156944
     28.489065     346.167036
     28.505303     330.945013
     28.515856     422.080792
     28.539065     415.727043
     28.552086     402.183875
     28.564363     411.023318
     28.576045     340.323218
     28.592067     389.272247
     28.612924     344.331251
     28.626762     400.120741
     28.640038     313.334951
     28.653239     317.283410
     28.668872     272.979341
     28.686024     361.747506
     28.697912     365.913742
     28.711411     290.953249
     28.734871     352.650463
     28.747722     303.685413
     28.756328     277.787315
     28.770226     310.308991
     28.792489     284.985891
     28.806462     274.831496
     28.815773     317.569470
     28.834611     282.471011
     28.849089     300.953502
     28.868020     268.569582
     28.876057     343.277491
     28.894975     352.187552
     28.911617     301.686058
     28.922661     403.184575
     28.939854     386.795126
     28.952451     358.462133
     28.968549     323.279133
     28.983285     307.060713
     29.003043     373.265787
     29.015797     322.586849
     29.032036     326.257880
     29.041604     361.958261
     29.063085     286.589705
     29.079639     353.998464
     29.094875     287.093796
     29.105725     292.184111
     29.115697     283.410342
     29.139894     371.582394
     29.154504     310.337966
     29.165202     320.076212
     29.179040     350.926317
     29.191287     353.742467
     29.208661     368.614081
     29.220428     341.877985
     29.239274     318.341906
     29.251247     262.714368
     29.265780     333.185153
     29.280276     340.077090
     29.295894     286.497225
     29.315675     283.736370
     29.332957     322.793665
     29.346979     272.634361
     29.362388     234.969396
     29.379607     287.193405
     29.388509     288.310157
     29.403304     256.140148
     29.420711     321.051925
     29.430122     258.446566
     29.450134     338.504812
     29.463836     247.186701
     29.483690     305.522837
     29.499853     305.349040
     29.505581     349.990234
     29.521930     343.457058
     29.539983     328.190308
     29.556298     281.273413
     29.573890     331.936921
     29.583877     353.928542
     29.597348     285.851340
     29.613381     318.350561
     29.629222     324.694220
     29.644346     275.384682
     29.656378     251.496339
     29.675401     291.717500
     29.687669     319.631597
     29.706870     339.558721
     29.721897     307.915677
     29.731998     295.546492
     29.750418     324.269494
     29.764454     220.371216
     29.778398     341.969323
     29.796643     336.834697
     29.807337     331.938978
     29.822469     360.327839
     29.836142     293.668969
     29.859518     313.541430
     29.865537     279.439370
     29.882198     331.397122
     29.902256     269.554448
     29.917092     349.155701
     29.931204     298.372058
     29.948244     233.405892
     29.955333     337.661884
     29.979463     285.702427
     29.988748     306.904636
     30.004986     275.079395
     30.022517     297.299108
     30.032983     320.982633
     30.050474     316.357533
     30.068791     201.204641
     30.078949     236.479426
     30.097572     291.658064
     30.106900     315.990603
     30.124828     232.456329
     30.141173     309.722819
     30.157472     325.959566
     30.167714     337.590355
     30.180954     270.096354
     30.202147     236.694102
     30.216129     264.157083
     30.230944     235.273844
     30.245667     253.001461
     30.257797     250.230670
     30.274647     321.538656
     30.285987     234.617403
     30.304232     245.776375
     30.322035     224.763383
     30.338344     294.508721
     30.352301     272.002399
     30.362062     286.243230
     30.377032     378.391625
     30.392348     327.105172
     30.412444     311.603639
     30.423004     243.867782
     30.438627     277.456601
     30.450542     346.367876
     30.474576     285.240207
     30.485050     247.035006
     30.501246     310.436410
     30.516882     262.559341
     30.534818     307.764226
     30.540697     346.420354
     30.556991     367.895303
     30.575782     373.038201
     30.585716     352.943022
     30.604063     281.206922
     30.618641     280.879794
     30.636017     334.499972
     30.647265     346.939676
     30.663631     281.637335
     30.681684     310.666605
     30.690706     332.666102
     30.713184     339.248265
     30.727630     314.928821
     30.742418     312.190331
     30.756892     358.345173
     30.768487     282.748107
     30.781544     283.295281
     30.799391     353.895463
     30.817653     280.659568
     30.827670     320.847251
     30.847259     335.656087
     30.855817     309.696646
     30.877191     275.057675
     30.887531     294.469559
     30.905764     266.972393
     30.922215     267.029055
     30.931843     325.920654
     30.954208     293.881652
     30.969063     288.697691
     30.981081     237.561601
     30.993396     292.883894
     31.009839     258.008868
     31.027326     309.964527
     31.036807     292.470432
     31.058805     300.028574
     31.071956     235.308284
     31.087977     328.674643
     31.099393     286.114707
     31.111012     257.490103
     31.131970     329.707526
     31.145703     265.033873
     31.159244     292.367449
     31.175597     267.983793
     31.194247     351.502975
     31.205808     265.606799
     31.221043     300.532822
     31.231277     263.303986
     31.249305     289.251183
     31.266403     289.964410
     31.276931     245.454148
     31.297361     245.819209
     31.307127     311.594815
     31.325091     269.771670
     31.343742     294.398033
     31.357834     239.100864
     31.369733     324.343992
     31.386939     313.823897
     31.403099     243.366106
     31.411512     318.650203
     31.433079     274.242557
     31.444407     287.726062
     31.464816     256.953943
     31.471246     253.921516
     31.486823     325.340268
     31.503766     303.979753
     31.522235     323.677777
     31.536497     279.979096
     31.546440     337.674071
     31.567315     289.034698
     31.579543     252.059358
     31.595444     299.984457
     31.613301     286.144813
     31.628360     305.370760
     31.638865     257.626911
     31.650017     274.676255
     31.673890     274.654801
     31.682283     261.724052
     31.697404     217.778566
     31.713786     264.591196
     31.734235     291.362900
     31.748654     307.151768
     31.757950     267.122603
     31.773356     250.682021
     31.791090     273.294220
     31.807157     295.434211
     31.823370     326.576358
     31.836952     291.319114
     31.849448     317.856187
     31.864428     277.290275
     31.879517     307.392302
     31.890630     237.509139
     31.914160     260.368214
     31.928033     259.837209
     31.940756     282.909369
     31.951380     332.815822
     31.967593     302.928313
     31.980119     236.572288
     32.001457     308.941462
     32.011007     335.138546
     32.025031     256.771422
     32.043813     265.167976
     32.055445     346.680568
     32.075147     296.615200
     32.091459     329.678222
     32.106149     295.577832
     32.123128     284.179647
     32.133284     282.289018
     32.152378     335.970876
     32.165052     324.534467
     32.184334     306.403224
     32.195444     273.480736
     32.210512     319.019816
     32.220284     309.575290
     32.238883     322.862459
     32.255949     289.030729
     32.274779     266.345789
     32.286011     287.158860
     32.299561     288.007542
     32.312502     311.986796
     32.327882     249.971916
     32.349906     236.179743
     32.362495     308.069075
     32.376647     209.783795
     32.393738     275.410422
     32.402479     313.164793
     32.415574     311.588110
     32.439565     281.635795
     32.451644     322.980040
     32.460383     314.847561
     32.484012     263.777244
     32.493186     240.182925
     32.506393     273.413377
     32.527049     283.890126
     32.544877     248.255309
     32.555214     298.278175
     32.567182     311.720155
     32.587751     312.893379
     32.602647     269.994216
     32.619319     280.944492
     32.629767     334.559965
     32.648665     351.397324
     32.655279     302.196184
     32.678718     281.132963
     32.690625     340.605862
     32.704290     326.345966
     32.716953     276.747513
     32.730793     288.381834
     32.748761     330.067526
     32.762789     283.853053
     32.780309     271.951811
     32.795886     290.505212
     32.813368     288.442703
     32.820951     332.744556
     32.841847     261.510486
     32.850721     225.690472
     32.873756     319.332638
     32.880478     277.500628
     32.895813     334.332726
     32.912796     319.550992
     32.927828     265.045123
     32.949957     263.785608
     32.957052     317.049791
     32.976623     258.504122
     32.989583     291.429291
     33.005974     259.719467
     33.021377     343.190599
     33.039861     342.237546
     33.054681     289.176145
     33.067958     312.644539
     33.075398     338.040208
     33.093919     286.374565
     33.105773     287.418155
     33.122619     358.084626
     33.138362     240.710648
     33.158939     332.878064
     33.171115     288.537585
     33.187631     255.253898
     33.198088     279.008621
     33.216129     298.579061
     33.228834     222.071979
     33.249059     288.228869
     33.260274     270.123546
     33.271746     305.593104
     33.294857     235.113452
     33.303568     288.058051
     33.322156     227.708671
     33.337576     321.127672
     33.348163     302.109949
     33.369319     237.434324
     33.378110     265.131115
     33.392355     246.827137
     33.408745     243.418400
     33.429444     268.917451
     33.439797     306.993618
     33.453786     238.687721
     33.473559     301.341185
     33.486193     279.171210
     33.501994     302.065155
     33.511444     264.267724
     33.527530     274.801355
     33.546133     250.305613
     33.556014     226.525729
     33.575589     302.875867
     33.586445     267.361803
     33.608026     224.724860
     33.623472     256.733868
     33.637478     277.933996
     33.652088     309.605526
     33.669147     261.547884
     33.684830     228.344234
     33.690639     231.945196
     33.709552     284.893352
     33.726888     331.989847
     33.742121     251.825872
     33.755754     269.705724
     33.771839     234.871482
     33.785676     234.465450
     33.799630     218.168982
     33.817811     288.672225
     33.827723     321.986648
     33.845618     323.805149
     33.857597     262.543849
     33.875704     295.300275
     33.893302     305.296951
     33.909303     282.191973
     33.921733     260.696877
     33.932003     295.276360
     33.947949     297.116535
     33.965882     305.052237
     33.981461     284.296434
     33.990112     251.156412
     34.013223     235.714952
     34.029676     257.320764
     34.040635     272.717565
     34.058291     243.856265
     34.068398     319.954246
     34.089878     306.343965
     34.099905     247.084137
     34.110622     324.822301
     34.126657     297.946648
     34.147052     257.943534
     34.159486     242.190521
     34.171292     287.787235
     34.187348     268.838013
     34.203216     261.887355
     34.215307     250.791274
     34.232659     293.946293
     34.245570     266.024153
     34.269852     221.967263
     34.277164     246.251439
     34.292366     239.920026
     34.310455     255.571403
     34.321299     331.151255
     34.338609     267.257099
     34.357185     283.336480
     34.371135     244.438413
     34.384935     252.801735
     34.400901     316.478973
     34.419947     290.059764
     34.426342     293.082013
     34.440692     294.480394
     34.464663     313.714315
     34.470822     255.302585
     34.485925     300.278735
     34.500599     285.598100
     34.518243     241.806219
     34.530038     292.608445
     34.546134     254.447729
     34.562268     317.124344
     34.578537     270.105469
     34.592425     264.575884
     34.611381     269.798562
     34.623538     332.900899
     34.636826     248.081154
     34.658468     300.731323
     34.667774     332.524277
     34.682321     307.390582
     34.700609     267.819159
     34.715266     255.840671
     34.732454     323.103154
     34.748399     330.375572
     34.758486     277.829912
     34.778409     291.601476
     34.786065     307.388685
     34.806457     314.036189
     34.816731     282.496656
     34.830412     314.395132
     34.848666     276.151099
     34.867476     375.324815
     34.876221     278.125638
     34.896220     246.613224
     34.913761     303.105747
     34.925450     239.446344
     34.944706     256.944833
     34.959145     302.831871
     34.970351     325.241686
     34.983047     330.876190
     34.995959     214.097532
     35.018979     217.403266
     35.027006     303.297757
     35.040452     240.018336
     35.057668     299.032028
     35.074629     229.765393
     35.091529     291.696282
     35.101420     231.965230
     35.123271     250.445456
     35.137928     214.587265
     35.154907     235.070702
     35.161859     238.716779
     35.177783     193.969368
     35.190087     249.449877
     35.210257     303.464561
     35.220595     275.278615
     35.241416     281.529234
     35.257178     218.603999
     35.273844     304.173067
     35.288343     280.328247
     35.297105     275.953548
     35.310236     258.240114
     35.329601     310.601423
     35.342294     251.111360
     35.355664     292.175587
     35.372290     215.764931
     35.388848     196.357849
     35.400779     269.106214
     35.417152     188.575943
     35.437376     278.870195
     35.450063     239.957715
     35.463265     212.688675
     35.478877     315.592410
     35.499800     223.032102
     35.508160     299.839360
     35.527021     300.127093
     35.536247     248.016694
     35.554172     211.969223
     35.573048     297.033180
     35.589047     245.103955
     35.598140     260.429188
     35.616128     253.749761
     35.628937     235.401639
     35.642624     200.240784
     35.664254     261.086440
     35.672391     256.178038
     35.687509     253.817206
     35.709301     246.312699
     35.720889     221.111138
     35.733761     231.584052
     35.753843     244.313602
     35.763665     271.286597
     35.783155     195.748641
     35.793630     255.759639
     35.808995     252.722656
     35.821273     321.639639
     35.839957     281.493173
     35.859519     228.272862
     35.873073     276.261348
     35.885972     296.443732
     35.898364     225.340399
     35.918971     208.882969
     35.928442     291.657777
     35.940662     225.289670
     35.960126     258.689521
     35.971621     280.389390
     35.986353     306.516055
     36.002520     245.534652
     36.017937     232.608445
     36.037185     207.023411
     36.046820     227.158944
     36.064725     264.912176
     36.077467     274.666384
     36.094695     276.405226
     36.106013     231.192036
     36.127893     295.084141
     36.142896     255.003462
     36.158804     246.843876
     36.174777     223.916324
     36.182750     263.269155
     36.195140     289.367579
     36.213640     304.223714
     36.230346     245.792184
     36.248027     250.578724
     36.259837     213.651839
     36.272204     277.993377
     36.293606     257.381122
     36.305894     262.790207
     36.320798     228.928221
     36.336641     243.263148
     36.346505     249.326519
     36.366014     283.981438
     36.380318     299.780797
     36.398043     200.232350
     36.408143     255.008209
     36.429644     268.559478
     36.443021     231.703360
     36.459548     277.352579
     36.469013     220.824797
     36.484069     305.336710
     36.499053     301.480518
     36.511626     294.599459
     36.534423     273.437474
     36.549186     201.132882
     36.558851     244.578793
     36.577678     200.225729
     36.592342     216.142219
     36.606777     187.405435
     36.618007     251.120479
     36.630011     211.629751
     36.648962     275.326394
     36.667508     290.062384
     36.681645     284.165157
     36.691069     301.724805
     36.709046     203.115081
     36.724122     299.023308
     36.737393     301.229388
     36.758328     303.361725
     36.770192     216.203754
     36.780897     241.224215
     36.795498     317.685675
     36.817809     303.939212
     36.827614     292.882614
     36.840652     296.199310
     36.860201     287.482509
     36.877345     254.924357
     36.888841     282.664064
     36.904255     201.020941
     36.917022     293.867828
     36.935560     292.334204
     36.954556     192.006323
     36.961421     272.828098
     36.982824     221.110193
     36.990639     228.734008
     37.010979     201.533653
     37.024101     276.205045
     37.036246     248.077217
     37.053898     223.592413
     37.070983     297.128175
     37.085712     266.829880
     37.096077     241.213338
     37.117117     256.921281
     37.125843     218.267146
     37.149962     270.661954
     37.161327     326.027411
     37.172388     271.852086
     37.192826     271.999022
     37.208162     245.775726
     37.218887     321.151686
     37.230279     296.019175
     37.249108     322.593780
     37.264354     330.883888
     37.280737     247.649974
     37.294415     259.800258
     37.312474     320.243253
     37.329717     342.653061
     37.339449     286.105463
     37.351050     221.179460
     37.371860     286.702429
     37.384732     212.224035
     37.403649     240.152638
     37.415828     294.675756
     37.426492     190.253584
     37.445890     223.622131
     37.457339     245.596256
     37.474690     285.053488
     37.491131     287.345944
     37.504562     205.792423
     37.517042     280.574628
     37.531075     273.958915
     37.548397     265.731954
     37.564971     207.061207
     37.576169     287.445351
     37.599099     276.252769
     37.605449     262.770439
     37.629259     260.157190
     37.641179     227.394538
     37.652102     202.519654
     37.674642     280.745071
     37.680876     287.036756
     37.701110     257.238904
     37.717774     228.061624
     37.733841     287.005665
     37.744824     282.986132
     37.764886     270.011156
     37.774007     245.755306
     37.793264     262.530014
     37.800600     229.726578
     37.824087     210.816597
     37.835827     269.926217
     37.849527     300.356115
     37.860173     219.480800
     37.884711     237.896966
     37.897155     218.335134
     37.906505     204.412158
     37.927430     186.634720
     37.936724     288.987726
     37.957812     208.601103
     37.970927     239.689598
     37.981624     278.825604
     37.997621     248.019587
     38.012912     189.521526
     38.030911     286.191458
     38.047847     245.946267
     38.057147     217.581878
     38.077640     276.002018
     38.088457     173.282147
     38.100578     292.551934
     38.119408     223.321676
     38.139908     221.520765
     38.146271     186.281822
     38.162377     210.392854
     38.181758     217.664783
     38.194469     290.455818
     38.209086     252.517184
     38.229892     287.039537
     38.241708     296.392377
     38.252961     226.764356
     38.271790     228.798957
     38.282694     296.984076
     38.298590     240.264268
     38.313103     284.915362
     38.331414     245.056294
     38.341388     292.472177
     38.361170     224.554837
     38.374934     238.612462
     38.394342     309.002015
     38.401554     296.767159
     38.421899     201.619804
     38.434793     223.769629
     38.454214     302.738464
     38.465877     293.644122
     38.484270     271.895397
     38.496143     248.266402
     38.513309     217.539669
     38.525054     213.196339
     38.543802     196.204927
     38.554435     284.712802
     38.569303     260.453549
     38.584890     203.782497
     38.596520     233.860671
     38.610188     276.720085
     38.633948     212.061695
     38.649533     215.276396
     38.662177     236.862760
     38.678614     271.018531
     38.689247     261.138524
     38.701505     183.194159
     38.719880     195.492147
     38.736067     187.034950
     38.748365     249.506398
     38.762247     271.425437
     38.778087     206.082660
     38.790024     274.566496
     38.811469     187.320879
     38.825232     187.741283
     38.837679     232.801685
     38.852261     278.525908
     38.865983     217.029015
     38.882936     260.270915
     38.901638     252.305850
     38.916839     234.041053
     38.932782     237.791992
     38.942915     216.367006
     38.962805     262.711223
     38.970089     228.337982
     38.993259     237.898626
     39.006733     232.732552
     39.024876     207.574484
     39.034448     256.274593
     39.046065     241.570994
     39.063206     282.276355
     39.081685     220.533576
     39.091132     223.737361
     39.113803     269.581063
     39.120147     236.006226
     39.140803     262.294612
     39.153808     281.322585
     39.171932     243.151286
     39.184897     234.678837
     39.204494     277.797881
     39.210797     249.711371
     39.234950     226.871154
     39.246793     280.787563
     39.256080     211.503703
     39.275981     206.313528
     39.289140     224.461275
     39.300394     230.262529
     39.317037     283.170954
     39.338347     271.712392
     39.353823     240.683253
     39.365558     190.882955
     39.383759     260.085148
     39.391365     244.237197
     39.410730     219.155897
     39.422695     316.083651
     39.443084     267.160943
     39.458636     272.635952
     39.472677     281.485774
     39.481937     195.792150
     39.496029     263.452699
     39.518383     224.567907
     39.532772     280.011236
     39.549229     251.119042
     39.555780     209.252132
     39.577627     298.532279
     39.594530     266.401775
     39.605927     237.145181
     39.616213     293.791514
     39.634939     202.351304
     39.652673     199.167534
     39.665539     239.875254
     39.679190     208.342337
     39.691960     252.376873
     39.714174     268.441374
     39.726882     257.037972
     39.739829     204.574634
     39.759054     239.983211
     39.767102     235.800654
     39.784995     238.379654
     39.798231     294.830913
     39.815317     273.615711
     39.833084     226.400250
     39.845838     220.187143
     39.861759     280.390522
     39.875388     206.496752
     39.890265     290.498158
     39.907257     220.889394
     39.917426     234.941526
     39.936204     276.925428
     39.948690     252.541421
     39.964888     211.808924
     39.982400     274.679828
     39.994494     280.152558
     40.005076     279.919160
     40.024132     198.297816
     40.035923     273.436538
     40.053944     227.509768
     40.074569     208.203918
     40.088959     232.550200
     40.100433     265.380922
     40.116205     279.139918
     40.134791     195.248124
     40.149461     246.976460
     40.163429     212.786622
     40.177927     259.471521
     40.187363     273.877625
     40.200143     273.014346
     40.223927     241.045295
     40.238673     250.889704
     40.245494     278.611343
     40.265504     218.568209
     40.283097     245.082923
     40.294987     295.130534
     40.313735     304.102170
     40.324322     271.456483
     40.338376     275.225527
     40.351236     211.685293
     40.367032     281.793400
     40.380241     199.559186
     40.404641     289.011056
     40.410827     254.608172
     40.428662     220.659983
     40.443899     270.890346
     40.457850     241.196982
     40.470793     250.573791
     40.492910     278.842673
     40.504176     289.821594
     40.519912     271.790841
     40.535838     225.986621
     40.551737     200.546995
     40.560848     274.800115
     40.583304     241.093468
     40.596310     259.934483
     40.614693     218.412259
     40.628629     247.082201
     40.643586     290.759896
     40.657913     233.804049
     40.674546     248.775917
     40.680464     270.777701
     40.703852     243.849653
     40.716876     289.863704
     40.725138     251.591033
     40.740477     236.934073
     40.764673     304.812853
     40.778826     214.197810
     40.794881     283.922496
     40.801111     227.957329
     40.815619     258.517853
     40.831310     279.538017
     40.845904     263.555638
     40.869401     295.539680
     40.880577     227.839879
     40.890331     266.820532
     40.911460     264.222942
     40.927568     269.238175
     40.943265     264.719615
     40.951627     190.525782
     40.967025     298.386876
     40.985599     289.684119
     41.001265     260.143087
     41.015521     218.091466
     41.034125     243.369426
     41.047378     210.181368
     41.060223     245.131731
     41.071005     235.269761
     41.085687     206.786965
     41.109312     305.105419
     41.118061     250.356061
     41.130266     267.740960
     41.146494     288.571169
     41.163876     222.107334
     41.178281     264.684291
     41.191790     262.038818
     41.206150     287.211317
     41.220513     254.441102
     41.241301     234.390548
     41.250638     202.961417
     41.273618     246.365668
     41.284788     296.903118
     41.298101     228.963158
     41.314739     266.049517
     41.334834     205.839939
     41.348181     252.556611
     41.357245     299.113621
     41.370488     173.446755
     41.385307     290.070480
     41.403935     262.066813
     41.424261     237.417829
     41.432219     257.690713
     41.454336     237.117984
     41.463783     289.203015
     41.475867     252.145456
     41.493458     237.253554
     41.514377     250.910370
     41.520228     276.980493
     41.540746     240.032395
     41.559880     234.455912
     41.569263     225.733480
     41.587915     204.069631
     41.597995     206.524436
     41.612537     227.344000
     41.633477     227.069418
     41.642468     227.228529
     41.664909     235.709492
     41.673859     264.556841
     41.690396     221.358636
     41.707108     288.153604
     41.724730     242.909484
     41.736000     248.931534
     41.754951     269.151624
     41.764794     206.284631
     41.780505     221.484069
     41.794298     289.799456
     41.811347     279.000026
     41.820170     288.158617
     41.838929     242.867454
     41.855165     262.773622
     41.871006     278.399119
     41.881512     208.169151
