      2.002195     -38.299552
      2.014225     -10.264690
      2.034117     -26.696429
      2.047360      20.453533
      2.060798      11.576504
      2.070509     -34.862077
      2.087858      19.941107
      2.102120     -22.643951
      2.117085       6.753649
      2.139720      50.416925
      2.154572      63.642312
      2.168993      90.181615
      2.183661      71.478170
      2.192183      72.613556
      2.209949     101.864979
      2.229996     160.522205
      2.239430      82.420618
      2.251496     108.386344
      2.269329     190.480557
      2.284835     218.039014
      2.302284     190.651692
      2.310663     225.651024
      2.333811     323.709408
      2.347238     345.659123
      2.361051     347.624539
      2.378060     352.218286
      2.386246     432.140605
      2.403026     424.949333
      2.419796     434.118956
      2.430621     442.947097
      2.450506     453.878823
      2.466143     523.639036
      2.477362     515.655381
      2.492168     528.486474
      2.507607     542.432306
      2.521204     582.155504
      2.537938     548.581922
      2.555177     572.138035
      2.574141     574.405142
      2.586782     616.021798
      2.604456     565.527456
      2.612561     567.597846
      2.634293     570.285516
      2.641188     580.764668
      2.659374     652.646371
      2.672569     624.299098
      2.691698     669.938954
      2.708492     721.803479
      2.718420     635.872514
      2.735629     714.063754
      2.750378     674.713099
      2.768493     691.213082
      2.782545     708.716276
      2.792355     702.791478
      2.810837     745.968967
      2.822174     722.041979
      2.836118     720.415055
      2.855511     777.279865
      2.865004     862.758075
      2.886446     861.820499
      2.903635     888.026221
      2.911711     842.538671
      2.930326     881.627090
      2.949563     893.160897
      2.957596     995.146704
      2.978778     893.100699
      2.990072     962.444345
      3.004476    1049.138088
      3.016772    1016.656368
      3.032062    1055.921524
      3.047075    1121.326925
      3.067294    1141.807649
      3.076745    1222.786736
      3.096578    1286.515737
      3.113031    1247.495995
      3.124454    1291.540109
      3.143090    1440.554234
      3.159602    1434.862214
      3.168241    1551.477837
      3.182156    1586.410016
      3.201392    1727.526469
      3.217306    1812.252742
      3.231313    1880.325871
      3.247765    2017.322414
      3.256542    2141.165453
      3.270421    2384.491203
      3.286289    2554.976791
      3.304764    2924.149548
      3.315145    3297.389013
      3.334394    3993.863127
      3.350699    4645.851681
      3.369354    4908.638133
      3.382129    4067.534098
      3.393470    2115.228910
      3.407347    1085.990670
      3.424146     625.116244
      3.436044     618.665987
      3.457505     494.453355
      3.471327     408.823265
      3.487446     439.721099
      3.504771     373.831442
      3.516160     393.493515
      3.530633     390.923778
      3.548769     344.578293
      3.555559     402.526550
      3.572933     294.684518
      3.589386     293.847598
      3.603733     294.416348
      3.618280     311.225984
      3.639930     289.137339
      3.650734     354.082755
      3.667587     336.803658
      3.683898     322.378927
      3.697171     346.292263
      3.707987     288.063123
      3.720764     355.843790
      3.738917     303.813664
      3.755477     302.250428
      3.766119     302.235122
      3.785379     257.881530
      3.796838     352.069818
      3.818562     321.322407
      3.832228     352.999782
      3.840400     305.201448
      3.864253     324.565168
      3.872832     316.945608
      3.886224     243.956033
      3.909984     397.781841
      3.918275     334.521482
      3.932515     310.808090
      3.951389     326.379026
      3.964640     303.423882
      3.976948     405.912679
      3.998206     389.240188
      4.010920     376.721713
      4.026233     354.650121
      4.042292     398.105197
      4.059126     360.209426
      4.072339     391.036416
      4.084605     386.142194
      4.096762     351.082747
      4.116923     362.617029
      4.129386     306.974275
      4.148937     418.208315
      4.156659     398.690140
      4.177868     383.633764
      4.187170     389.854533
      4.207886     340.135240
      4.222897     354.569427
      4.233291     425.553684
      4.250878     425.097248
      4.264715     396.272144
      4.278030     402.661170
      4.295857     365.049324
      4.305094     410.533908
      4.328898     439.777393
      4.341847     371.261872
      4.352543     411.516539
      4.374922     398.655283
      4.389876     469.262677
      4.401166     449.745940
      4.411482     433.348112
      4.428041     433.374228
      4.442279     520.482082
      4.457211     529.705719
      4.470406     525.843086
      4.493604     518.066315
      4.500818     510.437150
      4.520095     525.288846
      4.533227     488.567506
      4.550195     628.047931
      4.560479     584.154207
      4.575581     622.831338
      4.591272     646.038920
      4.609105     615.670309
      4.620802     752.032191
      4.642785     782.788160
      4.650785     805.921426
      4.672199     829.727182
      4.682025     921.470086
      4.696712     929.617520
      4.713744    1142.459213
      4.732239    1199.677243
      4.746020    1382.711780
      4.759929    1572.914142
      4.779538    1520.334712
      4.785699    1082.204261
      4.804359     724.957380
      4.822850     501.809806
      4.830002     469.425362
      4.846337     385.696765
      4.867957     364.592183
      4.879355     394.198533
      4.896676     406.161221
      4.914828     390.024737
      4.929868     399.780633
      4.942296     387.351020
      4.957194     415.771507
      4.966426     440.265997
      4.980546     418.711671
      5.000199     371.890349
      5.016725     447.514431
      5.030719     412.107385
      5.044749     409.866280
      5.061352     388.357152
      5.070880     453.313561
      5.088620     406.738107
      5.105991     453.689410
      5.118607     378.842693
      5.135201     442.527198
      5.153066     369.362855
      5.165038     406.593904
      5.176449     427.095113
      5.192419     460.987983
      5.205190     513.830719
      5.225498     462.985963
      5.237005     410.301541
      5.257659     403.445611
      5.267629     468.775558
      5.287077     482.132445
      5.301115     523.898313
      5.317686     458.430220
      5.328156     470.964100
      5.341249     479.643733
      5.364074     440.569199
      5.377867     550.265137
      5.391500     471.771002
      5.406373     519.244647
      5.416859     463.926015
      5.436560     578.038227
      5.452124     536.960980
      5.467115     560.244955
      5.480685     566.338059
      5.491740     563.636313
      5.505276     574.645302
      5.527889     650.595150
      5.539565     600.201301
      5.552706     661.965743
      5.574473     684.729249
      5.587812     768.027460
      5.602528     827.482103
      5.619092     793.256170
      5.626187     816.158407
      5.643725     968.719964
      5.657037     913.434634
      5.672967    1048.877164
      5.694064    1089.466666
      5.705839    1061.890400
      5.719511    1175.728664
      5.736111    1245.925426
      5.750834    1412.958610
      5.766178    1489.340884
      5.783885    1665.998430
      5.790277    1890.949608
      5.809381    2304.632966
      5.825315    2786.049533
      5.843804    3002.454684
      5.859123    2482.469318
      5.870943    1573.195844
      5.885673     888.043180
      5.903364     590.870277
      5.911463     526.080104
      5.927606     441.600796
      5.948081     438.157783
      5.963274     413.750309
      5.977421     436.622319
      5.985954     432.201303
      6.009544     424.522213
      6.017553     429.673726
      6.035932     405.489349
      6.047446     386.018402
      6.061104     350.034430
      6.081041     341.803732
      6.097676     405.688914
      6.110567     342.918681
      6.125967     346.531875
      6.143820     345.413510
      6.158474     383.427960
      6.173332     460.023715
      6.183119     428.014678
      6.197341     411.767549
      6.210961     420.670788
      6.228795     348.540782
      6.249007     345.584162
      6.256349     398.798156
      6.273185     430.820483
      6.289946     390.923651
      6.300234     454.019120
      6.318418     365.665145
      6.334352     437.372819
      6.353332     391.035156
      6.365791     400.037935
      6.382618     484.494887
      6.390713     440.841225
      6.405024     399.522714
      6.427274     379.224067
      6.437775     420.143911
      6.454729     420.926233
      6.471228     421.402378
      6.480930     423.604409
      6.498138     438.995001
      6.519008     450.072974
      6.526166     510.604944
      6.542435     530.178440
      6.556276     450.107428
      6.575228     505.651540
      6.590735     490.062848
      6.600141     535.883158
      6.618413     556.817966
      6.639096     572.147156
      6.654220     561.011328
      6.667484     626.087673
      6.677060     741.200648
      6.692157     749.665360
      6.708915     804.678888
      6.723098     921.600282
      6.744040    1056.126201
      6.759849    1046.802135
      6.765214     829.000612
      6.785492     534.095786
      6.797284     519.001977
      6.813605     459.041737
      6.834722     397.113020
      6.843024     356.907905
      6.858180     372.125485
      6.873566     381.078835
      6.891521     388.901636
      6.908652     428.604191
      6.922683     443.108913
      6.931659     419.812174
      6.954653     435.862261
      6.969479     478.008827
      6.979834     388.214210
      6.999532     343.099929
      7.013732     392.826165
      7.022903     454.225634
      7.037246     357.524333
      7.057765     403.489106
      7.073738     388.563280
      7.088120     399.779451
      7.101381     477.837001
      7.117572     469.734132
      7.125732     415.257044
      7.141794     389.632351
      7.159516     413.998114
      7.172859     447.485668
      7.186864     492.470269
      7.204019     523.645838
      7.219720     503.791697
      7.232025     417.685699
      7.254939     482.204174
      7.269148     481.716915
      7.281885     462.733331
      7.291616     494.091771
      7.308492     480.267278
      7.321625     486.041581
      7.340828     563.219288
      7.358870     582.927917
      7.370192     633.826605
      7.387956     629.796598
      7.402770     691.168166
      7.414985     663.374943
      7.433734     769.658968
      7.445637     759.773754
      7.458781     884.685711
      7.478015     906.890732
      7.494350     996.193622
      7.505788    1080.410269
      7.517110    1263.096864
      7.531105    1382.629878
      7.552174    1519.996301
      7.569949    1339.225112
      7.584173     978.462765
      7.594668     621.714696
      7.613287     561.243228
      7.625566     459.640713
      7.643807     499.334950
      7.652188     488.583434
      7.665574     414.270399
      7.686413     419.058667
      7.697167     505.176744
      7.717560     389.846313
      7.734405     442.365324
      7.744125     480.601304
      7.759728     447.498529
      7.773115     430.347044
      7.793299     498.635991
      7.804455     528.840558
      7.824902     496.899169
      7.834356     487.726085
      7.849854     483.124231
      7.869726     521.919132
      7.883398     518.828627
      7.893873     521.665933
      7.907871     476.351713
      7.925150     583.000211
      7.940172     529.892659
      7.958033     549.263275
      7.967578     525.029123
      7.981567     559.233223
      8.002516     613.073303
      8.013287     657.165693
      8.027947     649.152535
      8.046834     603.328556
      8.060645     700.257564
      8.076637     711.833306
      8.087771     707.209508
      8.102234     714.738249
      8.119319     798.411606
      8.130926     828.701771
      8.148508     912.043556
      8.167791     986.410856
      8.176005    1149.558745
      8.191859    1161.468135
      8.209570    1318.598283
      8.223767    1536.187850
      8.244616    1804.259256
      8.258532    1996.569232
      8.270172    2229.976014
      8.281505    1963.472452
      8.304805    1299.985551
      8.311614     819.412867
      8.331680     555.550164
      8.344782     468.349039
      8.357104     442.218829
      8.373159     397.331678
      8.389870     391.616939
      8.403741     418.470600
      8.416568     329.570189
      8.432431     417.080974
      8.445077     415.370885
      8.467148     340.093694
      8.481866     351.400788
      8.491347     353.143633
      8.508331     340.301322
      8.524657     350.981645
      8.536291     378.994497
      8.558279     382.434958
      8.570731     387.716286
      8.582471     346.682746
      8.602535     413.566717
      8.615778     367.138224
      8.630549     339.337808
      8.648482     294.169426
      8.662431     394.449434
      8.676499     392.523329
      8.691752     370.060211
      8.703525     414.950237
      8.720329     290.894808
      8.739703     378.897218
      8.749048     436.484813
      8.768739     406.599980
      8.778532     385.071063
      8.795217     363.534177
      8.808277     380.872259
      8.828075     445.054861
      8.841750     391.764092
      8.851346     458.929726
      8.874283     399.758767
      8.886357     407.040899
      8.897828     413.481701
      8.912054     478.384308
      8.933604     466.612164
      8.942906     447.015730
      8.958403     425.909084
      8.976312     407.122813
      8.991359     441.490076
      9.001092     354.284295
      9.018799     407.793178
      9.031305     343.367438
      9.051056     318.701803
      9.068289     325.604875
      9.081977     389.346540
      9.097561     311.686513
      9.114246     385.872196
      9.120738     330.220814
      9.143290     306.746345
      9.157277     373.122697
      9.167053     325.513668
      9.187597     437.557311
      9.203458     388.653064
      9.210368     400.376615
      9.231850     363.360790
      9.246599     414.190171
      9.256826     404.188009
      9.276167     333.399500
      9.285633     349.883392
      9.302278     352.691642
      9.320258     289.760893
      9.338831     320.310899
      9.354761     397.771343
      9.368787     351.277277
      9.382382     320.205515
      9.396067     361.707324
      9.411829     333.826863
      9.425596     379.679742
      9.441502     376.034009
      9.457553     339.976471
      9.469461     341.792112
      9.489743     368.490978
      9.496161     374.064171
      9.515844     435.792031
      9.526568     351.952133
      9.540175     411.809491
      9.560046     359.302263
      9.579415     408.079060
      9.585591     390.077367
      9.602077     348.468131
      9.624233     415.383294
      9.632475     344.259202
      9.650565     334.218078
      9.667068     371.103653
      9.675991     342.434230
      9.696853     410.846193
      9.708660     368.910450
      9.720831     411.889313
      9.736697     429.790438
      9.758454     409.594372
      9.769850     407.907878
      9.781987     401.342242
      9.803290     360.438214
      9.811167     350.150599
      9.832558     428.975696
      9.849517     440.373066
      9.862505     380.070667
      9.879328     424.167804
      9.893655     407.290314
      9.903678     412.154493
      9.919644     428.992617
      9.930604     418.627598
      9.945961     428.978914
      9.963622     408.622618
      9.977769     431.054280
      9.996093     474.322191
     10.008992     489.555341
     10.021362     471.957121
     10.036054     509.889560
     10.057640     493.802428
     10.068765     530.810498
     10.086780     518.427199
     10.102913     533.197231
     10.119577     581.013434
     10.130680     720.890930
     10.147941     610.157016
     10.158273     596.189991
     10.171853     461.203866
     10.193583     409.825224
     10.203078     467.408817
     10.219671     326.016982
     10.237118     341.078383
     10.248400     353.632063
     10.269634     412.537138
     10.276131     333.604371
     10.296521     412.078750
     10.311497     433.880254
     10.327115     385.173261
     10.338212     322.836450
     10.351934     327.701901
     10.371989     402.607366
     10.383392     370.613145
     10.404377     362.311239
     10.411710     363.001678
     10.425107     404.634943
     10.443983     328.289279
     10.457785     416.993435
     10.479336     348.189115
     10.485599     409.258613
     10.501671     365.069792
     10.522012     422.154399
     10.538328     380.881171
     10.552954     382.385199
     10.562058     421.773423
     10.576944     434.951615
     10.597438     374.245858
     10.607014     352.576938
     10.621513     407.473546
     10.638107     431.284759
     10.653888     475.578714
     10.666089     436.990471
     10.683738     503.715440
     10.699259     514.480775
     10.717075     394.901482
     10.725987     379.157309
     10.746576     369.644118
     10.764173     345.414613
     10.777232     431.505073
     10.785417     342.371278
     10.808786     412.149908
     10.821139     411.486850
     10.839305     358.811950
     10.851138     399.770723
     10.861415     393.511958
     10.879283     350.454445
     10.898439     443.063234
     10.908378     444.661451
     10.924408     417.082863
     10.936199     451.153504
     10.956757     384.435269
     10.966543     387.793148
     10.985049     432.691601
     11.001241     503.248816
     11.010408     536.598495
     11.032318     492.361852
     11.045793     525.216108
     11.057135     520.898698
     11.073713     565.510975
     11.086083     549.068298
     11.106433     568.216532
     11.117682     656.199261
     11.138664     649.451886
     11.147193     694.484551
     11.163706     833.297885
     11.176187     845.847556
     11.193919     963.832331
     11.209443    1003.310847
     11.222510     877.722874
     11.241771     806.840639
     11.252257     571.029607
     11.268591     479.032545
     11.282522     439.782756
     11.298872     412.597017
     11.311038     387.285685
     11.327077     436.769472
     11.341835     371.424202
     11.361907     363.342495
     11.373008     377.325408
     11.393375     449.462586
     11.408298     388.131431
     11.417927     402.233025
     11.435827     384.074115
     11.452980     388.510880
     11.468256     360.611861
     11.475799     430.406405
     11.491357     380.531604
     11.512636     377.287063
     11.525499     375.516892
     11.543088     419.217782
     11.555790     458.532309
     11.571187     400.372548
     11.580861     515.616616
     11.601581     520.314907
     11.612496     512.415047
     11.628165     522.787951
     11.649282     534.209943
     11.662144     500.844467
     11.675850     597.789387
     11.686792     625.347726
     11.706441     608.363047
     11.720826     638.136951
     11.733436     622.193978
     11.753656     463.104810
     11.766185     388.144402
     11.784976     469.140859
     11.791291     500.091365
     11.808187     437.777238
     11.822763     478.476450
     11.837798     453.621028
     11.854872     439.147056
     11.869545     441.125649
     11.887260     418.624367
     11.902340     499.437699
     11.917507     509.957198
     11.927742     523.547641
     11.941056     516.674521
     11.959845     478.889677
     11.979533     437.930137
     11.988492     519.082909
     12.007116     559.846425
     12.021943     486.118277
     12.037532     545.627382
     12.053308     543.212642
     12.068892     550.286688
     12.083278     558.250553
     12.098925     652.475228
     12.112885     708.873495
     12.126781     814.210433
     12.140643     847.988239
     12.151384     990.751024
     12.174029    1025.386750
     12.187035    1119.982601
     12.196733    1076.596387
     12.215005     951.869364
     12.231530     678.046909
     12.241110     551.269385
     12.259410     539.534371
     12.279503     408.816838
     12.285445     388.533796
     12.300343     412.657535
     12.323199     400.695121
     12.337817     362.163895
     12.346795     439.450975
     12.361723     380.378216
     12.377353     399.356722
     12.394992     348.706509
     12.414775     352.601311
     12.429428     394.833858
     12.440781     414.906411
     12.453237     337.772657
     12.470176     461.913809
     12.480478     406.815388
     12.504688     359.409706
     12.517783     352.540583
     12.533587     418.735868
     12.544394     317.851667
     12.562375     380.808456
     12.576526     404.312317
     12.592490     423.990065
     12.604715     333.761984
     12.623669     357.824314
     12.637539     431.379077
     12.650985     376.612285
     12.661381     365.790417
     12.678101     373.869859
     12.693687     384.967695
     12.713118     378.113773
     12.727493     372.432431
     12.744151     352.080522
     12.756653     310.123317
     12.774856     357.249720
     12.787272     397.125171
     12.796703     385.075808
     12.816461     335.051313
     12.831570     316.836376
     12.840839     393.362302
     12.855754     344.440689
     12.873325     363.268690
     12.894515     313.427733
     12.905736     341.102006
     12.924578     332.395221
     12.938238     361.810219
     12.951250     448.993499
     12.960145     385.843420
     12.984069     387.734294
     12.998354     452.011223
     13.011646     441.835205
     13.023808     413.063006
     13.042189     391.498974
     13.054012     478.008534
     13.067920     492.940396
     13.083476     439.372305
     13.098385     496.129420
     13.115269     486.289123
     13.127844     460.980280
     13.143921     403.120411
     13.155410     455.314802
     13.170390     444.768730
     13.185449     430.796464
     13.201600     449.314202
     13.216678     477.180955
     13.236470     461.591326
     13.252154     471.888129
     13.261936     376.981025
     13.279239     443.235621
     13.292273     434.267311
     13.307126     484.081035
     13.327078     491.318708
     13.342241     526.967010
     13.355340     449.924896
     13.371210     494.076157
     13.389837     517.288986
     13.401435     556.093358
     13.411754     556.302692
     13.427888     557.190624
     13.442934     599.133069
     13.456449     653.333801
     13.477261     747.104662
     13.490573     779.462019
     13.503081     896.595799
     13.524267     911.977887
     13.532126     985.023605
     13.548307     927.568984
     13.561293     806.233764
     13.583225     611.558448
     13.591410     480.714857
     13.613894     411.863426
     13.629603     395.045936
     13.639134     372.982376
     13.656854     434.264152
     13.669435     423.037792
     13.680288     390.736532
     13.701209     400.642859
     13.718742     441.721890
     13.726213     422.792196
     13.745226     442.850794
     13.763949     485.427258
     13.775164     476.784982
     13.791576     494.722220
     13.804215     385.863104
     13.817726     449.772168
     13.838846     446.355134
     13.850076     529.926199
     13.869224     542.879969
     13.877251     595.457575
     13.891944     626.241651
     13.914697     649.703657
     13.928017     621.727259
     13.939731     699.977950
     13.954546     789.968724
     13.972610     692.975065
     13.980164     623.923256
     14.001134     552.955515
     14.016053     480.153869
     14.031454     458.114899
     14.044848     412.558672
     14.064574     391.497600
     14.071311     424.652774
     14.093561     385.956563
     14.100478     370.484516
     14.124710     378.463034
     14.130003     397.873393
     14.151473     432.593988
     14.169576     381.630513
     14.177272     468.599927
     14.197468     453.962556
     14.210579     436.182769
     14.225024     384.416946
     14.241583     436.035216
     14.250012     436.997751
     14.269491     464.142466
     14.284490     478.846773
     14.302620     460.403086
     14.317943     590.045868
     14.332985     627.811146
     14.340191     668.630496
     14.360817     689.126156
     14.377855     666.734635
     14.394997     521.755652
     14.407292     508.582536
     14.415475     384.877327
     14.430485     386.951206
     14.447344     383.376105
     14.463531     427.602679
     14.483288     385.718846
     14.499069     388.781602
     14.508459     360.239822
     14.528860     350.635547
     14.541544     386.976338
     14.551489     409.631741
     14.572856     405.997654
     14.586416     389.318577
     14.596125     375.396732
     14.617781     491.335754
     14.625790     466.612982
     14.643592     428.574442
     14.659790     510.103969
     14.670417     452.199199
     14.694631     544.706529
     14.700014     538.846601
     14.722330     587.338965
     14.730164     710.910194
     14.751924     724.326623
     14.765167     712.141062
     14.782163     676.270106
     14.795520     498.804153
     14.810183     417.124813
     14.827959     444.092148
     14.838383     337.707605
     14.853131     354.564335
     14.865493     378.361478
     14.888552     384.620358
     14.896629     363.851128
     14.912468     308.378565
     14.933004     342.939244
     14.943621     398.909070
     14.957505     342.318559
     14.975870     384.959779
     14.989785     417.947286
     15.002532     317.700610
     15.017851     346.037821
     15.031928     409.325789
     15.046321     390.002885
     15.064460     405.007747
     15.080415     326.278493
     15.099900     422.364747
     15.106045     403.835749
     15.127270     442.483615
     15.144175     457.336409
     15.154958     416.800213
     15.167242     400.747722
     15.181608     401.244166
     15.195247     422.120369
     15.211838     337.202591
     15.225283     395.071975
     15.246873     405.405401
     15.261696     338.681700
     15.274597     416.553374
     15.294438     404.495285
     15.309747     387.725205
     15.320241     334.862829
     15.335770     370.051843
     15.346299     300.297768
     15.360805     345.903713
     15.384987     327.900399
     15.397038     360.852340
     15.413693     412.716187
     15.420968     411.980822
     15.444988     367.428521
     15.456076     404.735937
     15.474692     425.199174
     15.489881     419.370983
     15.502795     408.537907
     15.510345     468.096704
     15.527450     452.110741
     15.549949     487.247878
     15.564429     400.571579
     15.574143     448.211957
     15.591962     371.116069
     15.605289     370.153889
     15.622633     363.354238
     15.636177     371.670868
     15.651550     375.280806
     15.664718     380.639227
     15.681810     424.668710
     15.695711     360.533031
     15.706740     383.652071
     15.720475     457.783655
     15.737350     445.482756
     15.759267     409.761490
     15.770940     428.285595
     15.786221     481.728048
     15.797656     557.168001
     15.810736     531.023629
     15.830073     577.886883
     15.840874     631.779394
     15.855203     669.752248
     15.875966     794.014793
     15.885910     773.264713
     15.906257     771.544664
     15.918395     661.529909
     15.934090     549.620311
     15.954580     436.642979
     15.969052     364.325138
     15.983676     385.538168
     15.997629     383.485039
     16.008955     394.298272
     16.020015     412.202196
     16.040414     369.004538
     16.059982     334.003504
     16.072892     300.412943
     16.085014     320.309955
     16.095854     368.106209
     16.117709     376.111985
     16.130574     394.532657
     16.144206     322.798427
     16.161555     316.243541
     16.171277     309.270530
     16.186866     385.223230
     16.203620     368.889294
     16.217595     325.710303
     16.231492     346.749462
     16.253464     317.794763
     16.267031     369.554639
     16.280941     307.444188
     16.296861     302.335214
     16.305664     304.507988
     16.321480     372.247237
     16.335469     309.630607
     16.350734     278.047636
     16.372411     326.468363
     16.386106     364.572671
     16.397909     323.201528
     16.414023     328.376817
     16.429511     353.196302
     16.445346     346.106855
     16.456956     417.248534
     16.474453     354.647193
     16.485596     423.752827
     16.506342     414.884639
     16.521171     396.545529
     16.530808     471.730760
     16.548944     528.290234
     16.564411     517.912587
     16.579743     554.911188
     16.597844     617.797103
     16.613110     567.452895
     16.627593     531.365775
     16.640900     495.842232
     16.654924     463.133667
     16.668337     390.154816
     16.686247     429.476328
     16.695290     373.854468
     16.716932     372.719976
     16.733743     332.638809
     16.740107     339.630136
     16.764549     376.175924
     16.776527     282.298824
     16.794921     334.455702
     16.805440     322.935155
     16.820055     323.099254
     16.837561     322.118521
     16.850270     444.815099
     16.862578     435.710184
     16.880918     395.125551
     16.899441     474.446183
     16.910587     504.801164
     16.925459     465.948628
     16.943709     483.188348
     16.957331     473.900076
     16.969357     478.293131
     16.980783     464.681449
     17.001893     361.530863
     17.015190     343.609830
     17.027461     283.177434
     17.049783     257.151041
     17.060500     363.137905
     17.072959     278.172205
     17.091268     270.809504
     17.109342     291.477748
     17.122793     321.180805
     17.136371     270.365039
     17.152656     310.671728
     17.165997     356.791443
     17.179611     340.438000
     17.198676     357.645027
     17.212890     282.447446
     17.228484     323.428055
     17.240442     332.191643
     17.251607     328.771182
     17.267142     355.782913
     17.283490     297.013447
     17.304080     275.650818
     17.316841     283.765927
     17.327425     271.012720
     17.348342     333.073866
     17.357128     357.367169
     17.379728     348.039693
     17.386245     298.448847
     17.403916     274.231658
     17.417458     363.614024
     17.432005     345.122098
     17.445377     327.634209
     17.466700     330.342018
     17.477860     308.616688
     17.497391     380.109326
     17.507967     361.587992
     17.526222     387.768652
     17.544728     380.133011
     17.550290     368.512280
     17.569876     419.012101
     17.584370     424.420281
     17.598294     474.597735
     17.615682     481.920112
     17.628747     435.793712
     17.645709     338.347286
     17.658420     370.656681
     17.670327     354.195533
     17.685841     361.693114
     17.704453     261.469193
     17.716591     308.188151
     17.732397     316.148497
     17.754747     273.705955
     17.763373     334.203625
     17.779682     283.557643
     17.791505     329.509835
     17.808163     266.241399
     17.827047     319.128652
     17.835851     314.914176
     17.858012     356.557358
     17.874271     370.844835
     17.885007     315.068557
     17.902880     415.097007
     17.918869     337.321799
     17.931811     343.333584
     17.949686     353.615612
     17.959621     353.324650
     17.973094     405.523379
     17.990932     345.834929
     18.007449     239.821654
     18.015632     332.639881
     18.037388     285.143513
     18.053327     354.329545
     18.064059     333.292305
     18.078045     236.736673
     18.095037     294.898224
     18.112909     249.925164
     18.129079     322.671253
     18.140666     280.038636
     18.156425     222.905690
     18.170284     301.424158
     18.182462     315.166590
     18.197495     331.250294
     18.213513     294.491114
     18.231005     306.643905
     18.249714     288.355618
     18.260639     321.544231
     18.274185     340.652404
     18.293162     276.614762
     18.309506     293.724805
     18.322135     325.506734
     18.339871     277.006752
     18.354434     263.186037
     18.363133     263.619477
     18.384885     236.143852
     18.396516     297.133138
     18.405982     329.102503
     18.427654     347.772707
     18.436722     310.795887
     18.458513     235.851117
     18.473785     286.268646
     18.481700     229.562332
     18.497084     275.879725
     18.519317     329.549598
     18.534100     335.104179
     18.543975     260.692569
     18.561706     285.984292
     18.573720     261.375326
     18.591099     241.343209
     18.602718     315.246941
     18.621992     314.448058
     18.639222     259.488530
     18.654528     338.227210
     18.665613     346.515049
     18.680062     249.399630
     18.693846     252.294774
     18.712309     259.833496
     18.721340     363.514615
     18.737533     292.651349
     18.751062     342.118365
     18.772045     386.151540
     18.786910     399.328604
     18.799643     324.313642
     18.810107     361.688343
     18.829839     415.489233
     18.847604     441.993777
     18.863404     409.988249
     18.878532     468.774118
     18.886203     519.939910
     18.905938     448.062435
     18.915522     335.541769
     18.930948     340.574816
     18.948788     335.200524
     18.966516     267.890197
     18.978507     358.292804
     18.997347     358.408170
     19.007412     352.707094
     19.024998     259.747903
     19.037161     295.004498
     19.050808     343.947886
     19.070362     347.720867
     19.081421     287.018964
     19.095273     279.242630
     19.111545     317.828903
     19.125515     328.935214
     19.140423     314.769314
     19.160403     358.590317
     19.178951     323.643382
     19.186453     356.162532
     19.205106     395.277871
     19.217337     325.454713
     19.232119     308.865862
     19.248192     331.191125
     19.268216     279.767121
     19.283562     347.665007
     19.298900     297.419840
     19.308222     290.823037
     19.327866     314.957998
     19.343722     294.572209
     19.358397     329.847385
     19.372606     306.829128
     19.385577     366.769170
     19.399875     361.303039
     19.410108     353.653274
     19.425319     448.428689
     19.442635     449.458739
     19.463557     439.286716
     19.478004     366.305106
     19.492161     484.015301
     19.509642     527.625707
     19.523651     394.341289
     19.539605     411.652358
     19.546435     336.037252
     19.563841     316.919358
     19.580831     338.210463
     19.595521     292.911257
     19.608732     343.618574
     19.624414     297.805798
     19.636189     312.748848
     19.654387     352.670962
     19.668742     352.013789
     19.689040     264.236461
     19.700809     257.912309
     19.710155     292.709958
     19.734615     346.910445
     19.744916     337.259344
     19.755183     385.971040
     19.772477     346.534372
     19.787041     349.131857
     19.809910     352.706589
     19.817463     358.803153
     19.839058     344.310596
     19.845252     280.687681
     19.869623     370.907063
     19.884142     246.585683
     19.897654     327.342163
     19.905063     320.622258
     19.925238     318.033648
     19.944011     330.254792
     19.952737     313.156006
     19.973646     339.393344
     19.987002     338.036240
     19.999397     343.323371
     20.017235     319.895225
     20.025924     406.628087
     20.046226     339.880437
     20.062725     366.201363
     20.077063     402.962201
     20.085289     455.389716
     20.109570     422.297764
     20.119798     335.398357
     20.134858     346.593931
     20.146234     319.076301
     20.162689     323.971147
     20.181767     315.414755
     20.190712     343.681188
     20.208044     273.505962
     20.221612     274.747197
     20.243777     360.565604
     20.251949     327.463396
     20.269222     333.016975
     20.289239     258.631455
     20.296645     285.060299
     20.313166     340.580411
     20.334842     316.543070
     20.341334     385.652263
     20.364459     362.705482
     20.374154     402.521177
     20.391626     324.763858
     20.405233     383.041572
     20.417498     340.150468
     20.437598     333.308042
     20.453378     279.379208
     20.467104     286.782234
     20.482034     290.234791
     20.494104     344.134793
     20.509145     321.235989
     20.520304     362.327212
     20.538244     339.806833
     20.551531     318.367681
     20.566453     314.998324
     20.588150     345.607555
     20.604251     377.040085
     20.611692     424.601152
     20.630777     352.819907
     20.640569     440.761459
     20.662834     454.377166
     20.675386     358.890597
     20.689082     385.998848
     20.701347     316.022246
     20.723560     343.539636
     20.730647     371.870619
     20.752096     357.620952
     20.765894     322.449011
     20.775935     375.038704
     20.794076     423.226428
     20.814813     320.841083
     20.821276     399.405693
     20.840868     382.779670
     20.856929     354.729846
     20.866648     333.660127
     20.887306     387.597170
     20.903668     389.230453
     20.912386     513.346916
     20.931098     451.542684
     20.941412     458.364289
     20.960348     434.277928
     20.973439     386.099928
     20.989606     358.608557
     21.007939     376.504067
     21.018306     374.923619
     21.036905     356.778912
     21.047908     286.453171
     21.063506     290.127138
     21.078515     354.915195
     21.098548     306.416038
     21.112178     332.836573
     21.129628     305.668371
     21.137933     350.105213
     21.151788     312.022132
     21.169723     362.451315
     21.187552     327.668142
     21.196793     330.213191
     21.211924     338.239180
     21.230760     285.350707
     21.241436     355.905482
     21.258649     306.554867
     21.278621     311.393097
     21.286099     333.607066
     21.304475     368.792376
     21.320730     300.250787
     21.335658     398.219475
     21.348318     316.603978
     21.362933     380.788861
     21.380183     349.668997
     21.399381     320.172035
     21.412440     408.970811
     21.420987     448.841013
     21.441422     445.225216
     21.459706     364.266219
     21.472126     474.610345
     21.480271     454.730113
     21.504152     397.245915
     21.511125     368.220667
     21.532704     401.895571
     21.547396     368.740125
     21.559756     390.632280
     21.576186     358.448525
     21.592714     335.515101
     21.607015     373.444370
     21.619079     304.689726
     21.639956     341.912228
     21.652510     334.169335
     21.668502     276.125947
     21.675030     345.424661
     21.694919     300.871888
     21.709677     382.679320
     21.724482     311.315718
     21.744705     371.631178
     21.751639     377.749365
     21.774350     349.691603
     21.782890     365.584250
     21.804749     332.084985
     21.810166     382.693083
     21.827742     361.807524
     21.842389     332.482616
     21.860423     337.618399
     21.870348     364.897203
     21.887440     345.797506
     21.909565     334.739598
     21.922951     343.203774
     21.939383     332.537533
     21.947001     308.988236
     21.966525     350.959043
     21.980142     331.403208
     21.998779     347.551769
     22.011179     340.535043
     22.025596     376.350069
     22.035388     366.846615
     22.052620     393.489712
     22.074596     366.781947
     22.089812     381.807933
     22.097759     349.822043
     22.117738     378.412874
     22.128710     282.309552
     22.147379     362.306158
     22.163879     268.102709
     22.174335     316.172233
     22.186217     353.280316
     22.207113     360.839695
     22.216042     430.154020
     22.238735     400.629101
     22.247490     425.632680
     22.264841     456.957883
     22.281098     462.169679
     22.298204     410.545972
     22.311521     381.519145
     22.330000     388.406620
     22.335364     418.828373
     22.357310     381.086399
     22.366971     345.401580
     22.380608     378.527715
     22.404617     336.068239
     22.415987     317.475116
     22.426762     334.397416
     22.443731     366.379505
     22.458978     360.110032
     22.476436     399.966296
     22.489794     281.657765
     22.505563     270.427994
     22.520740     295.372674
     22.537500     359.674886
     22.550551     294.075857
     22.564759     297.034972
     22.578292     315.506793
     22.598875     364.296908
     22.611284     335.783348
     22.626287     414.571241
     22.638700     296.578969
     22.655380     352.670800
     22.672251     256.964451
     22.684023     332.964618
     22.700560     292.408059
     22.716507     322.156565
     22.730600     296.671305
     22.743370     326.023194
     22.762851     344.847314
     22.775705     421.563908
     22.787632     369.506191
     22.808496     392.221780
     22.819601     384.004620
     22.834495     411.036432
     22.854108     390.883058
     22.860082     302.595191
     22.883926     277.106446
     22.893785     362.466663
     22.910254     322.165712
     22.925478     332.581057
     22.935615     282.961224
     22.955460     267.110655
     22.965247     283.637334
     22.986029     293.685453
     23.000190     268.880993
     23.015914     279.413971
     23.025128     332.011624
     23.040048     301.492644
     23.061588     267.456867
     23.070286     349.021323
     23.087670     281.311855
     23.107827     251.668155
     23.120153     289.408243
     23.136633     272.891655
     23.151008     241.415506
     23.164068     251.376787
     23.181280     251.373630
     23.191908     311.635005
     23.214741     283.023118
     23.223166     276.410812
     23.239550     278.750095
     23.257174     284.494048
     23.269012     297.002717
     23.280026     336.282737
     23.298529     335.893636
     23.311956     299.623590
     23.330730     299.344114
     23.341153     353.292577
     23.359197     290.427887
     23.378572     338.355325
     23.390814     327.952411
     23.401692     324.639949
     23.416202     280.766621
     23.437764     275.416174
     23.450115     357.622062
     23.467876     395.300510
     23.480691     360.006462
     23.492476     325.182899
     23.514427     342.850414
     23.528244     391.128437
     23.542751     426.112274
     23.558179     361.158644
     23.568974     351.000279
     23.588870     362.917989
     23.600777     414.961587
     23.610362     328.910419
     23.628928     291.406640
     23.649868     364.773591
     23.664828     307.232282
     23.674354     347.088289
     23.694417     311.117499
     23.707440     259.128227
     23.719783     264.662836
     23.731444     345.214792
     23.748697     305.037209
     23.762050     277.263167
     23.776954     321.457057
     23.791147     280.512247
     23.814589     367.593230
     23.820959     345.010298
     23.840468     358.088017
     23.858582     298.870352
     23.873441     359.175604
     23.884741     272.071159
     23.897440     360.116874
     23.915177     323.589349
     23.927958     289.547041
     23.945564     314.780032
     23.957606     339.885233
     23.974522     333.240123
     23.986420     352.642019
     24.006782     370.094445
     24.024904     298.938456
     24.034558     335.312845
     24.051549     324.682360
     24.069846     384.293806
     24.079280     346.958980
     24.097706     298.723513
     24.109274     298.034439
     24.129761     286.611409
     24.139488     245.007701
     24.152682     250.988968
     24.165211     304.768022
     24.189429     297.460794
     24.197898     312.381985
     24.215567     249.939748
     24.234827     356.871847
     24.247769     270.477609
     24.256097     318.927355
     24.277103     329.418839
     24.288530     340.215667
     24.300356     274.333471
     24.318347     295.062473
     24.339075     333.929170
     24.348772     278.097174
     24.366722     260.978979
     24.380209     219.716595
     24.398703     265.959500
     24.413466     265.000740
     24.424304     318.729499
     24.437292     302.722621
     24.457628     255.169597
     24.467170     348.213647
     24.489601     311.640553
     24.495606     345.051452
     24.512928     297.346998
     24.534942     343.251702
     24.546121     300.020986
     24.556293     302.434351
     24.574069     279.122014
     24.592593     334.423549
     24.606602     331.711543
     24.622469     294.608258
     24.634999     326.759955
     24.652863     301.860264
     24.667966     288.620321
     24.683113     319.425677
     24.695037     332.870601
     24.714258     334.868854
     24.722326     291.788887
     24.737550     323.679388
     24.752097     308.842348
     24.766314     313.786672
     24.787232     327.577356
     24.799503     297.652890
     24.816886     359.879999
     24.832748     271.216049
     24.840107     381.731114
     24.858748     380.017604
     24.877379     333.280979
     24.892251     359.753155
     24.903269     331.917002
     24.921518     391.789943
     24.937380     366.378873
     24.951848     357.184326
     24.962426     333.303439
     24.983730     382.318272
     24.992926     393.536142
     25.008937     404.710549
     25.022224     398.126349
     25.040132     435.131045
     25.058503     407.294303
     25.066341     355.987038
     25.081678     349.605521
     25.098793     311.744165
     25.112751     297.508190
     25.132783     360.753304
     25.142624     288.440936
     25.156952     379.698885
     25.173178     327.461467
     25.191592     370.119859
     25.208582     404.213699
     25.222595     411.797745
     25.233047     393.634352
     25.249903     402.166295
     25.266107     337.785395
     25.280774     303.921611
     25.296496     265.788659
     25.309198     345.632219
     25.322093     316.569466
     25.335654     318.638132
     25.351632     310.897332
     25.373000     321.147103
     25.381745     313.135940
     25.396243     330.706210
     25.415141     275.659534
     25.428197     309.839751
     25.446424     298.581809
     25.460326     272.973916
     25.475777     298.850167
     25.485568     250.315915
     25.508983     264.568273
     25.522123     250.297258
     25.534508     271.289896
     25.545583     282.382418
     25.566143     324.300178
     25.580607     314.921740
     25.599789     312.092090
     25.609485     266.846202
     25.621552     327.683091
     25.641548     301.488603
     25.653038     288.167075
     25.668124     282.382866
     25.684502     293.553071
     25.696928     322.341871
     25.718616     302.967287
     25.731250     285.084706
     25.742044     314.069011
     25.759850     330.662524
     25.778982     275.662291
     25.789076     348.523974
     25.801110     331.912270
     25.822981     358.025783
     25.834194     271.411910
     25.847484     257.624571
     25.867751     268.018350
     25.882536     326.258321
     25.898037     319.014265
     25.912772     303.873289
     25.921261     251.919159
     25.942718     372.307640
     25.957208     291.502885
     25.971579     262.197667
     25.989061     340.511444
     26.003981     333.780987
     26.011100     263.973176
     26.029913     323.149034
     26.042640     335.751778
     26.057580     293.931203
     26.073905     317.496109
     26.089510     340.177758
     26.101859     261.671340
     26.117232     308.109251
     26.136655     318.696828
     26.150646     372.808413
     26.166582     328.658002
     26.176545     361.705313
     26.192141     285.420488
     26.211751     323.440132
     26.220297     369.053353
     26.239869     368.451090
     26.256902     323.911911
     26.265821     299.519072
     26.285254     342.938350
     26.302452     258.781936
     26.314214     301.584481
     26.329720     262.166597
     26.343218     293.127851
     26.364010     274.547231
     26.377631     345.394337
     26.392105     376.656073
     26.407104     380.714828
     26.422743     326.526079
     26.435836     291.376502
     26.445898     285.115215
     26.463711     298.991526
     26.478833     327.666297
     26.490477     309.055746
     26.506285     264.791908
     26.524288     326.901322
     26.539108     269.529572
     26.556849     271.061098
     26.573175     291.745508
     26.589442     292.038357
     26.599094     316.362344
     26.618652     307.829008
     26.629334     315.650428
     26.642813     318.054307
     26.657742     350.108254
     26.673626     330.259009
     26.685156     295.615434
     26.706519     267.761737
     26.720985     337.688424
     26.738406     256.700831
     26.747309     284.434807
     26.762627     255.252377
     26.783180     260.071809
     26.796105     283.494559
     26.809575     297.556974
     26.823104     246.864642
     26.835426     316.164225
     26.859751     338.930696
     26.872811     333.652656
     26.885425     265.076108
     26.899173     271.822031
     26.919209     299.263992
     26.930637     331.196053
     26.942585     324.921586
     26.960069     338.042321
     26.970299     247.006007
     26.987583     329.107998
     27.000457     360.587730
     27.016476     271.877498
     27.034498     329.944438
     27.050523     316.021665
     27.064612     296.902496
     27.081159     356.109931
     27.095765     304.771569
     27.107388     334.991427
     27.123078     345.994349
     27.143683     301.576273
     27.153892     330.344602
     27.168497     334.891053
     27.184699     293.939607
     27.196295     343.239588
     27.210666     349.958400
     27.226035     314.386289
     27.248402     315.667212
     27.258556     301.259674
     27.272588     322.054638
     27.290283     353.430584
     27.308209     321.044397
     27.315212     308.891629
     27.335909     325.031721
     27.347519     282.222929
     27.362807     349.216928
     27.382646     337.590594
     27.394856     287.070203
     27.406297     342.942768
     27.421311     282.366268
     27.435659     350.799679
     27.456700     351.339440
     27.469598     343.316161
     27.489888     327.793136
     27.495062     268.155841
     27.518586     317.557308
     27.530482     320.127772
     27.547004     293.064933
     27.557329     312.241826
     27.576496     281.072257
     27.589525     284.902556
     27.605031     287.307972
     27.619950     297.188398
     27.635213     328.390270
     27.652951     253.636162
     27.668714     329.111831
     27.676110     366.307600
     27.691056     309.815947
     27.709946     364.712402
     27.724200     302.397054
     27.738248     341.797465
     27.759762     319.021201
     27.772886     338.431975
     27.781774     307.937216
     27.802795     293.190523
     27.810253     270.872978
     27.832478     296.629467
     27.846169     288.424022
     27.862627     353.780507
     27.870046     280.761992
     27.889837     317.132704
     27.909619     360.447074
     27.923264     371.080023
     27.935048     349.306957
     27.948270     364.316872
     27.964002     348.904210
     27.976112     348.674865
     27.999600     271.000234
     28.007925     309.139301
     28.026120     358.199987
     28.043767     337.348412
     28.051284     351.144359
     28.068376     318.947984
     28.086739     354.504928
     28.103289     283.254606
     28.116584     346.472499
     28.134532     334.672709
     28.144368     353.133031
     28.155502     312.032857
     28.173944     328.771307
     28.190897     276.722874
     28.201395     297.179682
     28.224615     310.146927
     28.232752     339.232782
     28.247642     290.904855
     28.261471     315.595445
     28.276181     283.350109
     28.297007     257.102230
     28.307730     283.415154
     28.329289     305.249061
     28.339375     296.579470
     28.351815     304.472280
     28.371637     303.749471
     28.383578     357.105204
     28.402188     271.715488
     28.411337     312.801730
     28.434888     325.347606
     28.442635     313.946756
     28.459613     375.030254
     28.476005     389.034285
     28.493049     328.449673
     28.500952     354.158792
     28.515212     421.482499
     28.536287     388.231800
     28.545737     380.384145
     28.562187     404.552390
     28.580552     369.484910
     28.593252     374.658387
     28.611985     326.209223
     28.622792     338.492378
     28.643626     349.580322
     28.658560     348.694575
     28.672667     274.269136
     28.683750     353.507733
     28.700827     335.603304
     28.719061     310.620878
     28.730822     292.950959
     28.743308     304.993504
     28.756903     269.117476
     28.775516     294.085219
     28.785295     313.329746
     28.800236     270.535441
     28.819743     362.024769
     28.833287     307.644505
     28.845200     330.711995
     28.863679     332.248670
     28.883404     336.257254
     28.895864     346.934318
     28.909727     260.048274
     28.926553     347.763151
     28.938681     361.475318
     28.958306     319.880926
     28.971714     411.403158
     28.982451     378.484970
     28.996560     350.366591
     29.011883     303.698752
     29.031763     373.244851
     29.043426     310.008521
     29.058757     313.572535
     29.077670     373.326820
     29.092241     254.824097
     29.104719     278.790822
     29.122751     376.598679
     29.131622     339.351050
     29.147510     322.800577
     29.166918     290.706898
     29.182063     329.098675
     29.191260     361.115022
     29.210820     332.486214
     29.224010     323.363404
     29.239521     336.224273
     29.252929     306.962325
     29.272042     266.633066
     29.285967     245.598213
     29.296104     322.136261
     29.317152     265.155622
     29.333213     316.783713
     29.346697     290.612074
     29.356745     256.869536
     29.376355     258.841762
     29.390238     289.656592
     29.408517     236.917548
     29.417925     298.760466
     29.432845     305.439661
     29.454373     323.301869
     29.469354     336.216545
     29.482358     335.127408
     29.494165     310.366142
     29.514877     309.583791
     29.521073     339.874667
     29.541752     327.769982
     29.558596     332.965097
     29.571830     323.374654
     29.580769     342.676875
     29.598912     303.005131
     29.617462     290.228655
     29.627832     265.495122
     29.645264     319.517213
     29.656527     294.054361
     29.670978     335.238540
     29.685540     307.768639
     29.700854     273.145952
     29.723518     299.470298
     29.730788     316.092679
     29.754688     248.927492
     29.768770     314.228275
     29.780633     299.018969
     29.796066     267.039396
     29.806768     325.775218
     29.824170     266.525329
     29.844179     254.435714
     29.855376     272.516107
     29.866517     309.240587
     29.886614     241.715595
     29.904863     309.023071
     29.918764     346.024639
     29.934934     299.090667
     29.947487     231.046567
     29.962462     272.243886
     29.978818     321.977922
     29.987125     274.976669
     30.004843     273.352402
     30.019470     313.309328
     30.033392     279.293563
     30.050289     316.882761
     30.067838     284.115359
     30.076776     289.373625
     30.090218     330.811086
     30.108436     262.965946
     30.129617     222.400899
     30.143214     259.288963
     30.156626     265.573243
     30.168338     306.069534
     30.189189     267.561192
     30.198926     304.244209
     30.215647     325.462814
     30.234015     327.728061
     30.242566     295.641099
     30.261359     321.825820
     30.271747     320.824837
     30.290290     320.399820
     30.304138     216.447407
     30.316396     210.128534
     30.332810     300.871891
     30.354273     332.611764
     30.360441     315.104449
     30.376939     335.412651
     30.391913     317.661264
     30.412483     252.338430
     30.424483     262.476247
     30.437749     245.774527
     30.453838     290.278770
     30.472852     263.962669
     30.481446     278.367464
     30.497091     272.728880
     30.516663     305.299123
     30.528703     348.718372
     30.542949     351.352250
     30.557831     374.192968
     30.579407     329.258196
     30.592593     295.806101
     30.602414     267.435248
     30.622565     253.659351
     30.638890     337.064777
     30.647699     290.303548
     30.667285     319.797557
     30.683420     248.064079
     30.697117     310.583488
     30.714686     268.421982
     30.726982     333.728270
     30.743051     335.678613
     30.754170     345.813943
     30.771867     286.936675
     30.786108     339.624427
     30.795858     307.718551
     30.812884     328.633655
     30.834663     325.348210
     30.849792     336.899029
     30.858411     287.398432
     30.873836     234.319187
     30.887665     232.328979
     30.901408     298.638749
     30.919675     350.721527
     30.930472     319.676861
     30.950699     255.571347
     30.960995     300.953855
     30.975372     260.465657
     30.997626     303.622867
     31.013636     280.542566
     31.027336     312.455944
     31.039829     237.786451
     31.057150     282.789136
     31.074056     280.593994
     31.089377     308.087115
     31.104702     243.695844
     31.119304     327.566421
     31.129775     320.090262
     31.142179     342.575627
     31.161151     255.653251
     31.179063     290.998105
     31.189678     341.965199
     31.208419     317.842979
     31.217734     242.540446
     31.231740     270.552153
     31.246025     241.541430
     31.260397     297.916897
     31.276281     284.396229
     31.292370     316.582075
     31.312010     296.520018
     31.325192     268.331678
     31.338571     286.864165
     31.353211     324.135956
     31.371945     325.927198
     31.386380     267.484039
     31.395719     225.078569
     31.416760     294.608838
     31.426363     290.873123
     31.441642     317.300730
     31.458609     278.638913
     31.471766     326.480940
     31.489021     322.378189
     31.501145     323.186616
     31.523729     322.682019
     31.535224     296.086662
     31.545819     270.909171
     31.565656     276.014159
     31.578372     322.311636
     31.596778     288.864859
     31.610548     263.822294
     31.627444     342.418261
     31.640440     266.914560
     31.655879     270.267437
     31.667130     270.723820
     31.687180     242.079533
     31.700758     236.285637
     31.717924     285.864767
     31.725284     262.429487
     31.741808     332.777945
     31.755065     244.760411
     31.773886     337.859183
     31.785332     311.355645
     31.804894     310.159141
     31.824261     253.862800
     31.834596     279.668549
     31.851736     240.835964
     31.867082     327.601462
     31.877698     291.974040
     31.891032     244.341737
     31.911048     245.274149
     31.926158     310.381276
     31.938632     301.226710
     31.953888     349.897459
     31.965878     327.251244
     31.984674     264.605828
     32.004864     281.055884
     32.017574     319.471346
     32.025549     326.902271
     32.040053     314.374462
     32.060380     299.381023
     32.073123     354.903069
     32.092308     248.215571
     32.101220     280.521685
     32.116354     327.858638
     32.139799     338.699570
     32.152413     283.678468
     32.160899     248.802338
     32.181884     260.394213
     32.195874     325.730853
     32.212382     339.806652
     32.220146     261.333413
     32.240081     270.282280
     32.257301     272.142142
     32.273882     249.168701
     32.289795     312.782959
     32.303357     336.781053
     32.311935     323.602147
     32.325951     279.398536
     32.343509     232.086942
     32.355599     310.850877
     32.375571     276.076850
     32.388820     267.312199
     32.408605     313.188287
     32.423571     274.701905
     32.434526     255.578048
     32.449719     254.193387
     32.461391     266.093366
     32.481218     292.283967
     32.498454     228.956722
     32.513480     286.658651
     32.525106     360.742425
     32.543025     339.458577
     32.554715     299.509859
     32.568468     307.277796
     32.587820     247.686408
     32.603708     300.660967
     32.618210     312.704863
     32.628078     262.599634
     32.640790     323.096570
     32.664962     276.108526
     32.677360     246.817082
     32.685968     344.021823
     32.705256     325.127227
     32.716976     275.576587
     32.733224     274.499170
     32.752086     258.926525
     32.762944     276.976964
     32.781719     245.549010
     32.792408     342.380037
     32.809700     321.001822
     32.828335     344.962490
     32.841957     322.969220
     32.855493     265.358608
     32.872076     261.997197
     32.885173     253.021368
     32.903246     306.251504
     32.914650     319.592224
     32.932539     328.895759
     32.940364     320.858217
     32.958962     235.193996
     32.973027     239.644708
     32.986124     264.525078
     33.006527     253.642252
     33.023520     288.686748
     33.035969     294.431733
     33.051564     286.970291
     33.068309     323.760460
     33.079264     328.729466
     33.099155     271.282309
     33.106932     237.338672
     33.126483     286.397930
     33.141758     232.671915
     33.153708     286.970837
     33.171551     262.033438
     33.181249     265.955632
     33.203012     282.708908
     33.212666     277.968533
     33.231720     260.891067
     33.242524     259.555194
     33.261271     226.418940
     33.270485     261.711573
     33.291526     207.750198
     33.309450     204.375682
     33.319932     281.930318
     33.337414     254.106767
     33.346902     309.427210
     33.366675     230.235589
     33.384795     230.638952
     33.390306     225.454357
     33.409776     251.681839
     33.422338     248.720514
     33.439838     219.909233
     33.459333     221.079851
     33.469931     292.818937
     33.485901     272.863138
     33.499300     221.557940
     33.511288     248.959214
     33.533374     308.130538
     33.549663     264.704681
     33.556236     266.593757
     33.579353     321.862335
     33.591145     295.252348
     33.602372     279.569572
     33.624397     301.032944
     33.630802     287.619364
     33.651832     244.115681
     33.668958     288.309239
     33.678263     325.103287
     33.695641     285.190131
     33.712390     259.277840
     33.720417     252.986659
     33.736410     304.418523
     33.759729     256.848110
     33.772452     251.576295
     33.780756     275.887124
     33.799260     261.459638
     33.812542     231.426202
     33.834368     243.880438
     33.848059     248.921927
     33.855625     271.239292
     33.878804     269.934007
     33.888893     279.406118
     33.905492     282.500787
     33.922500     305.819912
     33.936917     258.107595
     33.950129     254.583337
     33.969768     314.245098
     33.980221     248.566717
     33.994277     244.517804
     34.013945     236.078381
     34.021894     283.886000
     34.042288     295.296579
     34.057352     249.792310
     34.069771     321.956278
     34.087926     278.098281
     34.102376     251.920973
     34.115978     286.927412
     34.133149     266.827617
     34.148136     269.575245
     34.161197     238.290490
     34.173321     308.693067
     34.186091     303.415349
     34.203804     284.716463
     34.222813     257.010715
     34.239917     242.778613
     34.251902     279.005472
     34.262618     265.551696
     34.279592     225.732657
     34.296450     317.205811
     34.311076     264.155245
     34.323675     316.124781
     34.340391     262.334001
     34.351465     313.755719
     34.365579     294.299688
     34.381133     308.088993
     34.402146     299.919808
     34.416608     305.410965
     34.434451     303.604344
     34.441136     273.635403
     34.464285     258.535044
     34.474409     277.262147
     34.485495     291.511080
     34.509195     297.396493
     34.519017     272.543687
     34.539608     234.008061
     34.549566     247.425329
     34.561807     235.264044
     34.583497     292.956509
     34.599389     270.577386
     34.611067     319.914535
     34.621607     298.621353
     34.644179     229.291206
     34.650666     296.737118
     34.671218     295.768338
     34.686033     278.289455
     34.699622     258.936305
     34.713595     286.725909
     34.733086     303.194147
     34.743066     276.621983
     34.764949     269.438989
     34.770245     264.024532
     34.790309     316.357734
     34.805990     321.968142
     34.822084     265.106533
     34.837678     244.340751
     34.849499     334.887321
     34.867709     324.804090
     34.878769     255.540587
     34.894355     258.947072
     34.908609     247.930457
     34.921179     298.409607
     34.942574     237.434874
     34.953397     305.468377
     34.971372     254.211113
     34.984508     320.588101
     34.996295     209.334980
     35.018204     307.238563
     35.032785     253.531368
     35.044549     242.811618
     35.064437     293.182219
     35.078093     228.428885
     35.090776     274.522285
     35.104773     236.057520
     35.116146     310.687395
     35.132195     227.921022
     35.148081     298.919619
     35.167204     254.015489
     35.184777     210.421497
     35.193488     238.001543
     35.207170     263.383011
     35.222751     256.111772
     35.244601     296.300644
     35.254373     238.389561
     35.267172     264.931737
     35.287396     205.656068
     35.298520     197.435642
     35.310037     180.642241
     35.328217     288.514361
     35.343571     199.399252
     35.363115     238.114179
     35.374191     267.627686
     35.390782     207.137072
     35.401584     297.260279
     35.415392     267.610420
     35.438702     265.309931
     35.451985     228.132634
     35.468322     303.278893
     35.477840     315.097028
     35.497055     286.886970
     35.507737     273.903981
     35.522969     298.963183
     35.541454     297.659031
     35.552072     242.755989
     35.574306     279.550140
     35.585745     236.000726
     35.596869     243.978869
     35.610185     298.929328
     35.629536     278.784560
     35.645852     253.064790
     35.662106     238.007573
     35.675138     224.512732
     35.685726     292.531731
     35.702907     280.461096
     35.720902     244.512226
     35.733489     215.360370
     35.747318     252.474263
     35.766760     268.608505
     35.780245     225.680064
     35.791445     287.518357
     35.805133     211.646353
     35.828755     249.594218
     35.844095     217.948934
     35.858625     272.305196
     35.872274     192.091653
     35.884677     239.006432
     35.896649     286.927443
     35.914068     213.239270
     35.933791     302.795882
     35.941611     244.970635
     35.958894     200.827497
     35.972682     184.492332
     35.991058     269.527604
     36.001356     249.243216
     36.015210     296.514322
     36.030595     200.184986
     36.048341     280.347579
     36.060480     292.920942
     36.077252     224.538036
     36.091665     237.957525
     36.112629     326.502356
     36.128141     264.176402
     36.141842     249.588650
     36.158009     222.830549
     36.170396     235.070006
     36.185041     273.947245
     36.198606     261.042700
     36.217100     275.102032
     36.232752     286.627893
     36.247836     234.928157
     36.258908     295.794703
     36.270242     238.655253
     36.288511     218.158402
     36.309744     213.949236
     36.322813     249.473425
     36.335287     240.317813
     36.348239     251.340268
     36.369241     291.812030
     36.376258     306.061711
     36.393921     195.741309
     36.414445     269.066400
     36.424109     229.553917
     36.443825     195.911549
     36.450396     260.462684
     36.472173     207.224990
     36.485571     247.136622
     36.500448     209.057513
     36.512533     218.241208
     36.525439     297.434674
     36.540906     212.706690
     36.563600     220.796559
     36.579597     216.932824
     36.586005     202.516871
     36.609065     192.764025
     36.620032     272.239132
     36.631427     275.777649
     36.650068     247.835572
     36.667272     258.001461
     36.677833     214.838065
     36.696300     239.027337
     36.709925     202.398791
     36.721646     233.502999
     36.738195     279.643795
     36.751134     264.150508
     36.767844     298.622874
     36.788604     223.335328
     36.803965     280.081691
     36.815493     275.847049
     36.832577     218.566373
     36.841152     299.669223
     36.859416     270.858825
     36.879438     246.885917
     36.886880     195.361734
     36.906789     275.137116
     36.921355     214.884152
     36.937606     301.014307
     36.952443     219.884687
     36.962224     289.684921
     36.979719     303.509038
     36.996292     269.704951
     37.012874     285.860509
     37.025075     262.707576
     37.039429     297.336580
     37.052529     243.647488
     37.065965     235.259817
     37.080911     232.017735
     37.100439     247.924266
     37.118398     263.502543
     37.134042     251.902633
     37.149512     288.967591
     37.162794     241.642069
     37.176319     293.207447
     37.188525     275.580304
     37.209297     248.416418
     37.222967     260.892396
     37.230686     314.821090
     37.251476     326.877907
     37.260250     321.866280
     37.283758     233.393126
     37.296184     219.051407
     37.309528     307.360610
     37.327046     351.616784
     37.342253     302.378722
     37.355987     235.696722
     37.371761     267.034261
     37.389753     275.489967
     37.395911     215.719398
     37.413612     232.949227
     37.431601     253.913302
     37.444260     266.269809
     37.458130     218.773593
     37.477072     213.506498
     37.493838     261.781843
     37.501170     188.652755
     37.523101     224.716080
     37.530488     268.700154
     37.552030     273.513046
     37.567664     205.580231
     37.581558     213.829374
     37.599983     184.545646
     37.610042     284.587911
     37.621969     260.280310
     37.636279     302.751208
     37.658172     209.030292
     37.668051     288.780421
     37.685773     299.906266
     37.703141     227.704075
     37.710147     258.925178
     37.728313     300.485766
     37.744559     225.055392
     37.759595     266.589655
     37.779598     224.628710
     37.790883     213.995160
     37.802679     247.570053
     37.815949     262.331088
     37.835191     317.926973
     37.845709     278.574008
     37.868701     211.500943
     37.876160     247.930187
     37.891614     261.935732
     37.913924     214.096315
     37.920599     216.896569
     37.939443     276.010553
     37.950046     217.043622
     37.967366     244.886103
     37.984220     218.565817
     37.999718     202.825947
     38.019626     230.929556
     38.034379     289.028760
     38.049535     251.752109
     38.062290     255.082223
     38.073592     237.118807
     38.091504     175.891775
     38.103647     255.715615
     38.119297     192.746497
     38.139722     204.429303
     38.149568     280.802424
     38.160879     256.058378
     38.182402     217.410759
     38.198281     227.068462
     38.214298     255.595480
     38.222161     211.568539
     38.243364     271.673889
     38.251165     206.448940
     38.265534     201.241288
     38.289280     211.034019
     38.297171     215.684992
     38.313128     224.212098
     38.327581     271.991652
     38.343230     273.339695
     38.355912     290.231090
     38.378641     237.549761
     38.391583     324.365372
     38.407558     254.462559
     38.417188     194.315900
     38.435370     242.374667
     38.445411     237.263340
     38.469305     268.048234
     38.477608     206.467477
     38.498913     192.371766
     38.505571     270.430756
     38.526910     254.596800
     38.541675     260.521046
     38.551571     288.916206
     38.572512     304.188264
     38.587727     296.357366
     38.596554     208.123442
     38.613034     302.059174
     38.627542     260.217661
     38.645484     230.660736
     38.664255     197.396822
     38.678927     307.349825
     38.690524     310.181783
     38.702056     195.776132
     38.719760     184.957735
     38.739531     174.471030
     38.748441     228.267798
     38.768804     273.334418
     38.782036     284.157092
     38.790500     288.006657
     38.814663     194.321249
     38.825303     189.215853
     38.840083     230.698725
     38.850963     277.390183
     38.874260     239.453493
     38.888824     262.841204
     38.895366     265.850764
     38.918683     204.600693
     38.931806     218.441085
     38.944318     261.644646
     38.958781     234.732003
     38.978345     208.215895
     38.987451     257.542141
     39.000727     237.005377
     39.020843     228.270285
     39.034001     310.245429
     39.046012     254.665179
     39.067255     239.239719
     39.083489     277.424472
     39.095645     243.460998
     39.112528     210.085147
     39.120969     225.592363
     39.137017     231.045904
     39.156484     259.044468
     39.170736     198.299791
     39.186074     171.389948
     39.202611     253.591263
     39.217179     283.387289
     39.229072     217.435709
     39.245013     226.931792
     39.255320     274.990896
     39.272574     193.065721
     39.286813     297.272374
     39.304822     227.570312
     39.316760     269.603376
     39.338729     223.148670
     39.350494     285.258461
     39.367829     193.992442
     39.384561     250.324418
     39.390077     273.314521
     39.410203     233.454812
     39.423681     313.066381
     39.439696     175.592587
     39.451334     205.879771
     39.468552     222.227228
     39.484501     173.481663
     39.502277     285.011289
     39.510587     251.624660
     39.533323     263.297154
     39.543676     236.359918
     39.559734     244.888635
     39.574191     297.341345
     39.592059     276.055243
     39.607040     228.965590
     39.615823     273.435765
     39.633037     202.944447
     39.649022     173.219801
     39.661455     289.216837
     39.682961     207.791750
     39.699491     229.090514
     39.714755     241.896641
     39.729323     275.523823
     39.736229     247.341321
     39.755952     237.459906
     39.774929     257.561265
     39.783245     248.876156
     39.795053     259.650037
     39.819669     230.880527
     39.832352     206.801662
     39.840075     207.711388
     39.864201     189.853593
     39.877387     210.720964
     39.886018     267.635752
     39.904614     267.250318
     39.915345     270.407737
     39.935630     265.636008
     39.954144     219.361644
     39.966107     252.666357
     39.980926     224.120705
     39.997660     299.652792
     40.012827     322.981886
     40.020981     269.841294
     40.036373     234.586251
     40.059942     267.832523
     40.071688     278.086516
     40.087295     213.624592
     40.095880     231.358290
     40.114501     245.612582
     40.132722     200.900600
     40.141961     241.901528
     40.162502     282.398927
     40.174598     231.242664
     40.191858     309.927914
     40.200163     228.363316
     40.224025     235.462878
     40.233429     266.838296
     40.246569     294.997925
     40.265084     223.259253
     40.275423     279.927588
     40.296470     270.707413
     40.309447     282.251943
     40.323012     245.408936
     40.342742     290.916999
     40.359446     269.304621
     40.371712     224.148940
     40.380343     198.647145
     40.395865     241.550817
     40.414146     230.245879
     40.432343     225.422193
     40.445901     212.516244
     40.464531     266.413934
     40.477939     242.085327
     40.490665     208.447641
     40.504998     292.697315
     40.515699     249.692698
     40.537613     263.961575
     40.551381     278.602568
     40.566260     209.499235
     40.575523     231.715174
     40.598824     196.399055
     40.607920     276.612067
     40.628880     265.753741
     40.635767     235.791256
     40.656686     195.480503
     40.670474     242.037997
     40.685869     272.870381
     40.700975     250.746235
     40.713909     268.133923
     40.732986     311.199409
     40.740808     291.791292
     40.762597     238.549211
     40.779581     248.867046
     40.794901     203.883259
     40.803247     234.797072
     40.820635     281.969978
     40.832375     212.383517
     40.849904     290.443661
     40.867838     205.796275
     40.884232     238.857388
     40.892078     188.279060
     40.912935     270.306571
     40.923142     265.045251
     40.935674     231.764905
     40.959194     199.931242
     40.974731     278.687537
     40.986548     253.193259
     41.004142     224.324467
     41.016787     237.107325
     41.025632     243.004236
     41.046623     287.787682
     41.063776     278.043191
     41.072867     280.221641
     41.092944     276.862115
     41.102045     276.685403
     41.122667     251.746517
     41.138266     259.767911
     41.150644     234.245144
     41.161223     234.582293
     41.175159     212.352532
     41.190296     202.980386
     41.210143     266.151655
     41.225800     245.970801
     41.239711     227.879189
     41.252274     226.077506
     41.267508     197.658716
     41.284644     249.248816
     41.299776     244.952663
     41.311241     276.531464
     41.328863     281.594731
     41.345773     250.843222
     41.363503     302.405818
     41.377517     162.413375
     41.387742     221.520202
     41.400707     237.176751
     41.416814     205.546504
     41.436456     249.850820
     41.454207     295.013699
     41.461825     292.060033
     41.483317     231.950634
     41.495206     210.349948
     41.511592     248.496588
     41.526803     271.509754
     41.537498     209.845566
     41.556760     218.042417
     41.569116     241.551341
     41.587450     209.959372
     41.602670     188.833292
     41.618830     181.889653
     41.631278     213.706060
     41.641693     206.464542
     41.662164     266.078569
     41.677294     290.373455
     41.694641     226.509478
     41.703249     220.181392
     41.716496     253.178369
     41.731845     251.468076
     41.752809     232.059970
     41.765039     206.265246
     41.777452     295.735200
     41.793310     229.807181
     41.807557     212.314037
     41.822251     208.174511
     41.844854     285.163336
     41.858763     265.003534
     41.867354     220.689377
     41.888184     205.756230
