      2.004033      17.382743
      2.017780      54.446644
      2.025427      34.774268
      2.044004      48.399728
      2.064901     -28.152820
      2.072633     -35.001353
      2.091959      64.238202
      2.102725      45.150240
      2.124129      27.453675
      2.136651      10.610098
      2.154553      14.426804
      2.162641      25.980567
      2.178708      29.125484
      2.191807      49.276929
      2.209195      64.822443
      2.229428      93.673403
      2.235238     112.649959
      2.254998     162.089314
      2.272454     203.949068
      2.285025     192.716648
      2.295640     256.037758
      2.313566     221.211228
      2.325719     293.661729
      2.346701     284.783751
      2.357120     296.374233
      2.375222     387.238973
      2.385638     382.158921
      2.404095     410.086024
      2.420423     375.203086
      2.433818     482.240981
      2.454610     453.578707
      2.464546     454.079069
      2.477486     452.104786
      2.497840     497.629567
      2.506170     513.775438
      2.526590     513.197360
      2.535339     502.989657
      2.553548     535.056576
      2.572436     584.818392
      2.582924     611.153621
      2.602916     555.754228
      2.613798     541.051496
      2.634329     589.906774
      2.644719     593.511652
      2.656197     655.372149
      2.674164     608.528031
      2.693772     625.434906
      2.707734     637.121197
      2.722005     618.204213
      2.738720     645.247632
      2.745313     672.606495
      2.764959     681.070931
      2.780480     721.621616
      2.793427     651.341435
      2.806036     796.025434
      2.828454     729.954410
      2.842375     765.901795
      2.852320     732.353322
      2.872929     773.301450
      2.887367     800.867496
      2.897442     864.531357
      2.915641     805.156624
      2.934159     870.878531
      2.940195     896.835331
      2.959483     913.589898
      2.977509     922.116278
      2.989200    1046.976653
      3.009088    1000.432363
      3.015624    1054.089035
      3.030172    1029.329898
      3.052188    1147.068971
      3.068610    1146.218092
      3.078634    1182.239024
      3.096776    1254.325794
      3.107577    1191.155643
      3.129832    1316.170094
      3.139626    1367.897843
      3.158308    1432.310714
      3.172669    1545.057422
      3.183321    1566.412082
      3.195694    1721.886501
      3.210053    1811.071374
      3.230551    1914.910009
      3.240372    2088.536435
      3.260144    2108.692216
      3.275594    2312.202158
      3.285407    2529.137190
      3.301233    2910.984117
      3.321789    3258.001381
      3.335301    3934.040228
      3.351393    4589.072479
      3.367633    4924.930190
      3.382089    4119.917382
      3.399872    2106.425045
      3.409994    1063.749602
      3.428850     676.079266
      3.443625     598.885267
      3.457113     468.252297
      3.468177     427.910875
      3.483270     364.629562
      3.503551     468.284296
      3.510959     353.166255
      3.530797     322.411277
      3.540773     352.154121
      3.560871     380.777561
      3.579005     374.256370
      3.589295     296.152391
      3.604328     331.146785
      3.622550     389.430002
      3.637112     342.011388
      3.645177     355.956325
      3.664283     271.153592
      3.684726     264.487038
      3.694271     352.925904
      3.712254     314.806401
      3.720761     364.767685
      3.744044     348.329603
      3.759912     396.590512
      3.767377     352.761174
      3.786841     231.634091
      3.795168     329.588179
      3.818807     359.862490
      3.830739     333.828981
      3.844424     317.488940
      3.860914     329.505120
      3.874543     359.603228
      3.885781     288.093651
      3.908808     334.098824
      3.922565     303.469565
      3.936353     354.225992
      3.946601     283.341660
      3.962252     311.093609
      3.978061     361.812744
      3.990892     346.107990
      4.012510     354.797516
      4.028320     369.374070
      4.038957     377.012568
      4.051432     335.678428
      4.069803     377.213292
      4.081932     392.090066
      4.098446     347.023778
      4.110381     395.135966
      4.127281     388.056220
      4.143526     331.747724
      4.164382     368.131252
      4.177315     391.829614
      4.192559     310.213206
      4.203928     336.385199
      4.217821     335.753841
      4.239951     379.780449
      4.252734     460.374507
      4.262976     363.092280
      4.284894     395.936893
      4.298665     403.887640
      4.308036     354.054604
      4.328740     414.775673
      4.343592     413.317346
      4.351709     448.404631
      4.369783     414.420534
      4.389195     436.639573
      4.404038     414.920521
      4.416634     466.626289
      4.432613     474.231435
      4.448935     530.038384
      4.456286     497.247042
      4.478596     523.226094
      4.494573     487.389090
      4.500739     446.329376
      4.524251     519.826216
      4.539535     498.273823
      4.554152     632.136762
      4.564679     554.368122
      4.575900     611.376738
      4.599732     588.684107
      4.609915     661.138062
      4.624719     683.958925
      4.640636     799.931923
      4.656751     779.768218
      4.670160     808.587057
      4.685680     927.972015
      4.698313     952.381796
      4.711935    1061.033508
      4.732997    1192.724973
      4.744479    1329.060511
      4.756016    1641.506509
      4.772440    1548.419445
      4.794696    1104.442654
      4.800332     650.258908
      4.822499     498.002212
      4.833073     434.314940
      4.850792     384.550406
      4.862515     343.172461
      4.883836     328.989534
      4.897911     376.223749
      4.906288     423.251879
      4.921164     398.094038
      4.942896     348.526756
      4.953274     365.265110
      4.965095     399.115018
      4.980688     409.557993
      5.004364     367.723171
      5.019374     380.673958
      5.028679     436.679802
      5.049643     355.110166
      5.055051     392.442198
      5.078728     445.327695
      5.086173     413.158938
      5.104060     474.144743
      5.116651     466.285193
      5.135979     429.961598
      5.146865     462.417130
      5.165440     421.799557
      5.179110     365.586603
      5.198732     380.269150
      5.212259     500.750637
      5.221087     504.947483
      5.237517     449.420447
      5.251393     403.450476
      5.268109     442.007552
      5.282458     459.516079
      5.300192     526.723412
      5.310029     483.953711
      5.326147     449.643037
      5.340445     548.846136
      5.360189     482.929753
      5.379114     508.465710
      5.390939     505.167783
      5.400125     578.673962
      5.422166     469.506844
      5.437547     492.262185
      5.446602     525.877069
      5.466946     607.035834
      5.477721     621.431152
      5.496568     652.012232
      5.514617     540.276699
      5.521602     686.827634
      5.539191     620.782633
      5.553851     683.809415
      5.574747     719.875271
      5.583518     804.166279
      5.595790     826.128251
      5.612919     832.622931
      5.633152     829.855674
      5.645931     958.223624
      5.663014     911.566322
      5.673146    1048.961678
      5.693497    1016.492662
      5.709641    1064.914650
      5.719858    1127.188656
      5.735727    1299.330658
      5.752974    1335.253918
      5.763839    1510.438993
      5.777849    1630.210539
      5.792824    1917.678214
      5.813096    2374.266164
      5.829593    2841.795334
      5.844850    3029.143727
      5.856754    2486.087555
      5.868159    1602.029729
      5.881124     892.659355
      5.899842     573.682514
      5.918898     522.630291
      5.931983     477.665800
      5.942744     445.199063
      5.958073     398.133598
      5.977241     449.518141
      5.990290     334.873229
      6.001001     377.501021
      6.020785     401.077974
      6.034245     421.773859
      6.054031     329.309997
      6.064822     341.500214
      6.079290     331.437811
      6.099581     317.449993
      6.105298     348.132540
      6.120796     369.095304
      6.144635     384.399634
      6.156547     431.677159
      6.168778     401.880335
      6.185493     413.794624
      6.202545     347.438316
      6.210320     357.731946
      6.231817     355.568681
      6.243173     373.558281
      6.262043     458.318111
      6.274101     378.275277
      6.288060     440.235358
      6.304544     472.757176
      6.317511     403.028562
      6.336754     447.823799
      6.346736     430.038273
      6.368569     446.771798
      6.377066     419.097463
      6.390448     421.110473
      6.412749     373.136214
      6.420535     362.949088
      6.439971     394.683562
      6.455469     398.064659
      6.472973     440.693101
      6.484925     477.859021
      6.499854     476.626246
      6.511207     474.397050
      6.529041     487.815392
      6.549373     504.821521
      6.560473     496.956313
      6.579321     471.418838
      6.589684     461.104463
      6.604480     569.027791
      6.622324     591.523850
      6.634495     547.081397
      6.649749     643.728786
      6.666009     631.822319
      6.682605     680.758613
      6.697888     772.050979
      6.709772     768.715130
      6.720803     988.265752
      6.742993    1061.710430
      6.754801    1054.577959
      6.768980     897.053577
      6.784097     607.590950
      6.803591     519.369734
      6.815226     441.054255
      6.829019     370.623943
      6.841713     408.131478
      6.859470     418.249575
      6.878283     400.052150
      6.887889     343.182328
      6.908433     444.333477
      6.919245     428.222298
      6.930268     379.851355
      6.954912     444.895910
      6.966927     480.171365
      6.979986     391.925806
      6.990700     415.951172
      7.007264     373.910935
      7.023313     401.016161
      7.036387     382.097586
      7.056535     357.215611
      7.074399     417.817573
      7.083429     401.432544
      7.099695     402.848210
      7.119724     432.581698
      7.133143     458.260779
      7.143030     390.309975
      7.160596     454.880361
      7.176801     451.385309
      7.188282     488.262635
      7.201040     526.097771
      7.224273     513.123595
      7.237634     499.163166
      7.251218     455.003626
      7.261694     507.321624
      7.282451     501.141881
      7.297138     513.206155
      7.311183     540.274230
      7.325070     492.887935
      7.337757     511.197323
      7.359123     656.183934
      7.373031     636.768297
      7.380223     561.490572
      7.398495     645.506677
      7.413627     688.495372
      7.426138     689.727262
      7.447888     735.775960
      7.462527     838.073596
      7.477013     871.756180
      7.487301     958.984097
      7.503851    1114.476568
      7.517227    1313.525549
      7.533676    1410.003251
      7.548178    1454.317620
      7.563031    1339.097662
      7.576658     956.735199
      7.595798     626.254021
      7.610352     511.106948
      7.620345     431.642482
      7.636847     473.358708
      7.651742     417.830638
      7.672589     458.383600
      7.680528     410.268675
      7.698163     464.306629
      7.712692     453.137310
      7.730224     420.797392
      7.740893     513.210579
      7.760381     456.161781
      7.770964     448.905727
      7.786317     441.963900
      7.808753     446.983537
      7.816343     506.079883
      7.831133     479.173115
      7.852288     430.398876
      7.862744     454.409525
      7.881365     536.641523
      7.890916     507.933709
      7.909049     489.567010
      7.928281     575.121019
      7.942530     519.644246
      7.953406     494.049513
      7.968244     528.778157
      7.987407     511.630094
      8.002631     531.542311
      8.018211     611.374479
      8.026594     679.790313
      8.047546     660.879758
      8.064881     638.858779
      8.071025     736.482836
      8.085434     760.942635
      8.102037     746.719012
      8.124410     828.803059
      8.131291     901.157193
      8.145470     935.421358
      8.168062    1049.409777
      8.175102    1110.890659
      8.194401    1149.630473
      8.214396    1333.793798
      8.228899    1588.133250
      8.238885    1728.524385
      8.252172    2042.558158
      8.271554    2227.911614
      8.285670    1871.774346
      8.296725    1316.726461
      8.317725     822.189688
      8.330015     511.824636
      8.343749     470.119886
      8.356929     445.784193
      8.372144     420.447176
      8.393211     434.751224
      8.401347     415.383066
      8.421241     390.179085
      8.433410     354.209376
      8.446811     393.087900
      8.462815     358.835900
      8.480098     321.691543
      8.498610     384.269567
      8.510832     322.982928
      8.527357     430.843922
      8.535239     399.949261
      8.556350     409.244551
      8.571679     346.813378
      8.589254     404.861991
      8.597728     361.303537
      8.618877     378.055505
      8.631055     382.535398
      8.648558     327.798403
      8.660930     345.689031
      8.675892     328.793364
      8.689801     310.549026
      8.706854     407.486260
      8.715024     357.304044
      8.735453     359.855875
      8.751321     406.478280
      8.760784     443.911468
      8.784784     428.041177
      8.795384     354.272639
      8.812350     322.811533
      8.829897     443.929318
      8.835141     348.805442
      8.854064     452.476997
      8.869312     390.729267
      8.886220     343.184888
      8.896681     511.398434
      8.918576     493.605052
      8.927232     457.174823
      8.941421     449.098341
      8.955802     435.602413
      8.979030     408.340554
      8.987347     368.124531
      9.001610     371.126721
      9.022371     322.803752
      9.036502     386.571324
      9.050253     337.439385
      9.064502     381.518777
      9.076980     363.992061
      9.093388     367.997607
      9.111488     335.506635
      9.122853     302.957878
      9.137063     356.579153
      9.156961     419.026209
      9.171126     406.892181
      9.187032     368.066426
      9.196513     430.950030
      9.211050     343.412849
      9.231153     368.202042
      9.241329     408.643815
      9.264884     353.256341
      9.279411     397.115103
      9.290672     337.460448
      9.305891     316.465409
      9.324581     310.661707
      9.337703     365.905605
      9.353940     331.788246
      9.360345     366.567982
      9.378563     386.493288
      9.395023     383.989746
      9.412034     325.835695
      9.428566     357.079052
      9.439846     295.434573
      9.454209     360.029243
      9.465065     346.593402
      9.482381     359.319025
      9.499595     400.345750
      9.517492     397.361057
      9.531727     396.041011
      9.548355     390.511455
      9.558372     405.042313
      9.570595     445.022994
      9.588295     364.900108
      9.608289     351.310805
      9.618038     434.573320
      9.633631     306.160169
      9.650241     371.907120
      9.666219     412.784558
      9.684305     409.271425
      9.692636     360.730620
      9.714084     389.187560
      9.727792     373.695306
      9.740076     385.178554
      9.753971     458.975099
      9.768028     385.597276
      9.788421     408.017393
      9.799323     394.806854
      9.814882     406.198731
      9.826003     354.036391
      9.847596     434.014143
      9.857122     357.811364
      9.878337     359.712220
      9.890353     429.564229
      9.906072     435.121276
      9.915608     382.254388
      9.932725     380.165896
      9.951305     390.144062
      9.969022     444.608623
      9.983378     395.487170
      9.999850     438.016110
     10.013321     490.141482
     10.027273     484.365646
     10.041954     503.861111
     10.059439     528.178546
     10.074826     456.467286
     10.082489     517.499186
     10.103615     493.732831
     10.111666     601.833115
     10.131899     716.262030
     10.142590     705.014361
     10.163414     547.593213
     10.171107     521.986334
     10.191035     453.336629
     10.209621     432.299630
     10.215471     313.165185
     10.230028     393.029197
     10.245767     378.392740
     10.266234     357.882258
     10.275375     374.637351
     10.291217     401.979599
     10.309454     348.826264
     10.324491     388.045802
     10.339929     412.753648
     10.356626     334.093439
     10.369863     396.376533
     10.385877     395.119909
     10.400970     343.056348
     10.415642     367.617872
     10.431557     355.726651
     10.446010     364.678164
     10.455766     406.763360
     10.470309     416.846433
     10.493186     433.250683
     10.507617     332.417812
     10.521341     417.970802
     10.536915     405.932939
     10.549356     416.129071
     10.560289     436.646724
     10.577570     392.481640
     10.597460     464.840740
     10.607673     352.456888
     10.629993     431.206611
     10.638390     382.371343
     10.657215     431.133772
     10.670310     416.918932
     10.680072     479.048867
     10.700441     493.207536
     10.719920     425.191949
     10.730526     430.326645
     10.749731     399.480316
     10.757453     382.934449
     10.771353     376.547090
     10.786469     358.780001
     10.801202     391.951786
     10.816950     427.394688
     10.831668     345.356402
     10.852486     398.507378
     10.861342     389.445815
     10.877595     381.603104
     10.899051     472.615387
     10.914162     392.457483
     10.923291     417.392166
     10.939931     409.792342
     10.953360     432.449762
     10.972760     435.653365
     10.983653     441.264902
     10.998519     496.014581
     11.012889     540.271176
     11.034421     510.977088
     11.048701     506.194975
     11.061828     483.363725
     11.072109     612.056549
     11.092964     595.032253
     11.103921     563.079097
     11.121728     615.921253
     11.135641     700.022292
     11.149239     752.761773
     11.163392     823.577150
     11.181842     899.676345
     11.191246     923.456027
     11.206931    1000.696745
     11.225201     918.887291
     11.238316     809.013361
     11.254100     588.503179
     11.268136     508.450645
     11.285286     478.259271
     11.304435     475.525758
     11.315750     439.067276
     11.328397     419.502374
     11.347501     409.864408
     11.355552     441.625346
     11.377828     442.390461
     11.390475     395.049550
     11.400649     403.326514
     11.418521     453.763815
     11.436541     365.706551
     11.449790     448.130896
     11.461235     434.225037
     11.476338     474.699928
     11.495160     404.689849
     11.512013     357.274650
     11.523908     445.718233
     11.544345     470.628701
     11.551887     414.646034
     11.570623     441.127461
     11.581209     528.582633
     11.597783     512.655079
     11.611126     571.997233
     11.630299     452.765240
     11.646698     484.208435
     11.658876     562.715990
     11.670574     521.927029
     11.694056     665.178291
     11.700999     617.520768
     11.718531     602.862497
     11.737027     592.826678
     11.747170     501.452847
     11.766660     434.227158
     11.782446     402.559576
     11.791589     418.906654
     11.807295     391.845848
     11.829303     409.375212
     11.844291     424.256957
     11.853300     403.614442
     11.873377     423.205205
     11.889582     456.607228
     11.899040     421.657084
     11.915843     445.205206
     11.928498     455.739189
     11.944783     439.095552
     11.955478     423.905790
     11.971113     496.389882
     11.987483     481.589559
     12.006789     509.570685
     12.021719     497.845747
     12.034410     469.750068
     12.047621     526.131644
     12.068913     595.558121
     12.081434     580.002117
     12.091116     630.246188
     12.112102     696.984789
     12.123850     759.963900
     12.140449     892.822502
     12.156621     915.368680
     12.165613    1049.009758
     12.183283    1121.004461
     12.197510    1100.595167
     12.219348     987.867661
     12.231917     695.413323
     12.240725     590.982970
     12.262636     449.183546
     12.272052     450.241472
     12.293985     418.958934
     12.300826     409.576526
     12.319965     387.904681
     12.332166     441.134311
     12.348924     450.442781
     12.368130     372.693536
     12.383414     415.688819
     12.395332     404.892844
     12.413526     358.082459
     12.426867     386.462485
     12.439257     375.481246
     12.453407     338.629922
     12.474574     439.700009
     12.480473     354.221011
     12.504600     332.896902
     12.519130     344.619633
     12.531503     406.501186
     12.546212     311.028772
     12.559051     367.114618
     12.576165     429.619804
     12.593146     399.038688
     12.608593     349.326847
     12.622623     441.311520
     12.630125     384.554593
     12.654205     437.949112
     12.666576     373.726387
     12.675520     394.018302
     12.695980     399.764121
     12.711689     326.871671
     12.720762     362.506242
     12.737767     405.867929
     12.758486     350.996816
     12.771612     408.373379
     12.786227     338.114383
     12.798806     328.286796
     12.814659     418.019161
     12.832004     378.360537
     12.847498     370.967823
     12.859101     378.049488
     12.873378     383.695416
     12.890512     360.559084
     12.903011     321.120389
     12.920337     381.420559
     12.934449     437.831481
     12.954989     459.227464
     12.962765     382.470321
     12.977042     434.870082
     12.993926     456.391005
     13.008244     440.388075
     13.026974     442.650669
     13.037078     445.486247
     13.057120     423.633244
     13.066296     423.329373
     13.082807     438.791812
     13.100217     434.694134
     13.119320     518.112447
     13.126864     481.756368
     13.148328     456.596341
     13.156760     435.451889
     13.176771     380.670881
     13.191976     485.371721
     13.205909     402.833724
     13.222240     479.742508
     13.230513     425.434945
     13.253697     471.061563
     13.268410     385.605082
     13.280628     467.132437
     13.296451     474.983114
     13.307073     432.825417
     13.326846     477.884467
     13.344889     513.707613
     13.357617     473.432806
     13.370010     499.115318
     13.386521     568.594991
     13.398219     578.236138
     13.414975     572.497774
     13.429930     572.693245
     13.441446     614.655547
     13.462802     644.518964
     13.478272     713.431348
     13.488492     802.296210
     13.509555     913.223681
     13.515654     959.115925
     13.538831     966.253186
     13.545086     934.754469
     13.561483     760.079577
     13.580263     619.390265
     13.591021     549.029816
     13.608283     413.727580
     13.625485     463.289705
     13.642494     416.407113
     13.650841     468.726209
     13.672999     439.831384
     13.685751     428.334094
     13.699070     497.132590
     13.719923     451.315959
     13.725641     414.182393
     13.745801     406.341214
     13.759889     459.539439
     13.770798     456.335677
     13.788177     519.905397
     13.808006     450.302269
     13.821345     431.891921
     13.838967     410.778183
     13.852893     494.483792
     13.864834     483.589149
     13.882530     565.396708
     13.898696     572.765042
     13.907279     680.597710
     13.927029     661.432703
     13.935121     764.085679
     13.952451     732.282359
     13.971567     645.866246
     13.981156     612.760942
     14.002591     575.188747
     14.010562     403.992233
     14.033856     457.064775
     14.047877     396.733361
     14.058250     458.061819
     14.074934     398.566069
     14.090031     433.456979
     14.104456     451.387124
     14.121930     451.785869
     14.139117     351.641488
     14.148012     351.493368
     14.163730     336.977231
     14.179207     403.150999
     14.198790     392.797036
     14.212381     478.522241
     14.224144     444.955011
     14.243688     459.416670
     14.253527     485.905558
     14.271282     400.492061
     14.288905     475.685986
     14.300167     514.615957
     14.316206     572.219380
     14.333529     555.523278
     14.346613     639.833219
     14.359223     653.663704
     14.370629     638.991299
     14.393731     550.059378
     14.407735     451.768095
     14.424416     435.646804
     14.433337     400.086700
     14.451702     378.459537
     14.467336     422.861623
     14.482532     430.015403
     14.490981     420.357387
     14.506276     418.584095
     14.526575     381.086857
     14.542204     429.042929
     14.552457     392.628366
     14.574775     385.761253
     14.586610     354.773970
     14.596653     365.825426
     14.610078     412.743774
     14.626972     401.703458
     14.641118     389.576786
     14.658885     508.318361
     14.679015     487.691823
     14.692102     483.309730
     14.701583     561.504940
     14.717024     584.257833
     14.737709     706.886515
     14.754813     671.363485
     14.768009     719.256241
     14.780730     617.853113
     14.797344     562.326673
     14.812994     457.520192
     14.828529     442.048193
     14.841991     418.931072
     14.853635     373.729044
     14.866293     339.930589
     14.889130     359.406421
     14.901035     340.184041
     14.914620     382.062036
     14.927504     341.055317
     14.946950     389.042470
     14.963867     379.970519
     14.978217     331.989363
     14.994695     338.133203
     15.005161     369.176462
     15.015388     382.183321
     15.032653     320.238623
     15.053184     350.808768
     15.069565     339.361723
     15.075470     380.741148
     15.099037     411.252373
     15.105159     409.055902
     15.120654     420.012053
     15.140900     476.036935
     15.153638     373.536350
     15.170394     367.578766
     15.181620     349.503009
     15.201305     387.681359
     15.217089     358.461654
     15.226185     363.456035
     15.241820     336.242392
     15.259171     396.054870
     15.278920     392.646832
     15.285642     365.297352
     15.307418     386.363767
     15.324093     315.881165
     15.332100     328.890063
     15.348317     376.697327
     15.368597     308.775894
     15.378447     377.171263
     15.396640     357.105932
     15.410604     400.255976
     15.428621     428.914567
     15.444383     401.391060
     15.457831     445.345073
     15.473456     405.628071
     15.481476     493.100319
     15.502055     481.300792
     15.510284     504.960608
     15.532578     500.373184
     15.546557     490.398196
     15.557629     463.627114
     15.570894     464.285678
     15.585498     453.337167
     15.604071     361.735927
     15.616277     346.449733
     15.635341     385.585308
     15.652890     360.339561
     15.666799     433.754845
     15.682825     390.266843
     15.694971     387.156299
     15.709901     420.407280
     15.721336     428.366417
     15.740417     442.374802
     15.752877     455.051907
     15.772537     425.881361
     15.781937     471.898234
     15.803488     486.542837
     15.813257     506.401671
     15.832875     584.009159
     15.844101     685.121332
     15.857767     694.206133
     15.877973     730.020501
     15.893805     841.167701
     15.902586     729.686054
     15.915267     665.607654
     15.933186     563.051930
     15.947543     427.915658
     15.966552     386.232249
     15.980449     335.420712
     15.990864     348.504933
     16.009094     390.121291
     16.028779     330.418389
     16.037370     338.170112
     16.059185     302.054309
     16.065328     339.676373
     16.087928     347.599480
     16.096490     288.206153
     16.116021     333.153128
     16.132006     377.499062
     16.141450     315.007042
     16.164381     324.788468
     16.173411     287.200572
     16.193839     361.245916
     16.202615     353.387866
     16.217974     377.036272
     16.230994     355.369833
     16.250325     365.210466
     16.264465     386.000656
     16.282026     342.212806
     16.299643     370.520272
     16.312246     317.724910
     16.329254     384.087492
     16.343356     342.167216
     16.355509     358.568471
     16.374255     291.872999
     16.382066     362.058188
     16.400078     367.010037
     16.411812     311.146024
     16.431032     291.521278
     16.445657     303.292445
     16.460861     378.143612
     16.470489     408.272047
     16.486121     394.769190
     16.502080     346.721061
     16.518384     452.233983
     16.532404     450.727941
     16.546250     465.009214
     16.566717     477.362042
     16.579372     561.635552
     16.590974     652.143552
     16.609195     598.019986
     16.622757     546.261573
     16.639145     485.397582
     16.657249     468.885641
     16.673314     404.589227
     16.683261     396.168983
     16.695788     381.341361
     16.715335     335.468928
     16.733262     349.897796
     16.743864     319.295853
     16.756891     325.116689
     16.775513     355.187657
     16.793516     384.018550
     16.805021     347.105942
     16.819661     309.598626
     16.831597     312.788624
     16.852639     361.095704
     16.865338     418.357450
     16.876988     429.182110
     16.897986     441.847191
     16.913510     472.538099
     16.920314     420.230576
     16.938168     498.410212
     16.958119     459.031596
     16.967083     454.238723
     16.984122     384.071722
     17.000000     337.781347
     17.012218     347.647507
     17.031428     338.264282
     17.042428     318.984068
     17.062704     361.862927
     17.075082     333.265082
     17.086759     284.997901
     17.108605     311.887898
     17.115494     329.265528
     17.137612     345.783185
     17.149362     344.121709
     17.160134     271.449462
     17.175979     309.936353
     17.193731     298.208327
     17.206042     294.452454
     17.228782     351.588408
     17.239247     280.920166
     17.259264     286.636060
     17.270229     338.622109
     17.280306     293.897337
     17.299840     324.585065
     17.310284     313.075770
     17.327862     312.076999
     17.342866     332.757138
     17.358045     358.985134
     17.375680     338.079622
     17.394748     341.197193
     17.403829     295.291789
     17.424938     358.165526
     17.435956     317.509552
     17.448377     374.193927
     17.465939     320.733610
     17.475741     387.035771
     17.490856     327.939371
     17.513824     335.757349
     17.523322     354.806998
     17.543987     369.514466
     17.558898     343.827452
     17.573473     406.670115
     17.582821     347.350083
     17.599102     412.797158
     17.617434     445.450564
     17.627365     397.313905
     17.644062     374.527059
     17.657991     392.334901
     17.677649     321.536377
     17.685637     354.614861
     17.703699     295.404450
     17.720781     267.180350
     17.733686     338.024424
     17.754356     339.868110
     17.761157     292.413990
     17.782932     331.460099
     17.794982     264.738719
     17.811012     269.753949
     17.824848     332.710199
     17.837373     288.946917
     17.858341     398.015377
     17.867967     283.304526
     17.883830     337.159952
     17.899056     363.129866
     17.913242     360.220112
     17.933517     340.815240
     17.947825     366.566993
     17.956114     273.412699
     17.971955     389.810351
     17.989987     353.644057
     18.004826     246.230837
     18.020133     267.513045
     18.037917     293.229346
     18.053510     303.033959
     18.069405     324.555097
     18.079544     304.197697
     18.090088     327.565309
     18.107150     309.570818
     18.123040     243.838971
     18.143776     283.203219
     18.158438     275.852258
     18.173233     261.630989
     18.183008     335.972154
     18.196727     253.981981
     18.210847     303.099383
     18.233762     261.831777
     18.241242     321.562546
     18.256814     359.179661
     18.277529     265.050869
     18.285578     240.902869
     18.300717     274.564949
     18.317517     235.991127
     18.332462     259.206611
     18.347289     358.710676
     18.368791     269.036682
     18.375287     271.389861
     18.394096     292.080369
     18.413109     319.356174
     18.424165     346.757589
     18.440291     321.552154
     18.455001     277.302888
     18.473720     275.004966
     18.481146     304.401342
     18.498635     301.914423
     18.515362     247.421110
     18.527456     339.568076
     18.542439     308.367376
     18.561971     298.787107
     18.578538     266.414444
     18.592616     240.087145
     18.600807     229.874100
     18.615939     266.792508
     18.633535     303.402958
     18.652147     299.575573
     18.662182     318.840942
     18.679992     310.800353
     18.692130     258.813070
     18.705424     284.900042
     18.729478     288.127457
     18.741938     307.422057
     18.755011     341.095913
     18.769603     381.023472
     18.789990     353.446229
     18.799174     399.618039
     18.811774     342.615593
     18.826531     359.236102
     18.843691     469.651422
     18.858156     412.049366
     18.876272     422.685255
     18.893098     508.185738
     18.905300     474.526265
     18.919928     373.007599
     18.937905     359.857629
     18.949843     298.693957
     18.964165     249.192528
     18.982761     321.914574
     18.991658     275.811989
     19.011600     312.607090
     19.028408     279.910491
     19.036534     273.780561
     19.058322     322.423681
     19.069358     340.965548
     19.088256     283.599980
     19.097936     271.315306
     19.114071     298.375787
     19.130484     327.855110
     19.142261     286.928667
     19.161672     327.225248
     19.177099     326.826163
     19.186853     346.171835
     19.201190     398.936531
     19.217729     383.612702
     19.232193     346.363732
     19.250377     319.560446
     19.261308     341.362097
     19.281252     334.266696
     19.296687     388.822261
     19.306534     316.476586
     19.326088     349.570211
     19.340209     325.269445
     19.352165     281.686294
     19.369532     296.240457
     19.382422     291.139965
     19.399327     366.630906
     19.411805     369.452341
     19.426831     358.669051
     19.447064     380.440922
     19.455929     422.848488
     19.475790     397.788929
     19.490387     509.260108
     19.505597     477.704075
     19.522697     361.118047
     19.536586     365.316797
     19.550895     338.412023
     19.564340     292.831353
     19.581527     380.343312
     19.595521     276.378295
     19.605837     385.073324
     19.620793     352.603928
     19.638820     286.415179
     19.653162     354.216633
     19.674721     279.637938
     19.689990     244.157657
     19.696188     302.484255
     19.718815     247.359954
     19.730958     310.314515
     19.744882     287.700652
     19.757237     294.521098
     19.777969     287.051371
     19.788901     372.025487
     19.804089     380.164573
     19.823358     330.366544
     19.831646     370.915355
     19.849403     366.062846
     19.864595     337.559342
     19.882791     288.543067
     19.890096     268.943960
     19.912075     316.410952
     19.927412     334.030763
     19.944225     295.244744
     19.959720     288.406938
     19.972451     372.463603
     19.987107     338.886961
     20.002361     343.183868
     20.020000     333.594934
     20.029407     376.933748
     20.049292     310.358272
     20.064437     342.355256
     20.078619     350.953723
     20.087647     469.529976
     20.105306     386.535832
     20.124155     383.621559
     20.135975     361.404244
     20.146763     374.711548
     20.167139     288.299425
     20.175518     334.332969
     20.190633     335.577452
     20.211586     326.690962
     20.228669     353.911777
     20.240069     321.333079
     20.253559     363.734897
     20.272337     326.570947
     20.289675     309.921785
     20.302001     347.600757
     20.311246     308.426448
     20.325337     313.814906
     20.344014     339.310294
     20.358764     405.456812
     20.373581     357.058889
     20.389604     292.464570
     20.404803     378.341409
     20.424090     294.894559
     20.433843     289.245490
     20.452119     296.701405
     20.462401     291.211356
     20.475204     292.904146
     20.492281     348.831223
     20.505475     339.217057
     20.529407     368.284035
     20.544803     276.291140
     20.557652     323.475743
     20.566883     307.251943
     20.584880     383.162775
     20.595582     334.731087
     20.618373     372.393691
     20.633064     365.304567
     20.643591     449.389804
     20.656784     468.962795
     20.675597     380.387245
     20.685172     393.598194
     20.701899     290.621212
     20.717693     330.632469
     20.735673     354.912704
     20.746625     300.569614
     20.765622     401.141256
     20.776363     394.240208
     20.791395     375.408478
     20.814420     303.206119
     20.820085     402.520086
     20.835790     368.424524
     20.852633     382.455018
     20.873606     385.076556
     20.888686     381.181266
     20.895256     431.655672
     20.910354     459.541728
     20.929952     484.891283
     20.943305     519.300818
     20.956938     424.122343
     20.971657     423.198500
     20.993188     353.804512
     21.002696     346.551517
     21.019114     311.627537
     21.038310     326.569388
     21.053577     349.998083
     21.068080     338.135051
     21.077777     320.636248
     21.095830     311.688460
     21.113151     363.606942
     21.124839     310.998919
     21.135552     281.618329
     21.151275     289.036089
     21.174684     276.250109
     21.189866     275.889764
     21.199810     273.528147
     21.211283     364.834118
     21.234735     309.838038
     21.249946     334.747745
     21.255747     276.737549
     21.272450     353.505110
     21.289415     279.998246
     21.303779     347.633152
     21.318351     285.644536
     21.334368     346.001306
     21.350740     332.653322
     21.365981     310.510924
     21.375477     330.183159
     21.392494     408.393461
     21.409250     417.466178
     21.429966     423.726332
     21.442778     366.400913
     21.454359     440.911682
     21.474353     456.192204
     21.483346     411.840495
     21.498607     431.468063
     21.512140     391.101105
     21.529763     403.484323
     21.549926     392.793822
     21.562323     322.445628
     21.571364     297.385534
     21.587230     350.475158
     21.607283     406.537694
     21.624674     297.795279
     21.637123     310.894576
     21.648743     314.438482
     21.666990     345.931392
     21.683336     368.950530
     21.697837     351.416251
     21.710097     341.399609
     21.725033     333.885240
     21.738497     355.087747
     21.756751     388.477036
     21.771634     380.312464
     21.784557     320.755324
     21.796901     367.048595
     21.814382     378.726864
     21.833611     363.320688
     21.842085     369.447555
     21.862066     353.034767
     21.876104     351.246387
     21.893789     372.587598
     21.907716     334.117715
     21.920737     300.497176
     21.935490     324.274944
     21.953392     303.859444
     21.962717     345.181911
     21.978803     333.464980
     21.993564     322.350360
     22.012488     395.006189
     22.028344     344.985542
     22.039327     370.202856
     22.054370     397.230611
     22.069453     351.036107
     22.086523     300.103665
     22.097453     392.394103
     22.119470     302.736198
     22.128247     285.197637
     22.149406     290.504818
     22.164164     315.880212
     22.171918     370.519703
     22.194644     398.733905
     22.209025     448.090755
     22.219553     383.367693
     22.230375     414.112573
     22.250387     480.685200
     22.262178     404.626471
     22.279051     406.219089
     22.295783     454.057174
     22.306590     403.298451
     22.320656     398.229191
     22.339433     394.140997
     22.354179     374.840179
     22.371913     307.231633
     22.387182     301.232214
     22.402885     346.956428
     22.413912     317.703984
     22.431410     346.643340
     22.445291     382.658254
     22.455007     326.549666
     22.476356     350.542407
     22.491238     331.873292
     22.503455     279.412637
     22.519964     316.510932
     22.532935     375.258684
     22.550145     286.024068
     22.569776     303.574165
     22.579676     304.918830
     22.593092     317.549397
     22.605429     382.019667
     22.625785     421.095098
     22.640616     298.808225
     22.658052     291.088902
     22.673564     345.796209
     22.684093     321.054764
     22.697507     352.370434
     22.716135     271.925688
     22.730653     349.270323
     22.748777     352.200821
     22.761169     348.506646
     22.774920     372.050172
     22.792940     417.908389
     22.808929     335.271477
     22.817955     407.793205
     22.838378     346.091925
     22.845013     367.263441
     22.860655     324.408273
     22.877233     270.000928
     22.899334     327.420260
     22.913648     320.238103
     22.921190     302.110925
     22.940769     268.649332
     22.950968     321.636990
     22.972890     318.742541
     22.989783     317.006423
     23.001104     252.959992
     23.017967     266.540389
     23.031174     264.891819
     23.042622     251.924322
     23.059956     255.045817
     23.079345     335.318249
     23.086700     273.141068
     23.106079     244.418557
     23.124317     242.187084
     23.135960     318.087200
     23.153531     272.830429
     23.163316     290.972948
     23.183883     291.987649
     23.197997     276.176309
     23.206095     313.616500
     23.224231     290.335447
     23.243419     314.376825
     23.259461     294.270396
     23.271052     355.601755
     23.282697     315.419475
     23.301730     337.876812
     23.316913     355.959841
     23.330866     293.494507
     23.341981     331.735155
     23.359837     297.367302
     23.376041     346.867459
     23.391663     297.117558
     23.409276     295.977899
     23.416383     320.662561
     23.437291     274.555821
     23.451803     264.356701
     23.461309     338.691456
     23.479866     322.098529
     23.492209     305.973493
     23.513074     322.365521
     23.524311     304.813026
     23.539320     362.147837
     23.558626     354.384036
     23.571597     392.101427
     23.586435     377.770689
     23.596101     337.932715
     23.619992     369.991897
     23.626578     351.575608
     23.645019     316.335247
     23.664087     365.630428
     23.673850     305.593094
     23.692681     307.222527
     23.706100     329.865377
     23.722623     279.547706
     23.737151     346.081536
     23.747745     311.466155
     23.765037     284.569994
     23.779205     342.384700
     23.795900     305.295110
     23.805447     327.734464
     23.828733     326.166561
     23.835345     372.989088
     23.857014     359.320279
     23.872748     291.683278
     23.881478     332.794856
     23.903337     318.526810
     23.914425     286.664948
     23.926214     306.871076
     23.943810     258.124165
     23.964290     351.425553
     23.979377     286.197943
     23.993061     337.907960
     24.001427     368.721646
     24.022280     315.690626
     24.032999     296.729261
     24.047470     342.353934
     24.064929     311.898981
     24.075944     318.277923
     24.092238     348.090907
     24.110162     294.100508
     24.125518     319.877223
     24.140070     274.264410
     24.157649     293.638598
     24.172076     310.960964
     24.184666     281.796939
     24.197610     276.501049
     24.210560     268.337923
     24.232583     280.896724
     24.247934     331.912716
     24.263623     293.979428
     24.276027     293.954263
     24.288298     319.536828
     24.304036     316.619222
     24.317209     258.169020
     24.336503     311.499359
     24.351725     343.471753
     24.361198     300.855283
     24.384902     226.205005
     24.393152     319.090810
     24.409414     263.877592
     24.424584     280.402696
     24.443116     271.249773
     24.456994     337.966751
     24.468286     274.718789
     24.485727     337.281625
     24.497659     344.999152
     24.516369     306.874465
     24.533722     355.437011
     24.540463     297.669430
     24.557912     316.121706
     24.573314     259.427267
     24.585229     254.966626
     24.608071     255.668486
     24.620073     253.903081
     24.638474     303.190043
     24.654053     269.765934
     24.666295     332.511601
     24.676812     296.949382
     24.698077     318.541096
     24.712674     320.545076
     24.726899     347.387118
     24.737056     349.905575
     24.756117     366.523172
     24.768409     288.419429
     24.789044     311.797507
     24.804884     297.081504
     24.816342     365.160322
     24.832525     348.831875
     24.849683     314.514796
     24.863833     355.839322
     24.876253     323.972037
     24.894551     316.543892
     24.901186     316.684651
     24.923321     378.000594
     24.935475     389.711560
     24.952228     347.291268
     24.963189     352.646659
     24.976335     439.261086
     24.997469     436.350687
     25.006538     446.458329
     25.029637     399.350199
     25.038370     366.275712
     25.054534     354.111208
     25.067584     428.785677
     25.086150     372.529174
     25.104865     323.523865
     25.118442     347.793749
     25.128082     354.786526
     25.141516     322.128120
     25.160876     375.506355
     25.174749     350.823040
     25.188796     375.238902
     25.207260     384.086254
     25.219258     389.625098
     25.234842     386.183542
     25.250136     335.296960
     25.268683     309.538661
     25.284300     367.457396
     25.294761     278.177626
     25.309515     335.720389
     25.324170     323.475638
     25.338406     313.199149
     25.358996     285.783688
     25.371632     295.592163
     25.382406     352.102915
     25.397160     297.701157
     25.417278     263.123624
     25.430069     218.007876
     25.445275     257.615942
     25.460522     305.601028
     25.471386     332.272742
     25.490756     327.300452
     25.505305     281.743970
     25.517720     307.383672
     25.530890     265.142663
     25.546960     313.105992
     25.564760     232.867883
     25.583427     266.003297
     25.593683     247.570037
     25.610032     285.713001
     25.621077     301.627644
     25.644088     271.485402
     25.654716     310.719036
     25.667353     290.543643
     25.686405     286.117390
     25.699067     283.179209
     25.718184     272.456665
     25.731636     317.854954
     25.747859     326.184432
     25.755767     292.718690
     25.775741     297.398829
     25.794827     368.335171
     25.804624     339.106423
     25.822514     341.646284
     25.839697     292.706739
     25.845033     241.148510
     25.867507     261.858638
     25.884644     342.200243
     25.895642     237.821222
     25.911675     275.123633
     25.926147     278.600882
     25.938049     317.668895
     25.958801     300.469528
     25.969935     352.530460
     25.981891     309.727179
     26.000037     326.794635
     26.018878     252.923002
     26.029094     261.099616
     26.045844     305.689825
     26.061586     292.847803
     26.079405     340.198735
     26.094024     288.349857
     26.104234     327.106964
     26.115500     326.013429
     26.134216     351.037366
     26.146603     290.723704
     26.165540     384.840921
     26.181953     311.850199
     26.195607     364.896220
     26.210054     336.843189
     26.226380     326.935890
     26.242042     342.250624
     26.258879     327.056736
     26.265760     298.259838
     26.282256     333.048317
     26.296515     302.758043
     26.316417     267.322993
     26.329703     332.345868
     26.344765     329.652939
     26.355130     275.442939
     26.370490     303.064124
     26.392263     299.018744
     26.406223     331.442306
     26.418361     324.958473
     26.436430     299.883355
     26.446120     303.107367
     26.466342     262.304262
     26.476443     277.622002
     26.498402     357.955634
     26.506927     349.645561
     26.523662     339.934412
     26.535720     256.747760
     26.554697     324.533688
     26.571322     278.692577
     26.580638     339.830564
     26.602628     333.217806
     26.614561     334.861993
     26.627129     303.285474
     26.648591     294.880142
     26.660431     386.413940
     26.673776     273.734473
     26.690699     292.277835
     26.703533     247.696209
     26.715714     274.618147
     26.733825     310.181448
     26.747753     279.269090
     26.760159     283.669086
     26.777111     296.035187
     26.798447     292.528374
     26.810411     307.083857
     26.828811     332.589228
     26.836380     285.399842
     26.857321     288.845454
     26.871888     289.913379
     26.880919     321.724676
     26.895383     237.205470
     26.919312     330.778627
     26.932096     344.562845
     26.949322     373.774696
     26.958741     286.017585
     26.973088     282.935722
     26.993028     274.994691
     27.009534     318.653060
     27.016414     295.958060
     27.030615     363.130967
     27.054482     302.034441
     27.065035     302.813577
     27.076271     316.256875
     27.092706     329.179990
     27.113905     349.955376
     27.121015     303.261552
     27.142244     349.543270
     27.150582     285.612476
     27.173683     305.378457
     27.186976     354.472166
     27.199123     304.903102
     27.212272     328.095732
     27.233301     330.761009
     27.247736     294.289533
     27.263247     333.751323
     27.270760     313.827045
     27.293882     338.988158
     27.300090     316.899480
     27.323376     259.234095
     27.332022     354.941515
     27.346476     322.371857
     27.361613     265.634742
     27.375098     342.725765
     27.397592     271.922976
     27.412856     285.534388
     27.423259     271.622808
     27.438299     363.731196
     27.450216     322.192574
     27.471578     334.779197
     27.485352     283.024497
     27.496378     288.529482
     27.514258     302.325229
     27.530857     332.019053
     27.546070     346.137364
     27.561964     320.345613
     27.577437     316.886571
     27.590170     293.669615
     27.609159     260.211289
     27.621255     283.022841
     27.633742     345.063393
     27.653124     331.895359
     27.662617     281.831552
     27.678447     292.254503
     27.694584     351.723092
     27.707621     303.133320
     27.725554     285.671933
     27.736546     320.891193
     27.754667     323.623164
     27.765531     292.523475
     27.783497     312.822406
     27.799812     274.256415
     27.818260     277.697705
     27.828555     297.921724
     27.848492     262.361001
     27.859577     314.054580
     27.879696     300.539321
     27.894042     289.719539
     27.900690     379.017707
     27.916822     338.146611
     27.935472     390.922007
     27.946256     355.276606
     27.960209     316.805839
     27.984374     350.711181
     27.992592     322.461352
     28.005709     291.985382
     28.026924     264.035247
     28.036808     318.174758
     28.056089     333.918707
     28.070118     289.518090
     28.088161     288.244823
     28.097673     263.812137
     28.115257     266.368964
     28.125509     333.369409
     28.144361     302.335041
     28.164105     321.915374
     28.177712     277.093891
     28.188992     334.629675
     28.209111     322.710858
     28.218750     345.977439
     28.235113     326.935679
     28.253999     339.941050
     28.267454     329.467483
     28.280391     275.290267
     28.291388     280.207187
     28.308983     256.773844
     28.326825     344.539861
     28.344625     286.306023
     28.353098     284.272878
     28.371731     327.436855
     28.385944     338.437016
     28.402303     321.631181
     28.417560     376.356468
     28.426258     324.202315
     28.441434     356.633443
     28.461106     374.730209
     28.478513     375.462917
     28.487703     321.041448
     28.507131     369.789119
     28.523461     353.184434
     28.531183     427.180111
     28.548950     373.577225
     28.565916     349.756810
     28.578940     385.164881
     28.598683     354.854647
     28.611705     317.130271
     28.624345     364.949671
     28.636656     384.985974
     28.654011     368.064439
     28.670892     343.733030
     28.683943     337.214366
     28.700701     351.618184
     28.714023     353.022131
     28.728725     367.315889
     28.744463     271.054109
     28.759627     365.896896
     28.777229     285.473724
     28.788688     353.856148
     28.803326     320.623989
     28.821835     290.484491
     28.831084     287.133327
     28.847884     308.856183
     28.864448     322.826563
     28.877927     275.634548
     28.898060     339.099722
     28.911332     347.933917
     28.920003     329.369635
     28.943349     376.847676
     28.957195     342.888919
     28.972905     396.111572
     28.980022     302.843464
     29.000891     369.957739
     29.016306     351.348125
     29.034226     364.196023
     29.043847     289.062777
     29.059208     331.492960
     29.078163     367.666595
     29.088712     299.520646
     29.108591     335.132077
     29.118290     371.689754
     29.135797     356.123992
     29.148039     360.092982
     29.167977     276.628556
     29.178125     332.252845
     29.191470     316.444292
     29.209241     368.215541
     29.229315     285.375058
     29.237820     286.649467
     29.254641     300.128091
     29.269035     326.084645
     29.285048     302.588948
     29.302841     301.110982
     29.314872     334.799261
     29.330305     285.442079
     29.347770     346.379680
     29.357897     273.896047
     29.379640     267.768665
     29.393926     286.901717
     29.408467     272.675582
     29.420057     304.280279
     29.433548     289.740733
     29.446578     261.994908
     29.468837     331.357344
     29.480288     327.548020
     29.491370     323.093346
     29.506486     271.106918
     29.527285     313.846842
     29.544026     251.837512
     29.550343     259.964775
     29.573713     303.113518
     29.587656     361.900298
     29.598270     303.747848
     29.618441     297.865940
     29.632145     335.626413
     29.644928     331.060635
     29.663207     266.960293
     29.676745     252.380483
     29.689300     325.406410
     29.708804     333.467073
     29.721903     316.075301
     29.738077     294.023069
     29.752992     329.253310
     29.767251     295.560335
     29.782853     284.973951
     29.797683     312.347574
     29.813263     313.791467
     29.826556     327.916301
     29.843438     338.244640
     29.854875     263.894279
     29.872038     303.827571
     29.884285     249.641078
     29.900979     346.457714
     29.913222     328.106315
     29.926307     312.116376
     29.948857     284.993722
     29.963568     301.712600
     29.971361     253.980342
     29.988331     288.661929
     30.000368     300.568310
     30.017531     298.381291
     30.038622     280.851809
     30.052417     260.672710
     30.069924     246.430571
     30.080998     282.370061
     30.097062     252.547912
     30.110703     261.863688
     30.123284     250.929761
     30.136798     297.850998
     30.158859     266.946455
     30.170192     295.312460
     30.186976     336.520116
     30.203268     295.787315
     30.217435     321.688287
     30.232385     318.179288
     30.246748     278.760555
     30.261189     261.370884
     30.279804     306.398513
     30.290099     245.195121
     30.308987     218.765496
     30.324050     223.409426
     30.337995     300.313743
     30.348119     304.706332
     30.362699     315.158946
     30.382331     335.238794
     30.397013     264.764752
     30.414050     303.929341
     30.422627     315.747867
     30.444340     242.665483
     30.455320     341.202250
     30.468255     326.443551
     30.487625     326.286958
     30.499516     311.178084
     30.518713     272.050530
     30.530423     311.750003
     30.547905     335.231597
     30.561887     376.237876
     30.570787     319.588930
     30.589294     276.986509
     30.605033     272.436355
     30.618623     288.438992
     30.639062     284.124599
     30.647443     307.922386
     30.666995     265.598914
     30.681062     323.394074
     30.691822     250.703368
     30.713599     344.066543
     30.728424     268.565393
     30.740179     311.683087
     30.757300     343.039059
     30.767784     295.832693
     30.781859     354.774174
     30.803647     362.929620
     30.814908     259.430091
     30.825599     300.025691
     30.844219     282.524963
     30.860012     289.180983
     30.876528     288.690227
     30.890318     308.650877
     30.908403     311.922383
     30.919650     270.322017
     30.932132     271.208872
     30.951498     313.962528
     30.960964     304.551075
     30.980980     259.829793
     30.991061     251.575933
     31.005879     255.860583
     31.029721     267.231855
     31.040164     227.829083
     31.052044     321.881417
     31.068159     259.294489
     31.085018     255.032836
     31.098753     277.005065
     31.119288     253.294982
     31.132925     298.705815
     31.143775     294.118049
     31.161406     298.992476
     31.174054     299.925569
     31.194695     275.396215
     31.209372     277.981891
     31.221789     255.863211
     31.234087     295.280436
     31.249992     328.866882
     31.265861     312.182921
     31.280228     295.774533
     31.292116     282.460507
     31.306493     294.317614
     31.321174     331.173687
     31.344354     303.342271
     31.354509     295.982013
     31.365301     239.731746
     31.389598     251.389270
     31.401555     287.674162
     31.412902     322.436669
     31.425533     284.070969
     31.448349     331.128019
     31.458899     297.873144
     31.474001     261.109637
     31.488769     294.240080
     31.501615     320.274277
     31.523474     263.987312
     31.533113     320.591190
     31.545679     267.709223
     31.560119     284.039937
     31.577989     307.809130
     31.598569     276.569762
     31.605642     305.313017
     31.620185     361.500067
     31.640393     269.508099
     31.653517     299.804838
     31.672624     261.454268
     31.687434     230.577102
     31.698709     229.283627
     31.712508     278.121356
     31.732313     249.546260
     31.746377     300.316574
     31.756376     222.921199
     31.774885     320.777251
     31.788612     296.062440
     31.805263     319.375704
     31.824576     299.966785
     31.839977     275.895422
     31.846950     240.668714
     31.862332     276.858280
     31.883846     323.622932
     31.898025     275.531319
     31.907884     290.813186
     31.924689     309.653447
     31.943195     325.772951
     31.958497     297.831471
     31.973976     252.778351
     31.987504     294.396636
     32.000221     242.789123
     32.012934     335.606906
     32.034355     261.461004
     32.043472     306.204751
     32.059436     321.432321
     32.073069     300.893488
     32.093350     282.905274
     32.108599     277.175114
     32.116452     336.980995
     32.136535     346.966286
     32.147360     252.629761
     32.169514     277.063382
     32.175082     329.937701
     32.191944     244.329240
     32.211209     310.497112
     32.224420     257.281006
     32.243408     236.147073
     32.256561     341.879751
     32.265792     259.832588
     32.280368     310.157975
     32.297177     295.061546
     32.311347     278.848831
     32.334678     297.437231
     32.342441     246.408904
     32.359112     288.094522
     32.374064     218.843553
     32.387469     280.477271
     32.409043     326.404660
     32.423726     261.784393
     32.430142     322.494774
     32.450092     314.679123
     32.469039     342.763575
     32.477942     263.771854
     32.498090     258.096670
     32.510824     277.167092
     32.525944     334.820217
     32.536129     265.221955
     32.557309     272.157873
     32.568157     235.403262
     32.583383     327.738891
     32.600905     265.696742
     32.612337     272.836996
     32.630092     305.723683
     32.649148     263.740191
     32.664998     289.595282
     32.679325     299.699091
     32.692304     265.904517
     32.703717     338.827176
     32.722625     309.384157
     32.732997     265.306907
     32.750843     340.314288
     32.768234     270.502349
     32.778101     249.652729
     32.793579     276.011080
     32.814673     298.846691
     32.823850     267.790602
     32.836019     268.021653
     32.854119     224.951458
     32.866616     275.818979
     32.882214     230.998294
     32.901163     320.038402
     32.910095     304.866452
     32.930532     324.259115
     32.947973     328.830122
     32.958107     248.223575
     32.972539     229.618980
     32.985138     311.016385
     33.004570     265.378634
     33.023971     273.635456
     33.035522     307.203389
     33.051090     236.802662
     33.064804     284.982536
     33.082211     260.713469
     33.090465     238.460200
     33.112159     286.045337
     33.122122     360.469174
     33.142058     261.226177
     33.159129     252.465221
     33.166244     276.223801
     33.181638     293.749911
     33.197822     288.446414
     33.214193     260.071155
     33.225246     233.484679
     33.242248     275.083227
     33.257137     259.262543
     33.276518     255.807519
     33.294741     270.025774
     33.309678     240.307988
     33.316758     291.036205
     33.332533     250.152119
     33.352290     237.315242
     33.366680     302.661403
     33.377101     261.159788
     33.391964     296.820988
     33.414186     290.523733
     33.427813     293.673144
     33.442451     264.279692
     33.452835     262.305636
     33.468920     288.290013
     33.485817     224.990626
     33.497793     228.416927
     33.515727     290.030684
     33.527506     273.358889
     33.549094     269.644724
     33.564720     201.031470
     33.572076     323.017649
     33.591866     246.842203
     33.605386     255.215732
     33.617296     307.567322
     33.635861     226.669071
     33.648179     292.374168
     33.665997     232.653965
     33.678179     279.101474
     33.697642     286.051146
     33.709442     273.797289
     33.722728     262.660600
     33.740905     324.623451
     33.753619     328.675979
     33.773933     254.610376
     33.780432     238.890162
     33.800662     277.668640
     33.813006     304.123443
     33.831937     261.150499
     33.849412     312.954324
     33.855138     271.480194
     33.870255     247.992155
     33.894480     247.170795
     33.902424     313.783210
     33.918923     275.995099
     33.933574     309.905920
     33.947968     307.994058
     33.961323     297.966374
     33.977361     297.355454
     33.990488     264.413060
     34.006901     263.266433
     34.023301     317.812958
     34.041973     262.689919
     34.054710     280.733739
     34.069886     266.520906
     34.087418     255.728329
     34.104083     334.471328
     34.110781     312.548589
     34.131300     281.409005
     34.149113     258.570452
     34.162787     288.434106
     34.178537     332.113840
     34.185704     283.479781
     34.204091     311.446672
     34.218660     235.571115
     34.238576     240.157965
     34.249691     256.064300
     34.263709     276.960580
     34.278765     283.269885
     34.291236     272.187616
     34.313563     226.370875
     34.327996     317.735972
     34.340674     257.800694
     34.355646     277.999415
     34.367020     207.354705
     34.388126     247.250972
     34.401583     306.081584
     34.412568     262.873923
     34.427900     323.590802
     34.440653     303.179026
     34.462095     284.406968
     34.479313     287.855751
     34.492725     315.504285
     34.508115     251.306145
     34.519375     247.513743
     34.538009     264.596429
     34.548367     299.852471
     34.564196     303.550686
     34.577872     310.529662
     34.591730     248.515819
     34.610993     289.823545
     34.627582     289.607422
     34.637712     310.511377
     34.654609     345.447682
     34.673746     297.257597
     34.683514     273.245302
     34.700223     303.465600
     34.711019     255.374341
     34.725863     313.421025
     34.749494     288.974112
     34.761729     285.708080
     34.778107     285.465442
     34.789377     300.503619
     34.808578     308.907562
     34.823732     263.467427
     34.830808     294.309398
     34.850326     332.545138
     34.865600     302.966745
     34.884202     228.501701
     34.894967     254.084151
     34.906022     314.495295
     34.920688     315.347885
     34.944958     263.885331
     34.957344     279.797857
     34.971078     283.019458
     34.980479     323.064335
     34.996577     272.551727
     35.012160     308.694606
     35.025433     242.557973
     35.048818     231.934817
     35.062508     261.409177
     35.078071     255.571610
     35.093854     264.769944
     35.102183     257.637070
     35.120458     288.182533
     35.132092     231.456154
     35.145862     227.848692
     35.160559     301.914972
     35.176554     237.130548
     35.198509     229.071060
     35.214612     248.300277
     35.222873     297.278380
     35.236975     267.367480
     35.257324     245.452431
     35.267673     304.436053
     35.289335     211.345904
     35.299014     194.423994
     35.318801     192.731567
     35.328771     239.559598
     35.348525     270.339076
     35.362740     262.121502
     35.372966     242.436341
     35.386063     249.186650
     35.407921     228.455343
     35.421733     257.593186
     35.436773     233.617193
     35.449744     304.358294
     35.461312     273.806867
     35.477189     306.323636
     35.497680     243.510494
     35.507240     251.601173
     35.523679     282.457524
     35.535435     230.665622
     35.558232     265.701380
     35.571099     258.853597
     35.585324     230.303977
     35.599033     295.067020
     35.616756     213.830528
     35.626732     266.970007
     35.641303     281.125902
     35.663710     239.092343
     35.670974     249.235237
     35.685454     230.888312
     35.709711     284.689863
     35.720231     277.361600
     35.735933     249.893558
     35.748936     210.583250
     35.766048     274.354425
     35.777901     204.092720
     35.796603     285.394254
     35.805595     299.603191
     35.823474     296.030190
     35.835243     230.727620
     35.853567     221.768360
     35.873323     192.664505
     35.884899     290.807058
     35.904404     191.764577
     35.910214     252.846036
     35.927349     241.824255
     35.948080     216.113264
     35.962676     234.386670
     35.972129     188.284938
     35.993780     249.028245
     36.008739     307.500590
     36.019966     203.988654
     36.038911     184.499359
     36.051253     251.340364
     36.066116     295.679596
     36.076641     222.596067
     36.097927     270.588860
     36.112612     266.793305
     36.120305     270.474678
     36.144186     232.060976
     36.155434     257.551914
     36.171897     305.517010
     36.180482     234.726177
     36.195294     211.276357
     36.216076     246.101491
     36.226685     214.874991
     36.243190     262.341706
     36.255787     248.315355
     36.276215     243.132838
     36.293898     293.505545
     36.302722     247.410519
     36.316478     235.591466
     36.333870     288.917018
     36.353546     242.945125
     36.361203     235.549161
     36.380084     307.501388
     36.394024     209.538096
     36.408076     219.022458
     36.425460     231.454722
     36.444798     278.962478
     36.457090     235.602545
     36.471437     208.661723
     36.486943     302.120474
     36.502087     209.239006
     36.510621     285.144459
     36.528687     198.148659
     36.541697     288.663452
     36.560338     285.879143
     36.575107     239.233411
     36.588468     195.878163
     36.605348     225.554133
     36.616012     251.287974
     36.637113     286.417371
     36.653940     306.241241
     36.664418     259.418921
     36.682055     236.167021
     36.698197     236.972785
     36.708265     268.820441
     36.729902     221.820294
     36.736965     231.282810
     36.754665     250.217109
     36.766907     251.338817
     36.780338     216.310923
     36.804311     230.458446
     36.815438     284.462563
     36.830054     287.366654
     36.845100     212.207611
     36.858314     280.164005
     36.870916     328.748222
     36.891880     247.534048
     36.904366     239.775988
     36.922778     301.525544
     36.931287     300.246498
     36.945304     208.342343
     36.965850     230.938614
     36.984614     274.303556
     36.995870     242.116332
     37.011111     215.286965
     37.020376     313.884109
     37.044631     263.513330
     37.053399     277.440540
     37.065093     246.357130
     37.088262     283.018024
     37.099882     298.634894
     37.116636     269.447544
     37.132813     247.866678
     37.146647     252.274481
     37.161081     255.296221
     37.173263     284.209280
     37.185671     253.649578
     37.205285     231.971931
     37.216873     283.990730
     37.239975     262.180619
     37.248709     281.024923
     37.260066     311.332979
     37.275574     226.086060
     37.297675     238.595416
     37.310599     294.710223
     37.325093     346.038334
     37.341771     303.186515
     37.351202     268.353318
     37.373374     294.464070
     37.384438     292.961044
     37.404679     307.087493
     37.410951     302.825254
     37.429554     230.429387
     37.440905     292.512361
     37.464954     181.740369
     37.477119     220.977049
     37.491855     274.376086
     37.509015     191.521158
     37.523938     222.519160
     37.537306     253.842946
     37.549818     238.820456
     37.561134     238.835116
     37.583245     246.671330
     37.595822     218.095366
     37.608258     306.748202
     37.620479     320.846738
     37.641449     235.114771
     37.654230     193.278748
     37.668402     291.267735
     37.684905     234.597811
     37.704057     223.389766
     37.717136     255.849039
     37.727874     259.321568
     37.748349     268.803963
     37.757133     278.297050
     37.779892     259.827249
     37.793043     196.995634
     37.809199     226.646831
     37.816876     237.080532
     37.830036     315.687846
     37.853390     294.910205
     37.865695     292.324691
     37.875405     263.671080
     37.894196     281.378931
     37.908637     225.271191
     37.924349     178.263484
     37.936503     216.420238
     37.954343     226.035240
     37.970079     249.601129
     37.984045     222.145762
     38.002185     277.408606
     38.012193     260.917940
     38.034995     191.880201
     38.043906     228.393894
     38.063602     209.608277
     38.078268     261.251602
     38.093070     257.208968
     38.109754     236.905773
     38.117073     205.063313
     38.135901     236.280100
     38.151745     259.148976
     38.169672     231.628070
     38.184125     226.519666
     38.197193     279.561723
     38.209820     250.882243
     38.228653     269.106971
     38.235063     298.973595
     38.258396     257.397893
     38.271305     183.244792
     38.281316     291.954340
     38.295592     235.671696
     38.313703     206.827968
     38.329344     251.323234
     38.347574     228.105782
     38.355588     277.362707
     38.376734     294.658224
     38.385245     290.965921
     38.400671     288.680870
     38.423099     196.093724
     38.437267     194.737215
     38.450360     220.503478
     38.461220     262.682483
     38.477205     228.047336
     38.490649     194.940069
     38.512106     248.168270
     38.520051     255.896082
     38.541398     246.950403
     38.553807     216.393188
     38.566128     245.082586
     38.588618     299.883436
     38.603567     216.720479
     38.612725     210.005543
     38.631605     242.639351
     38.647842     237.393851
     38.661332     267.108109
     38.670851     253.811258
     38.694953     253.476408
     38.701965     265.647190
     38.722708     170.744977
     38.734099     179.696900
     38.753082     252.617554
     38.769144     184.264669
     38.783903     248.404229
     38.796761     286.073713
     38.809078     174.425838
     38.820752     174.232751
     38.836914     228.327717
     38.852049     237.299025
     38.867729     281.579381
     38.885626     224.502085
     38.896025     264.160326
     38.911197     256.449334
     38.926267     253.101140
     38.946916     239.276378
     38.959886     226.428453
     38.977793     271.493425
     38.993575     237.737142
     39.009765     268.961322
     39.019464     257.606422
     39.034988     233.630296
     39.054672     237.212873
     39.063434     213.660687
     39.075262     242.358896
     39.091024     216.866208
     39.107440     194.316189
     39.125688     271.942569
     39.142610     275.826686
     39.152252     195.281677
     39.171462     285.431303
     39.183395     257.434387
     39.196770     226.705964
     39.217842     238.207259
     39.233905     265.908661
     39.246577     303.615536
     39.262261     229.123412
     39.271845     189.366627
     39.291826     209.078545
     39.306889     276.660317
     39.322634     201.170697
     39.336816     229.223456
     39.350699     273.215694
     39.369285     274.236454
     39.381414     278.728604
     39.395138     241.919116
     39.408925     224.875778
     39.423465     316.589928
     39.437501     233.599653
     39.458174     241.879988
     39.473623     243.852552
     39.484047     215.838131
     39.504168     277.935805
     39.513717     266.673916
     39.530173     228.240521
     39.548185     204.701644
     39.560652     251.666700
     39.570779     322.356810
     39.594093     274.254823
     39.603336     194.404874
     39.621055     297.359395
     39.635255     177.843292
     39.650800     169.116753
     39.669267     276.868846
     39.680799     218.412748
     39.699439     260.550198
     39.713954     246.220343
     39.729172     319.863252
     39.735348     253.390805
     39.757170     231.746055
     39.765365     317.140928
     39.784416     300.054749
     39.801096     234.465930
     39.811904     271.944740
     39.833231     304.742553
     39.847161     263.657767
     39.856321     235.037660
     39.878076     280.059148
     39.890420     252.954589
     39.905418     249.914124
     39.921645     243.376191
     39.930379     252.208891
     39.954661     256.416428
     39.962449     198.218734
     39.978392     224.912381
     39.992905     232.192121
     40.005242     268.265824
     40.024897     183.881779
     40.036091     194.663736
     40.050920     226.658943
     40.073211     236.404111
     40.082451     226.401343
     40.100599     262.638866
     40.117830     239.697667
     40.128120     245.726828
     40.145348     219.538464
     40.156239     233.735068
     40.175158     298.427724
     40.190226     229.859380
     40.209658     222.120261
     40.223791     295.415005
     40.233668     249.887711
     40.254544     229.406365
     40.261703     285.501213
     40.280026     270.317074
     40.291629     228.511099
     40.314934     268.231079
     40.328426     256.954153
     40.335367     259.224996
     40.358738     212.125772
     40.367924     187.906990
     40.387322     271.584220
     40.398420     271.625443
     40.413543     232.785339
     40.425924     227.954013
     40.447944     233.152741
     40.464644     208.326129
     40.471131     225.266775
     40.492297     283.668447
     40.501455     271.311753
     40.516874     296.599245
     40.536909     302.608881
     40.551995     253.833223
     40.565636     259.819571
     40.583466     215.141982
     40.595058     213.058384
     40.605942     219.318226
     40.627968     278.535715
     40.644447     296.362101
     40.654173     266.297430
     40.665215     236.220856
     40.682159     293.080561
     40.704702     278.793211
     40.711040     300.765112
     40.730927     239.642102
     40.743481     272.872643
     40.763530     309.070166
     40.773880     231.542913
     40.791502     247.188843
     40.800023     227.533412
     40.824435     258.578219
     40.832131     218.709622
     40.846370     287.218688
     40.862053     248.387629
     40.877291     279.241885
     40.898421     271.677568
     40.905596     208.963817
     40.921571     261.045861
     40.943792     246.717431
     40.958112     208.522290
     40.973134     228.069028
     40.986897     273.166800
     41.000229     313.433756
     41.016891     284.313756
     41.025857     226.559763
     41.043340     235.136142
     41.062336     307.268234
     41.078883     233.051046
     41.090035     228.610171
     41.109300     308.328578
     41.122732     227.623925
     41.132950     274.779031
     41.152000     253.534983
     41.162633     278.901844
     41.180104     255.425331
     41.190902     278.999327
     41.206530     261.108659
     41.222666     249.275709
     41.236524     296.657394
     41.254789     274.462933
     41.274800     232.733891
     41.282429     250.897596
     41.296928     282.728446
     41.311500     190.709896
     41.329461     222.664151
     41.343170     223.638665
     41.360520     255.949192
     41.378184     225.176265
     41.392931     213.913913
     41.403539     287.500590
     41.415946     186.557926
     41.437711     267.868838
     41.448311     256.519367
     41.464141     280.727608
     41.484783     223.303281
     41.497688     212.588421
     41.511284     218.573725
     41.522957     215.001223
     41.539525     229.337039
     41.554764     273.843141
     41.567375     236.865755
     41.583986     257.606105
     41.597035     267.865779
     41.613155     243.877398
     41.634464     219.603088
     41.645042     272.259046
     41.660402     246.768945
     41.679882     224.614762
     41.685595     273.336225
     41.709518     275.086455
     41.719790     257.923689
     41.732393     277.681328
     41.751553     278.834246
     41.763003     229.823265
     41.777970     225.646360
     41.795563     251.238881
     41.813844     226.339633
     41.822235     198.761840
     41.837444     198.264815
     41.857143     318.333089
     41.874216     264.151028
     41.889165     187.096219
