      1.996187     -25.171307
      2.014804      37.887788
      2.033315      47.387213
      2.049304       1.072082
      2.064463     -22.138791
      2.073632      14.163722
      2.087937      48.611757
      2.101132      59.495568
      2.119892      54.043987
      2.130840      61.515908
      2.153594      82.739375
      2.164487      96.747345
      2.179105      10.676757
      2.194301      39.375294
      2.213450      91.382891
      2.228402      82.611210
      2.243702     174.828541
      2.255929     100.603240
      2.272833     227.747508
      2.289465     209.295384
      2.299267     283.225658
      2.314232     219.760463
      2.334222     322.378197
      2.345482     293.890473
      2.364560     296.888209
      2.378020     421.712820
      2.389249     458.331381
      2.409722     381.131868
      2.417408     433.734755
      2.438174     487.621671
      2.453228     442.957840
      2.461094     443.616235
      2.484835     502.073057
      2.496338     493.766927
      2.508866     596.720285
      2.520118     595.119322
      2.541112     548.313752
      2.553545     523.269678
      2.571340     523.542048
      2.585900     598.654383
      2.597363     558.921638
      2.614646     585.233619
      2.632338     558.857428
      2.647539     605.249026
      2.658451     626.204173
      2.677704     616.544418
      2.688857     687.140023
      2.703315     687.446023
      2.719542     687.661527
      2.733153     701.565826
      2.746021     702.916154
      2.762953     721.633463
      2.784536     666.131823
      2.792979     735.765046
      2.810874     750.972335
      2.822863     757.982262
      2.844211     805.001207
      2.855818     777.241212
      2.866131     778.988743
      2.883122     815.364350
      2.902357     842.787434
      2.918631     882.254805
      2.929835     961.745640
      2.947580     981.910124
      2.956085     908.519302
      2.974577     867.919294
      2.988180     985.704671
      3.003355    1016.658350
      3.024255    1014.145184
      3.038346    1058.480123
      3.052016    1109.219057
      3.060398    1133.159079
      3.084513    1200.483608
      3.093040    1275.527717
      3.113873    1208.592248
      3.121621    1256.994816
      3.141339    1422.190451
      3.159533    1411.928098
      3.167064    1500.405904
      3.188747    1593.586872
      3.197152    1678.579970
      3.212948    1772.353321
      3.225607    1899.415067
      3.243169    2025.389741
      3.263636    2043.530043
      3.271134    2388.907469
      3.290935    2538.111657
      3.301439    2868.245596
      3.322761    3235.479006
      3.336660    3905.570308
      3.350277    4568.782354
      3.360205    4900.556239
      3.379555    4057.188737
      3.395266    2192.585496
      3.412300    1094.871567
      3.426926     675.845102
      3.435902     618.938890
      3.456580     446.097314
      3.471080     428.485935
      3.481032     382.445808
      3.495108     415.829346
      3.511325     343.070207
      3.532477     371.146228
      3.547257     379.645502
      3.556535     348.561300
      3.573048     325.187628
      3.590200     321.794686
      3.604467     351.707547
      3.620564     317.610487
      3.638650     272.297774
      3.650126     286.576413
      3.665873     310.096861
      3.684597     337.392353
      3.693452     338.393102
      3.708105     325.047479
      3.720239     321.863769
      3.735085     330.359965
      3.755915     384.243953
      3.769141     335.203859
      3.789028     293.606820
      3.801030     300.612866
      3.818246     301.439100
      3.827129     377.733667
      3.843355     273.043272
      3.860448     328.810941
      3.877721     283.501967
      3.888487     253.335326
      3.909114     368.753823
      3.923560     355.867965
      3.931778     321.687670
      3.946169     301.511956
      3.966669     307.916394
      3.980310     345.529306
      3.994986     318.004598
      4.012948     315.097871
      4.028640     333.991652
      4.044361     403.812726
      4.057362     333.044014
      4.067100     325.176009
      4.087859     323.903415
      4.104003     307.713751
      4.116199     366.246770
      4.129104     392.886686
      4.148233     384.006304
      4.162047     406.705592
      4.170326     402.282700
      4.186620     385.648153
      4.208830     370.839498
      4.215265     340.362609
      4.236730     435.673868
      4.253199     364.838138
      4.265381     335.329360
      4.276126     420.361664
      4.297877     429.873386
      4.312029     441.279936
      4.322119     372.173172
      4.343496     357.840511
      4.354147     486.922411
      4.365888     427.759149
      4.381978     446.284481
      4.402552     459.894152
      4.417040     439.064669
      4.426480     418.172965
      4.447418     514.244294
      4.461299     478.361312
      4.474977     531.802940
      4.493813     473.094533
      4.501682     498.590856
      4.518805     516.077444
      4.536859     571.004890
      4.554790     590.503694
      4.562274     607.727263
      4.584809     620.186451
      4.590547     577.843018
      4.614079     643.770422
      4.623256     719.726056
      4.635771     769.887323
      4.650146     820.064505
      4.668781     858.248388
      4.687009     853.421297
      4.695258     938.513465
      4.717477    1142.871963
      4.732405    1228.688530
      4.745700    1368.703490
      4.755135    1572.380342
      4.776800    1573.110558
      4.788267    1047.995197
      4.807070     676.459016
      4.822221     460.783833
      4.832075     378.490558
      4.854114     389.499843
      4.869512     352.871436
      4.877360     367.409193
      4.899783     423.247777
      4.905733     416.484158
      4.923871     362.870910
      4.937452     387.425868
      4.950351     350.791448
      4.969660     452.882183
      4.988572     382.910039
      5.004472     406.580492
      5.014813     371.265568
      5.032077     466.296101
      5.048669     355.101037
      5.059166     413.051634
      5.073292     378.989779
      5.094242     436.192312
      5.105429     457.819841
      5.123420     439.122019
      5.138390     434.388132
      5.145688     423.139863
      5.167690     415.014613
      5.182372     390.683124
      5.192926     386.959796
      5.205175     489.064939
      5.226764     421.030500
      5.235403     463.173521
      5.250369     431.441005
      5.266454     455.644258
      5.288522     456.318161
      5.297613     484.901510
      5.314217     475.781007
      5.326471     500.866934
      5.344585     538.381270
      5.359256     475.265761
      5.372444     545.519528
      5.388246     501.530565
      5.400855     505.628153
      5.423461     499.793987
      5.436587     572.466651
      5.449822     587.852276
      5.464202     543.917376
      5.478136     551.135416
      5.497875     616.855820
      5.512961     600.551643
      5.528939     646.625891
      5.542638     656.395559
      5.558288     694.563382
      5.574887     665.752781
      5.588624     744.355450
      5.601646     765.909748
      5.612901     794.725653
      5.633811     798.066326
      5.643212     973.767879
      5.656479     911.663334
      5.679017     989.788430
      5.694911    1022.118774
      5.706105    1010.186202
      5.715742    1128.751943
      5.736138    1303.145298
      5.749036    1425.216821
      5.768722    1528.563720
      5.776620    1715.255195
      5.792188    1941.939006
      5.809537    2332.655703
      5.820249    2805.443729
      5.839323    3011.299424
      5.856019    2457.238449
      5.867121    1575.169387
      5.883552     851.296437
      5.897401     629.556416
      5.912456     469.825412
      5.928147     475.536298
      5.948939     419.745187
      5.961216     420.012214
      5.974352     430.032064
      5.993999     377.643083
      6.007508     403.535159
      6.019091     433.951954
      6.033909     358.977945
      6.047708     378.308335
      6.062877     381.216547
      6.079140     423.364383
      6.099571     403.465158
      6.105528     421.779778
      6.123138     426.574862
      6.142152     394.665048
      6.155783     456.986298
      6.167001     420.847390
      6.180994     417.829018
      6.198230     436.016674
      6.213791     365.510972
      6.233683     430.874561
      6.246647     403.991184
      6.262266     442.909291
      6.272996     418.524725
      6.291866     424.701840
      6.306641     434.628784
      6.324878     451.518578
      6.334084     457.616441
      6.348404     428.188989
      6.366551     377.457769
      6.381641     450.424235
      6.392144     368.526848
      6.408503     415.987309
      6.427996     345.196470
      6.442657     391.915161
      6.450426     397.402439
      6.469329     428.540511
      6.484745     453.316417
      6.501400     471.120616
      6.512235     482.113675
      6.525585     511.034775
      6.546145     510.747873
      6.561217     480.549735
      6.573590     516.564833
      6.585291     543.316241
      6.603400     575.855990
      6.619514     514.702807
      6.638215     557.480942
      6.654881     640.005042
      6.664564     665.486921
      6.684999     733.845129
      6.696930     754.956898
      6.708217     812.269541
      6.728972     959.691338
      6.738676    1110.279177
      6.753633    1077.247109
      6.766834     847.685644
      6.783189     622.520706
      6.802037     527.565777
      6.811583     459.778897
      6.827412     361.543969
      6.840007     390.416553
      6.857967     382.271503
      6.876431     381.663407
      6.889306     410.513683
      6.906274     429.084497
      6.922960     400.852114
      6.932545     423.925588
      6.951298     493.482599
      6.965921     431.931635
      6.983574     373.731529
      6.997099     387.699733
      7.008032     346.975310
      7.021314     377.373220
      7.043872     362.406346
      7.050174     416.117917
      7.069988     403.995432
      7.087996     403.380970
      7.096190     488.302724
      7.114667     386.734441
      7.129557     471.641518
      7.143475     415.363747
      7.159177     417.914389
      7.177860     469.012193
      7.187975     407.746721
      7.200223     448.125264
      7.216282     440.649917
      7.239816     440.307230
      7.254589     472.378642
      7.264042     413.981856
      7.282078     458.216166
      7.290393     531.794724
      7.307276     449.030394
      7.328675     563.619422
      7.339904     583.522060
      7.350621     620.597714
      7.367618     551.232910
      7.382479     627.928402
      7.404551     669.525374
      7.417914     701.640069
      7.431783     709.846698
      7.444691     684.697250
      7.461641     876.957631
      7.478969     950.816068
      7.491931     995.857816
      7.503781    1059.737770
      7.515622    1223.140444
      7.535818    1420.164775
      7.550699    1483.508059
      7.569960    1294.141303
      7.582677     915.235130
      7.599726     617.097642
      7.607984     519.508133
      7.621304     500.146282
      7.643640     426.206587
      7.654893     495.950218
      7.672379     484.005136
      7.681195     409.501177
      7.702933     429.383256
      7.719246     406.821126
      7.734780     400.560181
      7.748197     489.432777
      7.756854     471.618193
      7.779112     473.578459
      7.793180     472.193736
      7.807687     520.474507
      7.822992     508.999622
      7.831746     531.734368
      7.851482     450.182048
      7.864641     496.961254
      7.876213     501.484998
      7.898504     506.522940
      7.908343     512.672814
      7.920824     602.372273
      7.935403     495.099600
      7.955651     512.121742
      7.966446     543.750963
      7.982734     535.939169
      8.001203     550.187933
      8.014532     579.311340
      8.031764     662.234473
      8.042399     681.057283
      8.064073     682.254800
      8.072838     685.036772
      8.088800     735.334978
      8.103958     756.228286
      8.123917     767.292624
      8.138683     910.680118
      8.151347     945.743835
      8.166697    1059.494762
      8.178189    1089.603844
      8.193842    1221.939557
      8.213293    1314.076701
      8.227619    1499.930461
      8.237547    1808.334914
      8.254582    1992.838817
      8.265303    2224.073892
      8.287301    1914.643583
      8.295992    1357.331824
      8.313689     789.971342
      8.328120     525.911662
      8.349875     513.244928
      8.355723     427.905427
      8.374543     441.102334
      8.390674     356.941586
      8.403067     419.485147
      8.420620     332.340710
      8.436577     378.460220
      8.446825     358.842153
      8.461243     358.448503
      8.483215     395.563438
      8.492698     333.746061
      8.507415     361.671292
      8.520720     423.803367
      8.536123     404.617186
      8.557372     366.693192
      8.572840     392.084847
      8.589143     386.468880
      8.596506     354.201888
      8.618573     335.364675
      8.625111     397.130145
      8.640087     311.944953
      8.662127     367.719359
      8.676208     417.520685
      8.691080     404.205909
      8.708522     357.206049
      8.720061     331.336239
      8.736491     404.652640
      8.747382     402.713968
      8.765861     442.343168
      8.777250     403.855287
      8.791553     407.265375
      8.807081     413.551721
      8.822493     353.347886
      8.838707     344.789579
      8.851253     438.844830
      8.868239     450.905765
      8.885309     378.416881
      8.897580     483.610261
      8.918860     500.585828
      8.932499     505.749669
      8.944966     494.315615
      8.958187     374.539808
      8.977059     368.275233
      8.989524     429.647368
      9.003820     373.558199
      9.016362     386.414812
      9.034718     403.515299
      9.052209     339.010408
      9.064725     305.101017
      9.077858     398.824392
      9.097070     290.235812
      9.111418     401.585276
      9.126922     332.813370
      9.138228     290.596351
      9.158660     411.641363
      9.174544     393.450396
      9.180914     395.297344
      9.195595     380.768476
      9.215829     337.236491
      9.230998     319.011584
      9.240145     405.008808
      9.257363     416.298350
      9.277208     386.388601
      9.294733     342.736042
      9.301868     300.954674
      9.316058     288.945097
      9.331528     310.927498
      9.353281     323.545105
      9.367035     327.277990
      9.376222     302.992434
      9.390164     333.418743
      9.411341     301.259659
      9.428736     292.326705
      9.439598     356.924946
      9.458324     312.929504
      9.469777     323.952753
      9.481471     333.198531
      9.499574     400.910769
      9.517536     367.104698
      9.529941     416.042797
      9.546945     355.284097
      9.562003     406.186039
      9.571531     476.669256
      9.593147     431.582914
      9.600891     419.327094
      9.620203     390.317658
      9.635522     353.317775
      9.647026     290.308334
      9.665742     434.389726
      9.675124     335.460063
      9.690083     409.319223
      9.709254     340.037259
      9.721075     389.405754
      9.744124     389.291272
      9.757390     411.825691
      9.765641     384.085895
      9.788730     353.795965
      9.795062     430.389673
      9.810400     419.828539
      9.833327     334.020700
      9.849202     442.179140
      9.859903     387.155740
      9.873828     427.108306
      9.893757     391.715930
      9.907259     456.754435
      9.922695     441.364219
      9.937679     371.362754
      9.947194     447.869047
      9.963044     432.788332
      9.975728     418.645177
      9.991378     381.921078
     10.011243     482.536982
     10.024187     523.526302
     10.042853     529.885639
     10.058636     437.027366
     10.071810     516.521357
     10.089638     544.359664
     10.104300     518.722833
     10.114642     583.090473
     10.126236     709.284614
     10.147148     694.597592
     10.157603     561.379485
     10.178936     537.565201
     10.188321     433.678294
     10.205425     469.312875
     10.216227     364.500183
     10.239559     350.007482
     10.249645     387.393510
     10.260976     325.931709
     10.277071     370.649874
     10.298797     411.164685
     10.307918     413.026704
     10.328231     348.359905
     10.338028     369.041878
     10.358959     375.770374
     10.365730     383.748943
     10.389520     400.786397
     10.403066     364.940868
     10.411213     360.957781
     10.429627     331.442788
     10.445149     364.027659
     10.456411     327.922862
     10.471958     345.768726
     10.489899     400.097866
     10.505850     366.502337
     10.517636     416.668506
     10.531529     401.363188
     10.549110     379.519867
     10.565095     455.036602
     10.580513     392.396210
     10.590924     424.694716
     10.607731     426.089706
     10.628790     363.084868
     10.641067     463.691718
     10.652020     422.025544
     10.667819     441.004828
     10.688150     483.981608
     10.698793     435.454689
     10.713849     418.983240
     10.734461     433.160478
     10.740108     426.244145
     10.757391     430.172879
     10.771919     370.683036
     10.791296     350.110301
     10.804437     402.747852
     10.815182     406.560589
     10.838633     409.599223
     10.847111     408.423343
     10.866389     429.519735
     10.881150     334.277959
     10.894192     394.713955
     10.911780     438.401733
     10.922761     400.390719
     10.941992     416.979461
     10.958503     468.227433
     10.971713     382.902032
     10.985799     478.785690
     10.996228     461.173987
     11.011818     537.100286
     11.025383     457.136725
     11.049532     469.070763
     11.062342     497.064302
     11.078393     566.193922
     11.087928     605.438385
     11.100388     549.569971
     11.122646     619.262810
     11.137093     653.155537
     11.147494     743.772802
     11.167640     780.954231
     11.177280     894.598761
     11.199250     978.015373
     11.205871     980.765237
     11.224530     945.979888
     11.242315     794.272141
     11.256184     625.496123
     11.274763     559.053863
     11.285909     491.277702
     11.295233     467.449265
     11.315477     384.862680
     11.332041     399.778629
     11.345632     437.597638
     11.359742     431.993238
     11.373446     372.063227
     11.389126     451.861192
     11.406022     387.437345
     11.422757     440.896386
     11.431922     375.951356
     11.454288     386.658253
     11.462823     423.955888
     11.477853     381.518970
     11.495571     408.310892
     11.510507     372.607593
     11.526689     405.074782
     11.540122     449.402395
     11.555538     497.976483
     11.572729     439.760769
     11.581234     433.624767
     11.602793     518.857369
     11.619327     569.324580
     11.629396     477.604278
     11.647314     452.016813
     11.658616     549.116435
     11.676187     555.715094
     11.688488     665.332538
     11.703878     640.887994
     11.723834     579.707138
     11.735949     599.284302
     11.745084     477.419691
     11.763615     448.457395
     11.776333     462.185021
     11.790906     451.801015
     11.807040     370.864479
     11.827787     415.797307
     11.844460     471.281167
     11.853121     442.226823
     11.873111     490.932621
     11.889048     446.042297
     11.904524     465.938273
     11.912906     498.050234
     11.928407     521.884225
     11.942774     492.914724
     11.962222     439.973093
     11.977818     486.785441
     11.986745     499.552759
     12.000819     544.754845
     12.021890     480.124757
     12.038397     538.602774
     12.054580     568.895014
     12.067718     551.218437
     12.082080     646.656322
     12.097967     628.805548
     12.114652     716.682327
     12.125963     732.132076
     12.142258     824.065393
     12.150204     946.248969
     12.168894    1090.525035
     12.183390    1133.040030
     12.198878    1103.168743
     12.217138     984.248457
     12.228924     685.623699
     12.249235     564.732557
     12.259856     484.146606
     12.275892     427.269648
     12.294922     419.850517
     12.302526     438.651350
     12.315931     390.356223
     12.333709     422.410805
     12.347029     383.952513
     12.363690     415.371496
     12.383156     432.100066
     12.395671     427.694853
     12.413044     375.420736
     12.423868     423.582387
     12.438645     366.912585
     12.453163     391.110372
     12.465933     391.773455
     12.482235     422.650727
     12.501442     418.943328
     12.511948     345.510057
     12.526437     363.054153
     12.546829     361.029130
     12.564503     397.269419
     12.574323     391.872668
     12.594480     371.906709
     12.604901     419.785496
     12.620927     359.111023
     12.630274     339.538723
     12.650882     364.942560
     12.660549     392.541199
     12.679127     446.767990
     12.698557     404.461730
     12.710465     380.645852
     12.723480     355.405910
     12.741288     375.109082
     12.755758     330.520284
     12.767910     372.315372
     12.783292     357.135900
     12.797454     397.266364
     12.812809     390.848237
     12.825384     404.694077
     12.842545     397.809341
     12.855940     368.008210
     12.877874     316.366595
     12.890577     311.745650
     12.902505     350.321362
     12.917867     409.731324
     12.932248     378.209362
     12.946859     467.812002
     12.963072     350.555129
     12.983365     434.873074
     12.991671     450.025760
     13.014393     439.398348
     13.022456     450.369522
     13.037638     452.267526
     13.058757     461.901036
     13.066620     494.161536
     13.084864     483.200849
     13.103355     432.359978
     13.112248     505.479451
     13.125176     485.852884
     13.149183     468.334950
     13.155583     460.055103
     13.171899     381.747286
     13.189404     451.298491
     13.206882     410.674999
     13.218270     489.946803
     13.231622     467.993981
     13.252461     414.657277
     13.262032     403.185971
     13.275026     448.812626
     13.297090     440.464621
     13.313995     518.309263
     13.321766     439.387569
     13.343793     507.600206
     13.354162     461.460926
     13.366539     470.216551
     13.384256     537.922860
     13.395161     587.198256
     13.414521     530.248295
     13.427806     624.212030
     13.440271     592.749150
     13.463980     655.030047
     13.475784     697.842632
     13.485213     868.545006
     13.506117     855.917823
     13.519946     864.250799
     13.530835     982.069912
     13.549094     995.918058
     13.567781     748.470376
     13.576076     642.179022
     13.599626     559.292931
     13.607588     393.515083
     13.624442     418.292178
     13.637673     440.157857
     13.650926     462.202362
     13.674697     361.941376
     13.680863     463.076254
     13.696523     498.294790
     13.717828     415.552024
     13.731277     442.200978
     13.748223     419.990608
     13.758532     481.254816
     13.770701     422.089954
     13.787849     525.321357
     13.803606     480.327568
     13.820625     424.987591
     13.835510     455.131118
     13.846597     527.062850
     13.868502     504.368790
     13.883652     508.678889
     13.897723     574.903472
     13.912670     609.341058
     13.923056     645.591836
     13.943820     784.057498
     13.959005     731.639471
     13.967487     675.152663
     13.989736     624.694571
     14.000151     567.786449
     14.011563     431.277587
     14.028682     458.645868
     14.045495     398.116822
     14.057308     392.975695
     14.078502     429.076211
     14.085114     374.565684
     14.104861     423.150627
     14.118347     371.884882
     14.134220     356.963478
     14.149953     374.811744
     14.165917     352.618571
     14.184518     422.947721
     14.196636     368.003448
     14.214058     471.626961
     14.220277     472.602035
     14.238696     432.018968
     14.252274     464.156652
     14.274016     397.627799
     14.280089     516.122032
     14.300075     494.658210
     14.313283     561.899750
     14.330291     619.788112
     14.342080     621.234551
     14.357104     627.969105
     14.379347     668.581438
     14.387324     556.039910
     14.409546     498.217037
     14.418794     443.072368
     14.436587     459.633472
     14.447563     404.238405
     14.466582     430.911471
     14.484454     383.282257
     14.499577     450.127658
     14.507799     326.863294
     14.524018     388.085952
     14.538999     410.049899
     14.556218     434.917246
     14.571535     437.328900
     14.589696     391.483883
     14.600973     394.173193
     14.617810     495.429698
     14.626328     398.355289
     14.647532     432.036504
     14.658027     428.603131
     14.674155     480.239146
     14.688445     517.347988
     14.706782     557.285228
     14.715109     617.813448
     14.732706     654.301922
     14.747080     696.651805
     14.764576     679.667953
     14.779350     667.651021
     14.790326     559.982107
     14.807115     419.118637
     14.826695     417.308483
     14.840688     342.755321
     14.850590     412.408184
     14.870058     341.535214
     14.887241     358.972008
     14.895653     360.787275
     14.917065     321.172958
     14.934425     409.731054
     14.944031     339.188358
     14.955933     407.894065
     14.972568     337.049693
     14.993570     354.532268
     15.003274     328.521995
     15.019201     360.670466
     15.031131     353.888783
     15.047426     428.098722
     15.064968     376.392283
     15.078887     411.709456
     15.098589     414.624673
     15.111753     381.119469
     15.123865     417.652697
     15.137649     395.766655
     15.159502     436.619193
     15.166690     427.787361
     15.188943     366.296736
     15.204495     398.061036
     15.210280     397.751968
     15.229986     364.141613
     15.244954     349.155340
     15.263655     411.908428
     15.278346     378.169172
     15.285452     393.455409
     15.301577     380.234197
     15.319477     340.885428
     15.333105     388.869479
     15.346119     318.380879
     15.365487     332.962514
     15.375783     383.987092
     15.392791     414.850204
     15.405503     415.155283
     15.420062     373.197629
     15.444366     423.474799
     15.457438     389.156221
     15.469663     419.304403
     15.483018     405.134393
     15.497312     403.742170
     15.518792     485.010257
     15.526648     517.764906
     15.546277     504.898920
     15.561282     439.193242
     15.572585     445.749351
     15.585576     418.120264
     15.609258     367.131373
     15.621080     374.263733
     15.635018     375.663081
     15.654912     409.400325
     15.668627     374.939540
     15.680769     376.541583
     15.691161     431.888504
     15.710546     369.606924
     15.720732     446.787461
     15.744787     424.338927
     15.750642     403.099111
     15.770500     503.060371
     15.785003     452.040554
     15.799199     538.947936
     15.819701     511.552691
     15.833605     543.732149
     15.843960     693.344804
     15.856028     733.542522
     15.875310     730.355961
     15.894791     811.521896
     15.903502     792.035363
     15.918928     611.210016
     15.939825     560.479117
     15.953819     484.493409
     15.963408     390.298131
     15.982113     316.097066
     15.997529     347.164649
     16.006672     338.113181
     16.023745     355.580640
     16.042024     323.232778
     16.051113     314.774241
     16.069355     385.122100
     16.081763     304.284871
     16.102457     343.397681
     16.115327     321.437091
     16.129852     372.827756
     16.149358     296.351609
     16.156952     365.380758
     16.172579     303.749346
     16.194947     384.321284
     16.204953     350.752272
     16.217999     385.129233
     16.232714     395.043487
     16.253641     382.207316
     16.268152     391.054278
     16.277828     341.360715
     16.296765     331.443251
     16.309486     318.898764
     16.325336     353.608329
     16.339011     292.529295
     16.359346     313.492605
     16.366978     379.088389
     16.381517     346.788562
     16.402657     291.386893
     16.414187     353.516940
     16.429446     324.995967
     16.441302     305.364905
     16.461968     330.483821
     16.471879     431.172840
     16.487889     452.262499
     16.501836     414.484507
     16.516289     470.370318
     16.535724     460.747798
     16.548716     538.949889
     16.567703     495.497376
     16.575466     544.305487
     16.592195     575.548193
     16.606604     558.808156
     16.625986     533.850350
     16.635938     504.056843
     16.654154     418.075273
     16.667915     383.445563
     16.684129     409.058056
     16.697736     330.763568
     16.717448     389.263568
     16.732393     365.888248
     16.747488     366.425777
     16.755118     287.949486
     16.773431     314.220439
     16.792529     342.479121
     16.809577     365.397154
     16.816899     402.582474
     16.832917     380.702827
     16.853473     449.687747
     16.861273     392.166603
     16.876330     386.544714
     16.899725     476.408961
     16.912610     494.640088
     16.924048     471.514772
     16.944344     525.945155
     16.957917     534.512873
     16.971961     531.763306
     16.982120     461.118093
     17.003752     380.978666
     17.016737     286.722964
     17.034378     311.846841
     17.043078     302.660348
     17.058476     341.716977
     17.070623     306.470739
     17.093822     336.594849
     17.102652     308.971610
     17.120715     253.617945
     17.133344     339.791479
     17.147526     294.248823
     17.163410     357.759585
     17.178284     370.624941
     17.190792     298.295092
     17.212994     298.199944
     17.223324     314.961524
     17.237363     276.949603
     17.254223     353.588098
     17.268366     335.420693
     17.280730     352.923882
     17.300514     339.800227
     17.316339     309.019397
     17.330993     259.922315
     17.340096     355.792431
     17.358276     276.108155
     17.377351     351.360063
     17.390109     343.718009
     17.400759     359.392866
     17.420145     331.349678
     17.430005     324.712710
     17.445011     341.115935
     17.467129     335.309902
     17.482966     385.191172
     17.495550     349.445543
     17.509634     345.611585
     17.521360     365.159181
     17.544508     288.369674
     17.556894     387.444807
     17.573632     418.330828
     17.583023     355.897239
     17.598343     422.472630
     17.613749     460.698491
     17.625482     429.362952
     17.644941     404.311358
     17.664326     315.107690
     17.675458     380.202665
     17.692315     284.109424
     17.700821     314.885859
     17.722735     283.138208
     17.734020     249.370781
     17.751259     299.514325
     17.768106     279.898807
     17.784559     268.354395
     17.798579     311.868888
     17.810675     260.712511
     17.823869     312.533185
     17.836503     294.946304
     17.852348     323.513913
     17.872026     289.398820
     17.886461     387.130310
     17.902461     359.561400
     17.914255     341.695411
     17.934525     382.377767
     17.940228     381.241568
     17.958420     287.878397
     17.973273     329.899764
     17.988696     293.298714
     18.007173     277.705160
     18.022976     323.473379
     18.031128     312.530280
     18.048827     350.692748
     18.063100     249.193066
     18.081028     292.495744
     18.096899     309.359563
     18.114409     256.873572
     18.126425     266.816783
     18.143673     327.499252
     18.156891     290.650605
     18.169431     354.346107
     18.183225     239.259350
     18.196311     319.612197
     18.217880     248.363577
     18.232452     257.227606
     18.249214     330.647267
     18.264195     293.735664
     18.271571     351.601307
     18.292074     298.805717
     18.307680     254.078475
     18.319090     276.871169
     18.333215     335.361016
     18.354962     262.682426
     18.366627     265.478914
     18.382583     285.525671
     18.390567     314.378297
     18.412273     355.515996
     18.425412     279.313491
     18.436199     310.927283
     18.454685     251.758261
     18.467610     227.015133
     18.485874     298.524136
     18.498026     280.695144
     18.518555     273.312795
     18.528900     336.295946
     18.548983     310.044992
     18.563974     286.656093
     18.578442     247.277248
     18.592922     236.560677
     18.600030     274.471707
     18.622473     286.740991
     18.634726     253.121213
     18.654430     277.842273
     18.660800     314.087928
     18.683612     295.763925
     18.696760     247.810361
     18.710133     308.089261
     18.728186     351.356403
     18.736933     315.780954
     18.757096     288.022380
     18.768757     307.513938
     18.780915     431.001001
     18.797909     382.523193
     18.814272     337.201788
     18.834036     385.248584
     18.844100     477.490923
     18.858821     436.398592
     18.876101     441.764336
     18.894995     453.647495
     18.902842     441.881877
     18.916067     412.643770
     18.939161     347.036727
     18.948777     315.169636
     18.960444     248.662586
     18.979149     328.021290
     18.990473     310.951830
     19.014338     334.334831
     19.026388     309.641798
     19.037391     333.109695
     19.052530     326.482450
     19.069748     325.737101
     19.082115     336.908507
     19.099043     303.175464
     19.111489     353.600147
     19.133628     385.664784
     19.149794     323.351481
     19.164512     357.727128
     19.170237     337.071984
     19.185069     414.263666
     19.202314     316.190172
     19.221735     332.681217
     19.233588     299.442152
     19.246746     329.048882
     19.268149     285.982384
     19.283493     381.910990
     19.291573     387.842920
     19.312238     329.022022
     19.329927     343.128157
     19.344543     370.259313
     19.357009     309.650012
     19.370160     351.429449
     19.382951     287.053132
     19.396866     369.913286
     19.412176     365.482641
     19.429850     359.834978
     19.448882     479.366235
     19.459570     361.418831
     19.476352     403.018396
     19.489510     515.960635
     19.509029     519.420881
     19.515822     413.205909
     19.531425     397.121594
     19.546205     314.819319
     19.566576     322.850628
     19.582684     337.083601
     19.591600     350.031693
     19.614339     332.283856
     19.629890     377.542802
     19.638258     323.810861
     19.656261     340.132126
     19.673996     281.202302
     19.686198     307.461987
     19.701393     324.050533
     19.712699     331.489793
     19.726974     318.926920
     19.740397     277.980659
     19.760155     297.314847
     19.777579     273.111299
     19.794394     330.751927
     19.802530     336.446014
     19.819520     272.043673
     19.833122     292.797222
     19.848856     296.630223
     19.860246     292.251580
     19.876029     238.844530
     19.897141     291.965208
     19.913530     309.961094
     19.926676     315.701831
     19.935033     284.723737
     19.955435     341.402748
     19.973556     385.004942
     19.980208     374.805270
     19.997896     405.956239
     20.017192     330.685349
     20.033792     367.157628
     20.047920     319.703721
     20.059829     345.603274
     20.073799     432.993971
     20.086326     468.357730
     20.105591     437.820236
     20.115191     375.811060
     20.135106     295.969686
     20.146911     336.085191
     20.168516     265.770339
     20.177747     322.433697
     20.194340     366.244254
     20.208859     351.674179
     20.221981     318.358579
     20.241905     291.147160
     20.253098     314.758016
     20.270385     367.566896
     20.289483     326.129436
     20.296987     293.593162
     20.312269     316.894003
     20.325957     399.687994
     20.344954     349.678697
     20.360277     361.583467
     20.374255     355.418925
     20.389846     380.204728
     20.407118     386.829087
     20.419438     342.319946
     20.434976     323.327122
     20.447548     313.601077
     20.468216     266.322153
     20.475866     353.873405
     20.499436     374.298705
     20.510348     340.983681
     20.522708     347.199688
     20.535478     295.604046
     20.556986     323.032289
     20.574988     338.379193
     20.588514     356.211370
     20.604637     338.612478
     20.617685     412.123041
     20.629234     390.154623
     20.642417     394.243865
     20.664902     421.173288
     20.672391     368.098705
     20.689051     398.037629
     20.706625     381.112919
     20.724246     323.835899
     20.736397     388.263796
     20.750105     335.777387
     20.765871     380.345548
     20.784443     398.803637
     20.790556     414.880900
     20.810311     309.503600
     20.822507     358.016862
     20.840674     320.792331
     20.854428     337.314858
     20.865651     344.338699
     20.889752     440.102208
     20.899639     423.354111
     20.918107     443.825506
     20.925081     489.582447
     20.947515     488.930224
     20.955702     440.875911
     20.975128     425.531602
     20.989120     395.189837
     21.001568     379.212684
     21.016957     366.755664
     21.032657     390.633722
     21.054566     276.991622
     21.064667     287.448489
     21.079365     348.355485
     21.097425     286.411088
     21.105754     289.279075
     21.123542     374.421674
     21.137228     331.736491
     21.159545     314.298989
     21.170617     360.418726
     21.180720     347.345043
     21.197063     312.256650
     21.214788     361.901654
     21.227599     321.188710
     21.240466     279.099793
     21.259607     287.941394
     21.277399     338.448308
     21.292657     326.531409
     21.307312     316.818793
     21.316817     288.297677
     21.337969     329.717524
     21.347994     348.103990
     21.368796     367.644467
     21.378697     339.067645
     21.395378     366.117148
     21.414026     336.067738
     21.423426     364.896427
     21.444396     377.733510
     21.456299     379.813024
     21.465600     474.589977
     21.480018     465.057546
     21.495977     392.905914
     21.515614     348.686230
     21.534527     403.044629
     21.549215     335.188533
     21.556130     373.584668
     21.571773     345.830125
     21.593497     357.229251
     21.609628     310.131780
     21.621977     313.253572
     21.635619     255.730063
     21.651904     286.219891
     21.668780     300.231000
     21.681335     393.042286
     21.696885     310.025932
     21.713221     339.265638
     21.727798     388.503374
     21.738640     361.223568
     21.756047     299.901967
     21.767458     382.682899
     21.781163     286.922625
     21.803365     322.062885
     21.818992     317.043205
     21.826440     293.369336
     21.847352     325.661096
     21.858930     288.976864
     21.873354     326.140885
     21.893649     393.046991
     21.903240     272.306073
     21.917286     349.610838
     21.936167     315.317280
     21.954121     365.446868
     21.963832     357.929402
     21.978754     325.355470
     21.999834     337.765604
     22.006784     387.780891
     22.022135     387.422888
     22.040655     342.954729
     22.052395     372.470978
     22.066412     329.736934
     22.088231     302.175466
     22.098633     314.212507
     22.118184     365.945029
     22.134100     298.399320
     22.142300     353.169327
     22.160267     333.082796
     22.171844     322.364039
     22.190409     377.426045
     22.209023     426.475964
     22.221981     440.043224
     22.239561     438.071454
     22.249418     426.810460
     22.268396     453.528936
     22.284757     456.889832
     22.296610     393.049223
     22.307610     389.570443
     22.327389     378.934236
     22.336399     351.468831
     22.350724     367.317853
     22.366819     315.889796
     22.385436     363.992212
     22.403979     382.492826
     22.412357     293.856326
     22.429014     352.005796
     22.440329     326.004305
     22.463072     383.563139
     22.478067     301.412446
     22.486052     359.289455
     22.503302     348.558975
     22.522941     333.868934
     22.539371     374.855365
     22.554002     295.020478
     22.561726     323.758342
     22.581342     269.003877
     22.592403     310.666756
     22.614748     359.805056
     22.628252     372.212786
     22.636317     307.930280
     22.653094     346.215824
     22.667186     332.909293
     22.686797     319.948847
     22.704073     264.762034
     22.710145     320.232800
     22.725869     311.782475
     22.748124     305.387703
     22.763344     369.961463
     22.772178     383.593976
     22.785018     379.507399
     22.806967     371.618364
     22.817573     382.314681
     22.830473     395.753307
     22.847077     388.503284
     22.862091     353.529435
     22.883752     298.434983
     22.894931     347.119766
     22.910154     279.440454
     22.925912     338.936277
     22.939409     324.850005
     22.950556     233.685542
     22.974941     298.355229
     22.986271     309.491899
     23.001912     298.887468
     23.015115     327.369749
     23.029834     329.472207
     23.040022     240.631180
     23.060113     331.829119
     23.077195     347.625813
     23.091947     308.114401
     23.103020     293.707691
     23.122496     301.885538
     23.134697     259.064414
     23.151362     271.826391
     23.167825     235.468836
     23.181027     300.603252
     23.199508     354.149758
     23.212186     331.942640
     23.222380     274.837854
     23.238500     247.288978
     23.258713     357.744602
     23.265799     325.307100
     23.281912     312.690211
     23.299386     365.282682
     23.314459     368.880722
     23.334982     294.963389
     23.346471     341.346435
     23.364547     262.002604
     23.377120     365.733644
     23.394851     357.908459
     23.408037     299.310635
     23.419195     284.485145
     23.435454     263.794488
     23.446673     267.850947
     23.462402     334.425298
     23.475425     354.325944
     23.490084     345.076797
     23.509163     324.433791
     23.522782     296.830830
     23.536353     386.240537
     23.554903     351.231504
     23.572655     394.723751
     23.582864     346.286719
     23.600358     414.210036
     23.619950     299.077340
     23.627806     331.373434
     23.646571     355.199807
     23.662417     328.633547
     23.674038     297.789144
     23.690231     286.569796
     23.708487     282.705717
     23.719956     271.611080
     23.737559     301.863345
     23.746865     307.926548
     23.768149     363.825828
     23.780385     308.933407
     23.793368     281.139706
     23.809728     313.061888
     23.820746     306.476080
     23.837825     391.170924
     23.851113     340.955857
     23.874793     364.079151
     23.885737     358.775846
     23.896842     372.841801
     23.912274     294.414550
     23.934790     349.958140
     23.948131     270.971399
     23.960726     348.332420
     23.973082     318.762075
     23.987944     309.729576
     24.007131     367.704220
     24.024378     311.675028
     24.034772     264.359358
     24.048184     353.573857
     24.062027     389.921645
     24.077528     340.766964
     24.099872     262.238295
     24.108589     324.828520
     24.123589     309.398087
     24.143843     300.234760
     24.150841     302.780790
     24.174624     316.892486
     24.181338     252.854427
     24.195272     305.632889
     24.214997     315.877012
     24.228366     274.899535
     24.243026     296.683054
     24.260887     308.667005
     24.270704     278.042486
     24.285754     352.263851
     24.304906     349.885299
     24.322677     276.619853
     24.336559     320.659616
     24.352128     270.882821
     24.369975     328.663656
     24.384293     212.743249
     24.398059     304.917147
     24.409024     266.260078
     24.426460     329.414518
     24.439965     304.376839
     24.452972     288.518641
     24.473192     267.397151
     24.489450     318.880240
     24.496683     353.761677
     24.513935     283.236553
     24.531368     361.061593
     24.548612     344.492034
     24.558368     344.250501
     24.571790     263.391176
     24.587582     324.464264
     24.601983     274.080327
     24.619480     312.980494
     24.633528     296.622334
     24.645512     314.773876
     24.665419     280.753620
     24.679213     278.877793
     24.691359     280.757299
     24.708746     320.607919
     24.721913     327.410819
     24.741672     284.137110
     24.759772     276.568403
     24.768767     255.386133
     24.780182     328.336330
     24.801226     257.710719
     24.813967     286.632143
     24.830449     325.927104
     24.849956     307.635960
     24.861899     298.185320
     24.875984     308.288025
     24.893328     299.869726
     24.901143     290.091773
     24.923554     342.390256
     24.937554     355.266894
     24.945776     429.571475
     24.968048     367.495222
     24.982236     392.520828
     24.993796     392.013174
     25.012310     456.386839
     25.023972     460.194212
     25.036974     401.075065
     25.058198     431.085482
     25.069548     426.320528
     25.084009     375.665504
     25.100341     320.311200
     25.110878     370.045022
     25.131753     320.192689
     25.144618     293.456484
     25.157471     310.657617
     25.174188     334.215329
     25.187524     360.619248
     25.201688     355.210543
     25.216750     368.194377
     25.237378     415.434699
     25.251845     319.430726
     25.263306     383.853421
     25.281416     375.086684
     25.293782     267.666677
     25.311967     319.390094
     25.323393     298.737747
     25.337484     288.668155
     25.353593     321.439614
     25.368001     301.230658
     25.385237     338.819165
     25.401483     250.879057
     25.413873     252.273392
     25.432024     286.736772
     25.442280     312.470649
     25.462326     309.750950
     25.474965     336.069962
     25.488540     285.162770
     25.502694     274.545689
     25.523008     299.919530
     25.539698     238.829245
     25.550658     265.643278
     25.561461     293.887001
     25.581046     284.036265
     25.592936     297.660619
     25.608030     318.735536
     25.627591     310.004214
     25.643327     303.489437
     25.658698     260.700034
     25.667492     247.707742
     25.687813     291.598248
     25.697424     332.713997
     25.714115     341.056535
     25.731036     361.510023
     25.742578     321.161648
     25.764849     298.949331
     25.778645     246.510987
     25.790715     371.938621
     25.804552     345.417651
     25.817074     323.984200
     25.839688     300.592084
     25.846026     279.936272
     25.868869     337.710850
     25.882570     353.565925
     25.899280     301.852304
     25.911545     321.832798
     25.920908     336.139969
     25.939665     374.857526
     25.958564     281.443923
     25.972212     346.731493
     25.983606     268.870881
     25.997298     252.395604
     26.018558     220.117894
     26.026922     305.731270
     26.046816     328.493572
     26.056006     320.340630
     26.076090     318.692900
     26.089126     318.171524
     26.104117     260.445148
     26.115272     290.299372
     26.131505     314.024377
     26.153040     351.145630
     26.160624     311.847332
     26.180734     310.767608
     26.195132     296.202878
     26.208437     359.343853
     26.226048     384.926672
     26.239929     352.430380
     26.255832     347.236668
     26.266038     264.339121
     26.284265     300.210777
     26.295282     325.359240
     26.319807     324.868096
     26.334280     303.901167
     26.343427     374.585653
     26.359497     269.223344
     26.373429     290.244890
     26.391395     321.270697
     26.401006     349.550559
     26.424161     282.671167
     26.435878     341.656363
     26.445289     346.246531
     26.461757     350.614690
     26.483979     309.769544
     26.494648     363.319407
     26.514195     315.225074
     26.524932     273.407728
     26.535387     326.794222
     26.551624     324.439510
     26.572646     356.486351
     26.580248     345.629898
     26.599324     363.031269
     26.616232     295.694052
     26.629562     383.991860
     26.646195     323.290852
     26.660974     287.506823
     26.674508     339.021612
     26.690149     308.990823
     26.703718     276.546309
     26.719412     266.181028
     26.739599     274.778044
     26.754357     349.787038
     26.762014     308.221996
     26.778745     259.717640
     26.799210     263.189213
     26.813135     294.211256
     26.821241     318.740493
     26.838935     316.959520
     26.856804     303.879233
     26.868798     297.008814
     26.888789     266.089051
     26.904242     309.253933
     26.914702     310.434071
     26.934987     287.683275
     26.940034     396.218717
     26.956947     319.252480
     26.970193     296.659262
     26.993693     348.200505
     27.002750     330.160352
     27.023902     353.735081
     27.035188     337.273151
     27.049549     336.284232
     27.064803     312.653924
     27.078538     296.131229
     27.095296     365.830234
     27.113942     296.017311
     27.129555     344.730440
     27.139303     285.173082
     27.151272     260.208024
     27.168871     341.968758
     27.188656     307.151393
     27.203586     333.130643
     27.214301     264.986871
     27.234143     361.117375
     27.242149     341.911972
     27.262360     341.583515
     27.270266     258.376693
     27.285771     359.649233
     27.300064     258.502789
     27.315272     309.058903
     27.333046     309.789867
     27.347826     318.099007
     27.365457     267.803036
     27.375838     270.005729
     27.390032     328.059254
     27.406183     320.197343
     27.422189     329.143718
     27.435087     298.775816
     27.458247     366.594407
     27.472794     297.335984
     27.489556     330.000640
     27.502850     303.736142
     27.510114     303.109103
     27.529242     283.344061
     27.540157     269.510172
     27.561672     250.667702
     27.574110     307.860521
     27.589548     287.080718
     27.602540     300.422549
     27.621462     305.850740
     27.632863     285.319234
     27.647781     325.665079
     27.668257     336.660117
     27.675034     347.743591
     27.699184     351.995038
     27.705438     340.554128
     27.729250     315.941078
     27.743406     276.982571
     27.759607     318.189243
     27.772873     364.689785
     27.784295     328.721796
     27.800259     244.261812
     27.819307     312.735402
     27.825126     257.292993
     27.840254     271.365941
     27.855203     288.152292
     27.872197     338.308830
     27.893512     313.112216
     27.906918     374.602499
     27.917046     398.998668
     27.938303     334.452412
     27.950270     305.134847
     27.960943     349.108418
     27.984547     353.964994
     27.995963     321.884496
     28.008045     329.877294
     28.029540     289.570327
     28.044709     290.758238
     28.051027     359.896533
     28.074853     326.778754
     28.088032     290.785889
     28.097304     323.676528
     28.113083     274.084738
     28.131110     346.617398
     28.144715     267.315102
     28.163230     295.412445
     28.171829     303.408740
     28.191737     308.530004
     28.204015     261.176930
     28.224752     267.548298
     28.239218     283.539887
     28.250226     276.044258
     28.269615     348.631392
     28.275369     300.315377
     28.290419     277.383053
     28.314165     315.059614
     28.320795     329.918997
     28.343292     269.395497
     28.357790     342.363145
     28.366578     281.802745
     28.384542     322.596980
     28.398967     324.198833
     28.418071     379.304362
     28.433202     370.657878
     28.441549     348.792295
     28.462906     369.334336
     28.470171     433.459016
     28.491577     397.539368
     28.501065     355.126877
     28.515700     372.720180
     28.531717     448.497244
     28.546835     437.278087
     28.563330     354.712678
     28.580093     405.190288
     28.597193     403.400463
     28.613404     330.077150
     28.620243     356.882008
     28.636702     398.134122
     28.658428     328.153732
     28.667382     340.508823
     28.680399     349.782246
     28.697768     315.496001
     28.712535     335.677444
     28.725734     289.076226
     28.745734     254.936815
     28.759914     271.233387
     28.772409     277.421153
     28.786463     354.596509
     28.803039     335.847909
     28.824656     351.874507
     28.832538     335.493479
     28.847158     350.221435
     28.861033     333.617212
     28.876123     320.937926
     28.894030     375.154333
     28.913055     338.395458
     28.921684     401.088523
     28.940661     370.104342
     28.954541     337.412099
     28.969445     345.885513
     28.984062     307.435699
     28.999077     387.970381
     29.012819     350.070566
     29.029908     372.912565
     29.048917     336.870783
     29.063056     278.264305
     29.079892     334.400401
     29.085594     334.839930
     29.102222     335.064664
     29.121227     351.246013
     29.139402     344.597642
     29.150020     327.569458
     29.164189     339.042607
     29.178194     296.210495
     29.196076     293.859809
     29.207099     305.322132
     29.224328     347.608943
     29.241298     351.049963
     29.250447     293.595385
     29.271221     313.630271
     29.285291     247.264397
     29.296269     309.124386
     29.310942     319.257370
     29.332775     319.865574
     29.341066     269.296493
     29.358613     255.830912
     29.376937     294.416929
     29.393171     271.583571
     29.402930     326.017062
     29.423712     312.302063
     29.437624     301.808627
     29.453564     303.880917
     29.465560     321.381982
     29.477909     267.720686
     29.492201     301.776956
     29.511820     335.777329
     29.523352     271.805006
     29.541751     338.927589
     29.558149     324.191512
     29.570873     323.942688
     29.580269     296.340328
     29.600984     363.442382
     29.618608     313.312854
     29.633443     263.644774
     29.645725     249.245183
     29.662610     253.958695
     29.674023     290.724703
     29.688445     293.205715
     29.706323     339.983942
     29.724362     286.592612
     29.737057     252.726432
     29.752813     328.716839
     29.768458     317.118560
     29.778081     336.556067
     29.795162     268.638421
     29.814500     240.876131
     29.825009     338.396098
     29.840078     291.922471
     29.850276     343.127223
     29.870448     256.124946
     29.888169     322.732097
     29.904034     294.514888
     29.911106     332.770040
     29.925629     317.915259
     29.946452     245.756439
     29.963239     245.728340
     29.979390     322.217960
     29.993349     301.049082
     30.008440     321.129609
     30.016713     325.714258
     30.034550     266.224734
     30.051558     328.793854
     30.061723     214.589458
     30.080221     223.294851
     30.098762     316.088735
     30.114201     344.529362
     30.128293     226.661177
     30.143428     296.215567
     30.153163     319.412259
     30.166519     326.636536
     30.187314     291.073439
     30.199793     306.970300
     30.216960     243.464896
     30.228817     333.531097
     30.243234     319.537938
     30.255745     278.919092
     30.273536     331.653077
     30.289683     302.571179
     30.301659     226.714590
     30.321250     275.929725
     30.335533     285.497423
     30.346064     300.789788
     30.367629     316.500770
     30.384363     322.375345
     30.393633     263.873500
     30.410732     259.534293
     30.429551     302.648562
     30.442775     298.041260
     30.451645     314.165600
     30.465866     241.996018
     30.480504     315.110211
     30.503126     345.215404
     30.518500     287.102489
     30.525374     282.070621
     30.546147     287.325044
     30.557102     325.326425
     30.574507     294.862705
     30.587623     291.058451
     30.605658     240.435316
     30.618078     300.938736
     30.632219     259.973828
     30.649428     254.419312
     30.668661     306.486065
     30.680810     260.879763
     30.699820     272.989879
     30.705551     326.698032
     30.726203     272.817245
     30.740065     282.485959
     30.751683     276.193854
     30.766173     300.926633
     30.780495     350.289561
     30.795318     313.879998
     30.811464     261.149604
     30.827502     312.484577
     30.840794     255.804180
     30.863038     271.929968
     30.870984     300.440351
     30.885567     287.825434
     30.908436     278.868571
     30.922957     325.894286
     30.937649     281.827458
     30.945521     311.267320
     30.964662     319.396081
     30.976817     316.165681
     30.992802     324.677211
     31.010113     331.538993
     31.028797     275.168347
     31.041201     315.332779
     31.050453     305.040381
     31.073823     248.195972
     31.089126     294.758099
     31.095092     316.596878
     31.110740     331.076844
     31.129337     296.204726
     31.140643     278.605567
     31.159368     265.095531
     31.172885     261.661320
     31.186901     317.907692
     31.207521     266.414623
     31.215822     272.995344
     31.236313     255.962020
     31.251431     271.110657
     31.264461     296.221120
     31.281872     272.814454
     31.292539     306.210717
     31.313002     301.966420
     31.322563     334.655151
     31.336371     289.832487
     31.356818     242.886422
     31.369692     295.091651
     31.383791     259.460940
     31.395938     213.656554
     31.416605     282.275126
     31.433662     290.746244
     31.440190     315.835504
     31.460186     264.224953
     31.473517     309.773590
     31.494834     314.635543
     31.500714     354.660329
     31.515385     261.038634
     31.530691     290.034214
     31.545511     351.670006
     31.563808     279.729414
     31.582471     248.428967
     31.592788     263.882869
     31.608231     237.251692
     31.629433     341.433787
     31.643410     297.943477
     31.658323     291.591645
     31.667617     305.794904
     31.684785     226.455394
     31.700483     250.594966
     31.719508     319.803781
     31.732939     329.079580
     31.742772     280.256479
     31.761405     233.247875
     31.778831     259.984611
     31.786704     344.145142
     31.802964     275.030817
     31.822030     321.526446
     31.832932     256.719137
     31.852144     316.825207
     31.860712     297.152357
     31.875650     336.223889
     31.891991     310.978317
     31.912756     322.157745
     31.923019     318.003795
     31.943671     319.402838
     31.955027     299.865616
     31.974356     291.395406
     31.986790     281.689490
     32.000380     260.250167
     32.019199     327.270854
     32.026227     309.429351
     32.043947     341.611431
     32.063898     339.741126
     32.073067     278.169443
     32.093203     326.710295
     32.108087     300.889001
     32.119039     272.771313
     32.135921     273.633997
     32.146520     304.448571
     32.163995     289.408560
     32.178314     280.416777
     32.196618     276.439930
     32.213505     283.135041
     32.223602     263.040465
     32.243215     288.550312
     32.257437     270.430353
     32.274647     253.734661
     32.285411     305.771702
     32.299724     325.853501
     32.314904     296.253347
     32.330310     213.179128
     32.344963     312.651630
     32.364083     312.632670
     32.375752     300.588161
     32.393545     275.023332
     32.401201     265.363231
     32.418275     252.766689
     32.436741     273.193031
     32.450650     252.665101
     32.460601     307.333264
     32.482480     320.791825
     32.494869     278.172988
     32.508062     283.816470
     32.521797     298.169805
     32.540154     304.805695
     32.556634     290.734629
     32.571205     278.397176
     32.585623     292.818737
     32.597700     328.803502
     32.612645     359.314935
     32.628961     317.018486
     32.647266     331.287634
     32.662827     263.892772
     32.678404     288.520742
     32.692037     279.087649
     32.707632     319.860675
     32.716543     346.123241
     32.736611     315.839941
     32.754322     285.116615
     32.764391     275.425745
     32.784394     251.176105
     32.797862     346.389295
     32.813219     332.554880
     32.827835     262.066282
     32.841269     314.695201
     32.850733     225.240045
     32.870284     320.347602
     32.886740     232.206044
     32.904105     336.392634
     32.910729     297.378376
     32.933662     327.955076
     32.943673     287.118678
     32.959911     253.753250
     32.977875     263.450402
     32.991208     273.141163
     33.001565     242.948645
     33.015406     271.308742
     33.032132     264.933622
     33.049920     265.270844
     33.061125     320.285147
     33.083225     269.066458
     33.094486     279.840204
     33.106463     279.706564
     33.126732     279.654884
     33.135365     247.424540
     33.151177     326.061116
     33.172044     296.620147
     33.186420     265.399407
     33.200990     238.111896
     33.213317     234.993535
     33.229220     272.209587
     33.246373     219.718302
     33.262459     255.755218
     33.276821     271.606354
     33.291885     246.087035
     33.303657     258.470555
     33.316173     288.611048
     33.336011     281.829116
     33.351938     313.331257
     33.365396     236.682115
     33.376087     252.733275
     33.392993     284.604164
     33.406477     325.275962
     33.422555     301.187973
     33.436074     288.302689
     33.452453     265.981041
     33.474288     280.084786
     33.484268     234.349318
     33.501468     239.073291
     33.516652     284.220052
     33.529021     262.124733
     33.542090     226.356061
     33.562414     231.369148
     33.572464     286.796609
     33.586499     338.614027
     33.608181     230.790161
     33.621834     336.779480
     33.636615     284.418353
     33.648873     258.518344
     33.664429     315.498537
     33.679507     297.443874
     33.698462     309.638393
     33.712142     289.467529
     33.725637     293.900900
     33.740371     327.218091
     33.758977     330.439074
     33.774603     242.311938
     33.784786     225.700118
     33.799858     301.083798
     33.810801     297.544271
     33.826978     316.592761
     33.846318     296.535085
     33.856994     248.449671
     33.871909     227.490399
     33.891423     281.523006
     33.902069     283.062250
     33.915427     277.712562
     33.936402     339.344539
     33.945054     267.395543
     33.960839     332.413114
     33.981936     290.370721
     33.994667     255.397709
     34.014392     292.879183
     34.026242     315.980324
     34.042587     319.468066
     34.057236     251.634464
     34.070816     285.430051
     34.081896     314.965474
     34.104759     272.920736
     34.111926     320.077805
     34.131054     266.711771
     34.142974     269.444161
     34.161881     264.275618
     34.174954     250.895364
     34.185669     232.473812
     34.200984     257.003591
     34.216042     250.792492
     34.235397     286.424093
     34.251482     290.885331
     34.262601     304.699593
     34.282804     281.544377
     34.292949     224.137741
     34.312684     274.219745
     34.329234     288.454164
     34.341494     259.118815
     34.357855     277.505324
     34.370388     249.817132
     34.386095     281.723358
     34.403508     236.443653
     34.414021     285.184584
     34.428975     227.577681
     34.444746     224.741134
     34.460910     281.868508
     34.478218     250.643123
     34.485722     343.286964
     34.504235     232.855015
     34.519741     228.147081
     34.537485     265.806060
     34.548059     247.705600
     34.561919     295.142535
     34.582472     284.833605
     34.597428     263.706240
     34.605438     255.362497
     34.629311     320.073482
     34.638635     223.362280
     34.651411     310.318042
     34.668666     276.117216
     34.685987     266.097513
     34.700318     334.664807
     34.713579     247.946483
     34.726039     294.183961
     34.746186     284.579723
     34.764111     257.683844
     34.778063     255.821508
     34.794576     339.027773
     34.803277     287.884082
     34.818034     246.245896
     34.833243     244.576641
     34.846729     337.570442
     34.861695     314.076751
     34.881864     267.126528
     34.899913     248.887124
     34.909951     272.441274
     34.926155     290.182116
     34.941306     277.875233
     34.951002     253.959771
     34.974685     240.530922
     34.983160     239.117541
     34.998846     293.847507
     35.012711     245.497374
     35.034742     268.399370
     35.049263     313.535001
     35.056520     270.996532
     35.073408     287.718629
     35.094468     225.756884
     35.104955     277.594817
     35.122073     274.324842
     35.134991     299.141083
     35.154509     238.091175
     35.161879     224.282807
     35.183083     235.597601
     35.199469     274.541250
     35.212918     263.841506
     35.221825     257.164857
     35.240991     284.275889
     35.258479     272.120789
     35.267080     255.705819
     35.287468     202.851024
     35.304393     256.623206
     35.310564     274.016951
     35.333373     221.689655
     35.345381     260.902655
     35.362657     240.608525
     35.373309     273.510659
     35.390059     237.263557
     35.401873     205.019595
     35.422026     232.104493
     35.437944     293.773023
     35.453010     304.253236
     35.462892     237.368655
     35.478016     284.243297
     35.499995     214.676142
     35.508742     225.256682
     35.524831     293.693533
     35.536912     288.919345
     35.557515     249.687610
     35.566545     292.134955
     35.589928     299.829173
     35.604541     258.605841
     35.619992     271.900282
     35.630764     220.804187
     35.645410     225.592656
     35.656804     210.304910
     35.672406     269.117667
     35.685749     277.766332
     35.701161     254.301672
     35.724670     221.299058
     35.737883     303.298251
     35.745590     193.473824
     35.764093     306.403248
     35.779353     199.320260
     35.792872     265.581595
     35.810940     218.648429
     35.827461     335.305739
     35.836850     297.601260
     35.858078     223.146538
     35.873049     281.787065
     35.885867     309.664721
     35.896912     212.646893
     35.914585     293.080681
     35.932571     281.616592
     35.940799     272.672223
     35.958621     203.312199
     35.976712     265.685373
     35.992060     229.907806
     36.002514     290.942868
     36.021557     221.729933
     36.036953     195.681069
     36.046806     255.530111
     36.067790     274.032019
     36.076439     219.068434
     36.096164     275.249610
     36.112434     313.262761
     36.125748     250.510865
     36.143851     214.880683
     36.157519     310.624562
     36.166436     285.927714
     36.181381     238.064728
     36.198558     226.945321
     36.219578     218.304948
     36.232522     285.480784
     36.240408     224.043016
     36.262854     289.067618
     36.272120     294.912107
     36.285822     234.706680
     36.302484     257.913588
     36.323685     275.492900
     36.331797     298.473692
     36.353033     288.850605
     36.367697     252.592150
     36.380807     213.461891
     36.390832     251.796531
     36.413122     300.152861
     36.420892     306.088602
     36.438733     257.078969
     36.451617     299.595729
     36.465527     212.052319
     36.487715     253.827374
     36.500048     233.314244
     36.515419     251.845391
     36.528423     257.608033
     36.544031     283.197010
     36.557785     233.822424
     36.571110     279.773837
     36.589323     248.975223
     36.608992     232.005489
     36.620982     213.182193
     36.636745     270.435111
     36.647309     259.771630
     36.660105     214.855253
     36.680861     244.539619
     36.699686     249.793815
     36.714458     213.158520
     36.723142     247.742274
     36.741026     278.795234
     36.758814     230.016381
     36.769440     232.517011
     36.789148     245.539535
     36.804315     240.282347
     36.816036     243.242678
     36.825160     237.991141
     36.844553     257.660312
     36.856080     268.473952
     36.878792     256.149040
     36.892348     216.508348
     36.905318     194.597493
     36.917710     233.554054
     36.930253     244.480467
     36.950965     267.084864
     36.961752     253.830613
     36.982592     294.212372
     36.998755     234.468497
     37.013053     293.444078
     37.029960     287.898199
     37.036326     246.348723
     37.058269     185.924130
     37.073825     300.954180
     37.086350     258.540683
     37.103025     245.673420
     37.110437     279.555456
     37.132917     280.253358
     37.146785     208.942913
     37.163824     245.011035
     37.179366     277.460140
     37.186424     289.695682
     37.201571     227.837417
     37.223424     303.941931
     37.232704     280.836923
     37.254660     313.210368
     37.269891     286.913926
     37.275172     292.196554
     37.295169     288.031835
     37.309504     327.388824
     37.325985     345.762003
     37.335312     241.570819
     37.358451     223.787659
     37.372848     294.006081
     37.381046     280.143516
     37.396623     269.031483
     37.413425     253.635882
     37.430978     217.174960
     37.440171     287.943984
     37.456200     260.669282
     37.471080     221.859260
     37.493203     235.319940
     37.505575     235.012301
     37.519956     215.262152
     37.535855     232.475834
     37.545219     267.504144
     37.569029     280.167580
     37.577030     257.541527
     37.593164     234.156493
     37.614392     237.617942
     37.621308     342.947158
     37.639464     289.780449
     37.653104     197.763401
     37.666231     245.450563
     37.688643     301.118571
     37.695512     259.130100
     37.719146     254.601747
     37.726548     266.011289
     37.746365     276.430352
     37.758095     201.264656
     37.774443     252.247032
     37.794083     261.512084
     37.804808     206.117383
     37.821359     238.771385
     37.832032     243.111322
     37.849954     301.384332
     37.866511     207.862881
     37.884522     200.358988
     37.896415     219.809406
     37.906139     262.462020
     37.922191     209.474244
     37.938124     232.783739
     37.956835     203.865029
     37.968572     219.558002
     37.988986     232.453275
     37.996960     225.527148
     38.012118     271.142814
     38.034113     192.980070
     38.049045     293.559008
     38.059108     210.406314
     38.073713     261.170246
     38.094871     179.735412
     38.107223     277.611254
     38.121846     195.030417
     38.135157     224.513224
     38.146673     195.294324
     38.168752     251.527742
     38.179661     197.560081
     38.192875     267.545980
     38.206979     260.364680
     38.221038     253.562602
     38.242487     273.597098
     38.252077     187.806983
     38.267504     220.593681
     38.286433     221.550508
     38.301717     241.850898
     38.316540     280.908061
     38.330841     265.946809
     38.348103     209.352833
     38.359237     211.816893
     38.370564     272.811619
     38.391268     274.550660
     38.400791     245.209757
     38.417973     248.965467
     38.432648     247.461122
     38.450140     255.225820
     38.464228     277.476340
     38.476097     200.690542
     38.491462     270.471743
     38.506558     221.184513
     38.526329     228.800960
     38.535094     266.570953
     38.559244     275.945931
     38.570068     283.294893
     38.583242     249.595625
     38.595964     208.529056
     38.613233     209.598166
     38.634983     250.368606
     38.648084     239.030617
     38.655604     241.051423
     38.672026     284.076320
     38.686958     319.847745
     38.703619     179.656534
     38.724926     193.101428
     38.734542     172.611805
     38.746647     268.690998
     38.760930     216.995350
     38.776474     220.556363
     38.790089     242.647411
     38.811883     175.160574
     38.820618     223.731201
     38.843869     217.978024
     38.855366     235.483742
     38.870128     265.098552
     38.886509     224.174054
     38.902533     206.472853
     38.917998     237.687564
     38.925735     259.954263
     38.941676     243.188415
     38.960989     265.456818
     38.979025     226.240686
     38.985155     207.487027
     39.003941     182.555386
     39.015576     240.511228
     39.032386     234.428985
     39.046496     244.193271
     39.060866     271.079245
     39.080040     215.420076
     39.096524     205.308390
     39.108010     282.274373
     39.120420     251.962254
     39.136215     194.136905
     39.159515     251.702030
     39.165228     297.019494
     39.187973     256.477854
     39.201502     295.748812
     39.216457     210.320294
     39.229800     246.838021
     39.245816     277.528126
     39.261435     257.582574
     39.272406     246.961132
     39.294020     239.567918
     39.306128     246.809244
     39.323861     258.872127
     39.333907     223.167857
     39.349060     235.789980
     39.368302     227.715760
     39.384351     261.450706
     39.392278     203.933475
     39.406695     262.006927
     39.421949     312.344717
     39.437210     196.009099
     39.453369     249.564222
     39.473692     231.489068
     39.482376     261.619273
     39.502796     260.074426
     39.510920     279.594274
     39.533246     243.043207
     39.545038     229.349962
     39.557386     276.482678
     39.577673     313.680226
     39.586656     219.852406
     39.602038     276.146342
     39.623871     281.054068
     39.637915     251.939403
     39.648074     192.541819
     39.665226     252.925081
     39.680960     234.791498
     39.694904     274.225406
     39.712749     199.498806
     39.724465     309.837149
     39.737719     216.050693
     39.752248     313.574096
     39.771821     280.413276
     39.781347     273.852643
     39.796051     254.245290
     39.813805     220.225307
     39.827484     294.514795
     39.844959     237.156003
     39.855600     196.889562
     39.876003     246.359013
     39.889788     266.450380
     39.909371     226.381759
     39.918648     277.092112
     39.939752     286.545234
     39.954647     231.917328
     39.964653     256.359085
     39.980008     198.974488
     39.997872     292.125655
     40.006461     254.079872
     40.020132     197.976756
     40.040174     218.244654
     40.051762     255.015766
     40.072106     209.500059
     40.086918     243.834472
     40.104863     233.714334
     40.111533     302.876764
     40.125119     223.527184
     40.142728     243.886100
     40.157601     194.910791
     40.174015     237.024674
     40.191083     229.064833
     40.201226     287.758280
     40.218039     257.301746
     40.237907     293.815173
     40.252701     273.132044
     40.264538     212.427828
     40.282869     263.412120
     40.298167     250.330905
     40.308427     250.600025
     40.326938     298.343979
     40.344284     281.184823
     40.353056     242.926504
     40.370424     253.654313
     40.388465     228.971956
     40.400294     198.771731
     40.412030     189.594081
     40.430127     213.957809
     40.444854     225.382113
     40.463826     274.890821
     40.476774     263.031841
     40.491205     218.567138
     40.504764     287.487271
     40.524160     261.889031
     40.535303     298.769941
     40.554769     249.024194
     40.567871     271.842444
     40.576517     282.584161
     40.595527     194.005296
     40.612607     241.500456
     40.624658     262.670917
     40.640163     238.808515
     40.659058     226.134676
     40.671384     223.943131
     40.683240     218.939828
     40.702272     224.408825
     40.718222     238.214766
     40.733674     306.157391
     40.748340     285.590007
     40.764571     246.290516
     40.778759     206.509158
     40.792452     234.327611
     40.803922     221.057037
     40.819201     192.637592
     40.836931     232.179211
     40.850506     226.967774
     40.868607     298.464319
     40.884236     256.084416
     40.895218     258.259565
     40.908273     214.956528
     40.923236     216.531833
     40.939837     228.334703
     40.950990     205.385577
     40.971278     272.994644
     40.985598     285.459501
     41.001357     263.248989
     41.015327     208.799132
     41.031574     197.137155
     41.049695     206.008572
     41.055547     236.434068
     41.072695     307.249168
     41.093355     287.999692
     41.100370     232.949202
     41.116068     223.962576
     41.136314     233.930383
     41.149168     293.727662
     41.160220     305.258762
     41.182571     277.136752
     41.190317     233.814677
     41.205771     281.015719
     41.220161     222.548781
     41.237246     215.050939
     41.255403     237.584565
     41.274504     270.183912
     41.286710     283.630087
     41.297965     215.508080
     41.310510     203.456851
     41.332320     223.628240
     41.345414     215.355088
     41.357137     262.087236
     41.378470     217.480981
     41.390644     247.436517
     41.403677     261.025558
     41.415925     249.155484
     41.433308     234.336826
     41.447681     271.440547
     41.469435     255.320596
     41.483069     280.010077
     41.499374     203.567924
     41.505221     261.671756
     41.523603     299.170892
     41.539190     236.087437
     41.555716     238.517331
     41.571392     282.015274
     41.581456     211.608017
     41.602647     229.282056
     41.612497     202.136198
     41.630096     214.396506
     41.646846     210.665807
     41.661007     274.165275
     41.676255     271.590453
     41.686921     274.299607
     41.706014     263.430493
     41.718185     165.421396
     41.733295     208.745393
     41.748655     280.388026
     41.761211     203.668045
     41.783688     259.989169
     41.791291     292.253743
     41.808758     230.154431
     41.829655     212.688229
     41.835287     244.432399
     41.853977     267.551353
     41.870093     202.488527
     41.884181     210.184432
