      2.001359      48.053923
      2.013934      13.894044
      2.034377      33.301698
      2.044233     -38.817602
      2.057264      34.194962
      2.070747      37.552589
      2.094580      53.287691
      2.106346     -27.698445
      2.118643     -12.112065
      2.138015       4.536812
      2.154989      -0.709641
      2.162995      89.184436
      2.177600      90.378027
      2.195511      75.297494
      2.206653      41.368541
      2.221229     139.548444
      2.235483      87.705672
      2.254363     131.700663
      2.273591     217.291585
      2.283130     181.437545
      2.301890     226.581727
      2.310411     212.244752
      2.333891     309.107250
      2.344620     308.995780
      2.361940     319.526429
      2.375248     366.717600
      2.393921     435.774799
      2.406479     402.838951
      2.423525     377.427953
      2.431231     407.024956
      2.449606     454.730956
      2.466590     502.263872
      2.478132     501.660249
      2.498349     530.484144
      2.512818     572.664605
      2.527968     531.685660
      2.544740     503.187301
      2.559310     552.521470
      2.567741     574.087681
      2.587055     531.032899
      2.597446     539.158012
      2.613448     611.345124
      2.627934     619.318080
      2.646896     629.712302
      2.662378     636.355771
      2.674294     604.210826
      2.694842     651.125125
      2.709135     630.988292
      2.722962     598.570163
      2.739214     680.800584
      2.751119     634.353668
      2.764883     719.835517
      2.784065     686.204616
      2.793221     720.896535
      2.807272     805.201184
      2.821437     701.713965
      2.844047     738.128510
      2.853458     742.238395
      2.873380     855.036011
      2.881007     893.549792
      2.898802     865.321832
      2.918186     873.459774
      2.933728     881.043567
      2.945027     931.760227
      2.955751     946.185522
      2.976381     918.897518
      2.993018    1028.150215
      3.005913    1017.277183
      3.023648    1038.965914
      3.035017    1112.760014
      3.047905    1075.326171
      3.065208    1154.716161
      3.082653    1228.479177
      3.099818    1254.681958
      3.109745    1196.902517
      3.129217    1305.819802
      3.135426    1382.143259
      3.159275    1482.502669
      3.166326    1501.928584
      3.186392    1526.032590
      3.198370    1715.753724
      3.211709    1818.386252
      3.231869    1952.970213
      3.242998    2094.267782
      3.258015    2122.764969
      3.272067    2309.619826
      3.289212    2614.000242
      3.302743    2905.467404
      3.324871    3303.521147
      3.336990    3961.976916
      3.349025    4563.751454
      3.365925    4964.146844
      3.380972    4100.758580
      3.398485    2156.070309
      3.414262    1082.105335
      3.420601     657.175878
      3.439883     587.418477
      3.459285     487.752697
      3.470825     458.440207
      3.486882     434.108468
      3.504946     437.834162
      3.511010     351.509262
      3.530917     383.697450
      3.545780     365.415553
      3.561105     327.168035
      3.577112     341.055956
      3.589932     340.611712
      3.605894     359.574250
      3.622052     319.577235
      3.631484     316.847081
      3.653418     293.837197
      3.661225     263.490951
      3.679436     344.079436
      3.692023     344.199813
      3.707753     287.658955
      3.720918     383.685624
      3.735916     338.327478
      3.754041     314.329109
      3.774806     350.501854
      3.781673     262.081215
      3.795318     321.087109
      3.811853     386.152038
      3.826010     369.473294
      3.844486     325.198180
      3.859786     292.078698
      3.872353     312.436762
      3.888212     305.477167
      3.902703     386.045024
      3.921262     355.896983
      3.932437     319.833115
      3.951220     277.326926
      3.968089     294.066590
      3.975079     387.140953
      3.995379     388.335090
      4.011623     406.533390
      4.024687     314.798429
      4.044979     338.636518
      4.059443     363.650148
      4.070830     331.103535
      4.086514     347.529174
      4.097535     367.490716
      4.114570     318.466110
      4.125904     355.749991
      4.141031     375.607034
      4.158602     403.102613
      4.172358     352.576173
      4.188882     374.265732
      4.209889     318.106768
      4.222456     331.720118
      4.236355     422.844270
      4.252989     417.579456
      4.268230     379.255243
      4.275355     403.215336
      4.291816     404.014148
      4.308550     450.068557
      4.323226     432.743397
      4.339230     434.196854
      4.350389     458.444300
      4.369063     430.312467
      4.384469     444.157079
      4.400730     392.235089
      4.412937     432.226880
      4.426571     420.628087
      4.440023     477.338225
      4.461542     457.733652
      4.474606     508.870869
      4.485007     468.083103
      4.506190     506.075836
      4.521872     509.142936
      4.535163     523.713726
      4.549320     601.755995
      4.563318     561.756823
      4.577985     647.838614
      4.594443     629.627065
      4.613332     640.348598
      4.629857     705.014147
      4.642222     761.819016
      4.654790     749.673714
      4.667965     840.893179
      4.681344     912.996717
      4.696581     910.808854
      4.710038    1155.864679
      4.725490    1188.470332
      4.745767    1342.362726
      4.755156    1597.897548
      4.777738    1508.638374
      4.785225    1102.202296
      4.802077     702.438887
      4.823640     436.982962
      4.832636     399.653637
      4.846688     388.077136
      4.866968     381.515021
      4.876188     367.655492
      4.892544     381.887290
      4.905333     406.534561
      4.924215     413.584432
      4.936325     345.383534
      4.954265     425.323293
      4.965797     437.997380
      4.984030     362.642986
      5.003005     428.288594
      5.017986     459.106397
      5.033157     459.817932
      5.048423     398.871761
      5.055782     406.832740
      5.072599     436.299047
      5.087396     492.089185
      5.100383     466.613809
      5.120333     465.779120
      5.133877     363.109556
      5.146447     396.887033
      5.166201     426.313039
      5.184435     369.203165
      5.196048     417.228948
      5.207385     423.206384
      5.228733     465.276578
      5.235716     442.569586
      5.251917     398.275902
      5.271097     403.579085
      5.286627     539.372263
      5.302438     537.695817
      5.310374     518.377058
      5.330954     438.965573
      5.345151     487.984356
      5.359044     468.805144
      5.371469     521.733889
      5.391940     481.500838
      5.403063     584.907604
      5.419832     466.282128
      5.431893     535.688995
      5.453951     555.503679
      5.460726     618.348849
      5.477841     580.448884
      5.494383     605.199283
      5.505799     563.780387
      5.526457     663.409889
      5.535534     691.940411
      5.558367     655.319465
      5.573315     740.036567
      5.585973     790.528320
      5.602108     736.213201
      5.615421     774.142578
      5.627718     806.128005
      5.641871     948.157904
      5.655016     881.907981
      5.674215    1019.941753
      5.686296    1046.936179
      5.705469    1013.024507
      5.723341    1152.590617
      5.732131    1250.669684
      5.754395    1406.721401
      5.767240    1536.307389
      5.783481    1702.375118
      5.791195    1940.331315
      5.806058    2298.503385
      5.826272    2828.657246
      5.842822    3067.561298
      5.856035    2469.069694
      5.872711    1645.575028
      5.884000     890.567533
      5.895255     605.675501
      5.917859     537.252533
      5.929463     479.417184
      5.949741     434.160603
      5.964456     465.107082
      5.970709     429.248343
      5.985951     369.091310
      6.007841     384.079691
      6.018323     378.578680
      6.033141     374.859424
      6.045631     342.020057
      6.068797     342.718530
      6.075897     352.403603
      6.094154     381.870587
      6.111471     424.052841
      6.125235     402.353063
      6.135087     423.654377
      6.155733     404.006539
      6.174311     394.839401
      6.182623     432.859305
      6.198161     359.429464
      6.217749     359.458783
      6.234267     427.445157
      6.245087     406.275337
      6.259467     465.759245
      6.270483     448.329897
      6.289744     461.734180
      6.302545     425.125935
      6.318035     395.422817
      6.339139     400.653098
      6.346709     404.047004
      6.369465     374.636953
      6.381726     471.191888
      6.395287     451.008451
      6.409839     408.103172
      6.424799     428.062604
      6.441774     479.353253
      6.450972     465.722013
      6.469051     368.665260
      6.486727     436.056607
      6.503908     429.738605
      6.510923     424.942662
      6.530666     438.675970
      6.543055     479.539960
      6.559354     495.938914
      6.570301     503.796260
      6.593542     479.106964
      6.603308     570.360013
      6.623311     546.776350
      6.637926     596.107281
      6.649129     642.597666
      6.661123     653.835375
      6.684199     660.053401
      6.691235     739.211609
      6.707856     811.496540
      6.727118     915.138633
      6.738769    1026.872162
      6.756075    1095.063280
      6.771133     830.999979
      6.785118     551.853840
      6.801806     477.570015
      6.819055     461.694081
      6.832205     404.865152
      6.849220     383.099364
      6.861836     420.994409
      6.870733     407.107102
      6.889832     401.922620
      6.909711     439.048725
      6.922586     363.004718
      6.930945     416.029155
      6.952006     493.507745
      6.969955     412.197550
      6.976220     419.585056
      6.991440     420.901192
      7.013344     369.018781
      7.022330     394.348891
      7.037899     391.668756
      7.054010     400.985865
      7.070625     399.689206
      7.089302     408.296331
      7.101777     445.432712
      7.118468     411.454809
      7.128011     427.500353
      7.144249     413.281744
      7.160961     406.173739
      7.175016     411.244952
      7.189275     452.010522
      7.209852     471.869930
      7.218228     481.420897
      7.237515     429.474291
      7.248419     509.773962
      7.263613     435.813422
      7.280903     470.888218
      7.296647     527.462203
      7.305324     495.939660
      7.322851     501.164545
      7.335265     577.633266
      7.355656     585.580775
      7.371017     619.062251
      7.381138     637.440983
      7.395463     699.626229
      7.415644     651.709994
      7.428014     731.073208
      7.446199     683.418854
      7.461858     798.578998
      7.472515     922.739696
      7.489611     926.687580
      7.504925    1131.808978
      7.524996    1304.609936
      7.539460    1401.448315
      7.549609    1507.934502
      7.562714    1327.434713
      7.577724     896.537714
      7.594013     633.896863
      7.607358     504.111011
      7.627191     484.291350
      7.635813     494.795777
      7.656710     428.671458
      7.669810     463.394756
      7.680464     439.625737
      7.698925     449.823190
      7.719570     442.306304
      7.726539     451.534600
      7.741546     453.265507
      7.761869     496.554587
      7.770268     468.733326
      7.792385     496.863778
      7.808024     457.511829
      7.821875     439.698253
      7.839910     510.883607
      7.845332     442.830542
      7.861521     510.703227
      7.876401     528.122847
      7.897426     510.372706
      7.913215     557.345484
      7.923691     590.126477
      7.938480     548.602114
      7.952790     540.625241
      7.969428     573.000060
      7.987712     557.528781
      7.999740     623.036134
      8.016145     672.440755
      8.032108     672.709420
      8.040725     639.660014
      8.063018     675.219032
      8.076352     745.307776
      8.094855     724.481893
      8.100832     711.040533
      8.124890     769.858200
      8.136450     824.358373
      8.151431     906.097529
      8.164337    1032.707332
      8.184976    1147.626441
      8.193464    1215.184911
      8.211926    1363.741963
      8.223583    1505.493967
      8.240853    1755.451344
      8.251920    2067.487116
      8.267425    2181.141737
      8.286522    1966.885453
      8.303986    1336.783661
      8.315130     785.611330
      8.333478     563.176106
      8.344918     438.409485
      8.364037     395.598035
      8.379337     440.032953
      8.389982     416.152305
      8.403649     383.227284
      8.421629     415.076983
      8.439599     412.800268
      8.449781     363.573255
      8.467455     420.901911
      8.476052     318.966283
      8.499313     405.103124
      8.512773     345.283758
      8.521972     357.118252
      8.535222     371.782838
      8.555963     360.398897
      8.568658     362.052753
      8.584029     327.583314
      8.601894     330.588657
      8.613512     314.103064
      8.626509     398.763329
      8.643979     328.366253
      8.659449     396.537489
      8.678365     398.132244
      8.689351     355.385404
      8.705758     424.336617
      8.720241     310.421327
      8.732909     352.168652
      8.751153     401.578090
      8.768032     364.259625
      8.778134     418.305400
      8.790916     338.185704
      8.806274     396.871051
      8.823042     426.262971
      8.839195     342.619073
      8.859968     365.852984
      8.867059     447.192291
      8.885466     354.284664
      8.902860     424.267023
      8.918842     511.380217
      8.931775     490.239611
      8.949714     511.483811
      8.955455     439.239470
      8.975437     441.096634
      8.989900     345.351855
      9.007337     332.624675
      9.018756     380.266617
      9.031536     342.613003
      9.048587     349.455413
      9.067161     342.996349
      9.082285     329.763010
      9.098986     314.543521
      9.110540     389.559550
      9.123458     309.594172
      9.137670     315.997262
      9.151393     416.750673
      9.168953     375.179451
      9.188264     434.091466
      9.200591     349.058735
      9.216617     334.686352
      9.233772     328.131158
      9.240900     414.521795
      9.255439     373.823638
      9.270238     337.308245
      9.293496     303.828806
      9.307221     290.766916
      9.316107     296.822489
      9.335020     355.646372
      9.353151     375.546385
      9.362732     321.612484
      9.384314     337.455020
      9.392748     316.350988
      9.414232     318.584330
      9.429005     380.060689
      9.442411     310.441482
      9.454385     302.055903
      9.467205     366.001726
      9.488315     385.509759
      9.498578     425.881496
      9.517047     354.116591
      9.534677     374.511492
      9.546494     369.036976
      9.564300     392.613724
      9.577757     449.849077
      9.586986     387.861183
      9.604101     353.352175
      9.616687     407.359369
      9.635948     330.308518
      9.652161     344.025159
      9.666250     443.193669
      9.682877     342.879435
      9.692403     335.458530
      9.710793     333.499351
      9.720061     374.180792
      9.744454     365.635524
      9.752697     459.897120
      9.773647     389.405283
      9.784791     371.262401
      9.798253     356.188271
      9.811907     362.898219
      9.830221     394.925576
      9.843441     395.251440
      9.861035     420.664976
      9.877831     393.352079
      9.894715     384.208285
      9.907262     405.124673
      9.919163     385.496545
      9.939549     455.232948
      9.951642     477.943847
      9.965440     397.642929
      9.984737     360.752975
      9.995629     467.404976
     10.008286     438.274659
     10.020146     477.211924
     10.040484     483.248963
     10.051823     465.893691
     10.065875     467.046141
     10.080518     568.517748
     10.095916     553.023720
     10.115097     668.014155
     10.129216     647.644644
     10.144336     616.868726
     10.156885     605.607713
     10.173403     474.733573
     10.192374     466.971984
     10.205351     385.894164
     10.221249     342.496762
     10.231250     422.078470
     10.245030     378.532074
     10.262302     351.441227
     10.283167     329.274258
     10.292247     328.551804
     10.312587     374.146996
     10.324214     433.809759
     10.342074     344.570944
     10.352879     356.576049
     10.372448     356.868023
     10.388822     357.837894
     10.398662     363.934138
     10.417641     448.238405
     10.427577     371.692306
     10.448931     342.437706
     10.458648     397.188917
     10.472713     370.737778
     10.490547     376.631746
     10.509971     333.256040
     10.523853     415.000613
     10.539260     434.613649
     10.553334     372.184491
     10.568729     436.825540
     10.578861     440.892349
     10.593790     387.653261
     10.612990     434.378664
     10.624560     441.166040
     10.644829     408.274147
     10.657754     472.334544
     10.673313     431.499803
     10.683759     489.299646
     10.703666     426.381831
     10.713394     427.602652
     10.725858     454.281325
     10.741469     432.676745
     10.763683     413.331044
     10.771513     349.483951
     10.786733     349.881888
     10.806347     430.728480
     10.817480     383.647230
     10.836083     388.214161
     10.848196     400.700546
     10.867533     385.185849
     10.882809     394.217492
     10.899047     431.089570
     10.914838     444.305877
     10.924034     420.593055
     10.944581     474.884249
     10.957325     462.546603
     10.974264     463.998547
     10.985440     437.216445
     11.002068     489.562800
     11.010245     479.936524
     11.029427     458.619644
     11.041198     518.772603
     11.061317     529.552984
     11.078943     538.916410
     11.092750     578.629509
     11.106599     567.529542
     11.115559     638.823010
     11.130284     635.739970
     11.154306     783.624864
     11.160530     789.953182
     11.184437     887.669299
     11.194919     962.295621
     11.214311    1025.869888
     11.228684     947.106708
     11.236511     742.742955
     11.255570     608.693229
     11.271470     531.004185
     11.287526     426.602778
     11.300381     432.829413
     11.314335     412.014772
     11.329035     442.492280
     11.343104     411.952058
     11.362423     388.247792
     11.377184     438.512586
     11.391113     403.122498
     11.402737     411.433165
     11.422042     440.793879
     11.436672     411.061986
     11.452844     369.783545
     11.463156     376.487669
     11.481355     436.809825
     11.490368     371.931515
     11.512895     348.091241
     11.526989     448.859774
     11.542064     486.660491
     11.550838     430.959372
     11.569963     467.735820
     11.586368     509.883182
     11.595163     464.356316
     11.617215     498.422742
     11.633829     486.884384
     11.640827     461.079571
     11.661294     568.422268
     11.673871     534.456870
     11.691016     683.891326
     11.704703     676.625498
     11.717558     634.854155
     11.736311     591.738326
     11.754380     531.019146
     11.764151     411.485984
     11.776332     385.562007
     11.791898     448.911324
     11.805922     368.902157
     11.826439     439.828848
     11.835738     408.283372
     11.854985     380.743574
     11.868215     481.498497
     11.881375     468.121792
     11.902935     423.200202
     11.917354     481.087902
     11.925034     499.566282
     11.946213     520.354297
     11.957151     428.567571
     11.976166     481.186056
     11.994653     543.948564
     12.008608     508.105252
     12.016110     534.230678
     12.030271     507.691844
     12.047546     560.726144
     12.066862     548.931797
     12.079140     616.435210
     12.091596     628.130911
     12.114732     711.319183
     12.122962     749.721347
     12.136256     864.083505
     12.151733     968.053461
     12.168991    1061.532917
     12.188719    1148.412678
     12.197306    1065.637741
     12.216230     990.019682
     12.234797     680.151339
     12.246632     553.181185
     12.262281     502.429061
     12.277637     394.250275
     12.289288     342.862773
     12.300182     435.068487
     12.319385     462.039611
     12.335195     373.997050
     12.346700     368.988490
     12.366443     386.478915
     12.375520     386.481424
     12.393488     404.546011
     12.405350     351.156014
     12.420514     369.287928
     12.443321     351.743036
     12.452530     341.593510
     12.465621     397.800254
     12.484132     396.819810
     12.495150     344.723692
     12.517044     381.990068
     12.533296     415.654796
     12.548649     320.486765
     12.556190     383.110617
     12.571763     357.277410
     12.588184     351.011554
     12.600545     359.229571
     12.620443     397.377710
     12.638021     418.416833
     12.647123     402.417316
     12.660114     355.906710
     12.680686     420.217462
     12.691569     355.944687
     12.714814     331.555269
     12.726377     354.690581
     12.739228     378.324059
     12.752986     350.603243
     12.770915     393.395012
     12.784984     419.432005
     12.802506     413.169406
     12.813540     361.396613
     12.825746     363.282463
     12.848597     359.712006
     12.858973     397.186581
     12.873971     359.523665
     12.887136     313.211010
     12.900751     326.635907
     12.915667     381.528953
     12.937181     440.883729
     12.953760     434.727353
     12.965374     401.256203
     12.977167     405.055629
     12.990619     414.720498
     13.014238     421.997507
     13.023424     385.882275
     13.039904     450.570268
     13.057146     422.269182
     13.066431     504.304007
     13.085786     426.010218
     13.095644     523.270060
     13.113267     482.380160
     13.131615     517.891547
     13.148835     479.015467
     13.163266     407.303513
     13.177762     402.430208
     13.191880     429.654411
     13.209119     399.419559
     13.223226     451.546535
     13.234170     425.407334
     13.252531     412.676833
     13.260601     379.362911
     13.277301     433.239787
     13.299715     421.103846
     13.309956     504.906501
     13.329047     446.112064
     13.337110     488.454874
     13.354393     505.188034
     13.370420     532.735385
     13.383707     558.448142
     13.398604     540.080187
     13.411032     503.270572
     13.433105     623.021109
     13.444575     623.678464
     13.456529     687.465302
     13.472183     725.107271
     13.492553     846.300667
     13.502678     906.814999
     13.521395     879.851604
     13.534089     955.402715
     13.553672     990.128274
     13.564519     836.475036
     13.584665     658.996508
     13.595510     515.803528
     13.607153     384.948410
     13.621944     398.149409
     13.642655     417.943704
     13.651348     477.692299
     13.671104     371.675611
     13.680448     435.899334
     13.698487     447.375229
     13.713135     434.504570
     13.733364     385.904166
     13.743677     471.775154
     13.755574     463.989667
     13.771151     463.695856
     13.792269     489.091927
     13.802307     435.718102
     13.819446     483.939249
     13.831543     403.427154
     13.850210     492.013835
     13.865590     566.327309
     13.884398     521.319183
     13.892077     616.868440
     13.906761     684.241668
     13.926466     615.758028
     13.940756     694.595250
     13.957294     783.054567
     13.969281     651.088152
     13.981827     592.584305
     13.995665     522.916364
     14.014982     414.503536
     14.033718     456.578072
     14.043552     436.142972
     14.057693     430.632674
     14.072837     441.215704
     14.089781     390.974729
     14.106145     394.125973
     14.120736     414.680346
     14.134790     330.995439
     14.149842     413.673857
     14.163317     356.631849
     14.175904     437.475171
     14.197421     405.471964
     14.206055     398.224421
     14.223810     416.124645
     14.240081     419.677815
     14.256750     468.793716
     14.269325     476.374352
     14.285510     438.212790
     14.296987     502.804547
     14.311741     592.614665
     14.332090     560.533971
     14.343133     616.719684
     14.357978     706.348447
     14.375939     634.254650
     14.386829     539.706607
     14.408872     508.703513
     14.417987     427.001547
     14.439220     403.160664
     14.448825     379.003010
     14.460759     379.746289
     14.484481     389.907795
     14.495795     411.269062
     14.510482     339.706875
     14.521010     364.540089
     14.541825     436.432091
     14.553544     425.110653
     14.567752     380.772359
     14.585018     440.421037
     14.599250     445.785145
     14.616784     415.001978
     14.629336     466.514436
     14.641002     459.220678
     14.658617     480.897972
     14.678069     441.076313
     14.693031     475.731399
     14.705651     578.373067
     14.718486     669.215053
     14.732428     693.938757
     14.747866     682.200774
     14.765296     719.067532
     14.777606     646.706390
     14.795441     536.117558
     14.809714     482.284736
     14.824180     486.056261
     14.836133     342.287482
     14.857100     412.229626
     14.865347     400.358307
     14.883865     411.936207
     14.898159     371.395449
     14.916621     313.382479
     14.928126     345.015508
     14.946185     329.749622
     14.958055     327.226624
     14.972533     357.647356
     14.987057     375.852093
     15.007064     330.417195
     15.022903     393.879436
     15.033391     389.776428
     15.046776     344.243149
     15.068352     401.582147
     15.084697     358.335150
     15.092502     437.240020
     15.105272     400.797382
     15.128092     376.301833
     15.138903     406.942788
     15.156094     366.395262
     15.171541     381.207738
     15.185037     347.444720
     15.196522     437.910676
     15.210664     338.906699
     15.231347     333.828763
     15.245490     349.597150
     15.262958     420.474421
     15.275527     446.909649
     15.294989     359.562265
     15.309204     315.017375
     15.315741     382.994360
     15.335577     321.932474
     15.353945     327.981500
     15.366118     379.777640
     15.375396     350.329416
     15.398613     396.802142
     15.410631     372.595725
     15.429468     355.140307
     15.440281     409.366090
     15.458707     400.353197
     15.470809     405.831536
     15.487129     422.063014
     15.501777     421.392675
     15.516274     484.453179
     15.526307     454.279144
     15.541440     502.696715
     15.561344     471.025747
     15.574028     405.747671
     15.588281     381.017826
     15.608847     351.148228
     15.624341     343.871263
     15.635823     345.329606
     15.652731     419.728600
     15.665103     406.737619
     15.675307     379.157472
     15.695598     390.803492
     15.709934     382.130269
     15.720397     439.373432
     15.739360     455.849718
     15.755447     424.853161
     15.769519     512.774445
     15.786322     512.435338
     15.796356     535.345806
     15.812000     495.616270
     15.827984     562.259116
     15.847108     697.823176
     15.856260     749.987664
     15.876248     761.688508
     15.889954     744.630573
     15.903606     708.903863
     15.915507     686.748922
     15.938217     568.647295
     15.949845     462.117501
     15.969076     341.801382
     15.975521     364.822194
     15.996514     341.186865
     16.007567     386.928424
     16.028330     421.585145
     16.041667     337.632911
     16.051026     356.428136
     16.071972     320.181857
     16.089790     329.791103
     16.103805     289.308866
     16.118002     286.278285
     16.128831     377.968186
     16.142635     345.601510
     16.160415     340.062775
     16.170844     348.397682
     16.193520     308.543493
     16.204290     296.109428
     16.221927     315.004916
     16.231793     384.199490
     16.249671     364.127570
     16.260102     323.060630
     16.280891     342.317156
     16.297557     362.818212
     16.308119     342.301437
     16.321561     382.223553
     16.339615     340.635373
     16.354934     314.987053
     16.373438     378.417287
     16.387050     311.562870
     16.399112     287.439892
     16.412900     325.490002
     16.434854     328.054607
     16.440787     296.601960
     16.460318     399.174631
     16.472131     388.284697
     16.488471     387.128483
     16.504423     356.754084
     16.515894     468.616580
     16.534660     453.836152
     16.550019     508.808914
     16.567257     569.095411
     16.576837     618.310414
     16.591665     605.798854
     16.606184     610.253203
     16.629298     510.148682
     16.644132     472.763184
     16.651631     462.924098
     16.670124     383.100299
     16.685725     395.229281
     16.698266     321.297878
     16.711068     388.945398
     16.730588     393.024110
     16.749043     294.669173
     16.757450     352.190036
     16.770738     329.846763
     16.792510     386.691194
     16.801840     322.462687
     16.818058     350.924388
     16.832489     363.020699
     16.845847     357.795361
     16.864862     403.149475
     16.879882     451.100086
     16.891518     462.824499
     16.909714     418.238608
     16.923372     510.611881
     16.944444     513.753911
     16.953707     476.954393
     16.973539     508.695058
     16.980893     465.228174
     16.996456     411.935480
     17.011259     347.133743
     17.028524     336.832112
     17.047837     275.867953
     17.064847     299.688050
     17.070745     293.791812
     17.093703     334.362294
     17.102216     337.201513
     17.118686     281.415661
     17.130821     322.465621
     17.145797     276.440472
     17.167620     277.672152
     17.179168     321.289717
     17.191960     343.324235
     17.214119     274.734120
     17.226484     309.910699
     17.240408     364.095575
     17.254597     370.639176
     17.273392     325.188725
     17.285408     328.191267
     17.297778     279.114107
     17.311753     299.593162
     17.326248     264.040131
     17.344160     343.439747
     17.364059     329.861330
     17.371546     365.878908
     17.388292     323.098959
     17.407171     305.240690
     17.423256     354.081122
     17.432862     301.326267
     17.445936     322.274082
     17.460873     357.630834
     17.478213     302.275185
     17.491730     338.128201
     17.508334     370.718880
     17.521444     370.485606
     17.541423     302.883519
     17.557088     322.741477
     17.574119     363.732614
     17.586677     411.987305
     17.599419     451.787888
     17.614599     398.030404
     17.626653     376.069901
     17.649181     357.287188
     17.660080     315.102182
     17.674011     385.663367
     17.688323     311.456364
     17.702290     324.444167
     17.721251     239.520586
     17.730546     302.002946
     17.753124     312.363165
     17.761867     352.162272
     17.775767     323.792951
     17.798619     327.025625
     17.812164     258.926486
     17.821476     248.382987
     17.844331     268.544376
     17.856927     316.240858
     17.871667     332.356063
     17.885665     379.359396
     17.903301     413.018626
     17.917601     311.122147
     17.931585     394.060973
     17.944899     396.574048
     17.959507     307.796179
     17.970407     334.025554
     17.985362     279.237129
     18.001418     300.274745
     18.021111     306.647532
     18.033580     280.761593
     18.045714     305.537247
     18.066580     324.340846
     18.078039     280.713153
     18.098761     316.708218
     18.109409     227.219342
     18.126339     313.291251
     18.137150     344.941955
     18.151474     244.781919
     18.167898     344.811843
     18.185378     300.579426
     18.197703     287.430147
     18.215317     330.297025
     18.232510     301.577122
     18.247755     262.990102
     18.263470     301.887372
     18.279947     308.458323
     18.286205     265.334568
     18.305670     312.868188
     18.318276     313.998565
     18.339620     274.586342
     18.345864     275.145808
     18.363586     257.806402
     18.380168     283.460212
     18.395230     303.608585
     18.405219     338.678188
     18.424342     305.722862
     18.440149     274.287934
     18.450569     304.999272
     18.471350     287.904568
     18.488522     304.260536
     18.495332     255.664159
     18.515285     263.153441
     18.532684     302.255125
     18.541188     298.999714
     18.561873     295.566266
     18.570849     246.094703
     18.587118     230.692945
     18.606156     322.882691
     18.624661     268.279525
     18.635704     252.953592
     18.650690     306.408575
     18.665620     317.213922
     18.679929     252.760772
     18.694301     261.373794
     18.707694     284.112339
     18.720613     323.540864
     18.742969     341.832831
     18.754613     288.071599
     18.767463     365.784495
     18.786990     372.439292
     18.796442     418.881142
     18.817257     376.748271
     18.832279     384.723018
     18.840868     496.339805
     18.857111     484.270792
     18.878321     477.241866
     18.891071     476.171296
     18.906395     412.811526
     18.916821     367.442439
     18.931902     382.189594
     18.945450     337.601212
     18.968627     304.743314
     18.976882     280.960413
     18.995718     351.010435
     19.006399     262.989034
     19.023282     325.182240
     19.038348     315.260616
     19.051716     383.911896
     19.070791     276.042384
     19.081160     302.949040
     19.103953     292.226880
     19.113684     308.037803
     19.126312     292.184148
     19.144750     301.015152
     19.163026     367.353946
     19.179180     349.725064
     19.188393     386.925147
     19.200261     342.030983
     19.215230     373.626281
     19.237915     347.091094
     19.251402     289.430350
     19.264177     297.035746
     19.281037     338.054266
     19.296484     334.885560
     19.306393     342.141006
     19.326202     370.408871
     19.342551     388.444970
     19.359400     363.942988
     19.371721     293.915162
     19.389016     362.760679
     19.402481     304.136824
     19.412658     360.467760
     19.430798     422.379621
     19.448188     409.065910
     19.458846     382.534643
     19.479766     363.466515
     19.490541     438.468882
     19.508416     461.554427
     19.519738     364.036380
     19.535877     391.230650
     19.552624     366.034095
     19.563932     302.508725
     19.581599     293.046478
     19.593892     338.255673
     19.612259     350.001748
     19.628667     341.741147
     19.636133     285.975677
     19.659402     331.614655
     19.672982     333.214337
     19.681776     300.924321
     19.697374     284.537854
     19.712775     315.866080
     19.734444     277.695359
     19.741731     344.377763
     19.757750     381.004365
     19.777704     289.681051
     19.792586     387.662664
     19.808309     390.157168
     19.821156     290.429013
     19.834578     353.724722
     19.846282     350.378311
     19.861673     307.877643
     19.877466     318.953250
     19.897308     341.824315
     19.912775     338.503467
     19.925523     311.127700
     19.940970     321.336350
     19.959374     326.595111
     19.970436     366.265600
     19.986325     367.357534
     19.999107     325.984267
     20.018615     326.731384
     20.026356     350.457416
     20.041605     383.330399
     20.061451     383.272254
     20.078057     392.096347
     20.088777     428.585382
     20.107592     402.900949
     20.119286     403.017200
     20.130618     383.771558
     20.152178     327.126841
     20.169918     303.034583
     20.179879     311.565819
     20.199097     322.701983
     20.211886     353.368285
     20.221375     292.080351
     20.239464     292.054757
     20.252545     318.842776
     20.271540     349.714289
     20.282269     287.669487
     20.295951     352.131301
     20.312399     323.545396
     20.328666     364.438884
     20.340687     412.203883
     20.364856     346.929160
     20.376624     344.383058
     20.388811     340.806685
     20.404766     324.781930
     20.418109     347.360081
     20.439287     244.420991
     20.447826     341.843138
     20.466971     338.744716
     20.482704     347.704884
     20.498517     361.137568
     20.509580     335.415808
     20.523337     347.832173
     20.543350     323.680891
     20.552013     309.959549
     20.571538     380.921377
     20.588201     348.212333
     20.601036     392.376124
     20.610652     428.475152
     20.630551     398.423773
     20.643103     422.351958
     20.655274     470.764089
     20.674930     351.087540
     20.691834     392.267890
     20.702555     287.503822
     20.720683     296.638142
     20.730410     303.152785
     20.745881     350.686780
     20.767956     381.770534
     20.784613     384.536252
     20.797497     339.449977
     20.814474     311.357047
     20.828791     420.318302
     20.839325     378.023421
     20.854817     336.091427
     20.871442     404.881890
     20.882892     383.199625
     20.902366     476.425594
     20.919905     469.835657
     20.930572     407.693050
     20.944165     526.203025
     20.962911     372.688488
     20.977947     427.244849
     20.991820     379.810909
     21.002639     287.123080
     21.024077     299.714889
     21.030630     352.689088
     21.052738     332.550938
     21.065576     313.393250
     21.080366     308.967341
     21.090347     293.817759
     21.105142     291.408447
     21.122600     324.099860
     21.144751     328.378255
     21.152318     289.559261
     21.173712     297.297243
     21.187746     344.596580
     21.200102     338.778672
     21.219181     329.677565
     21.230793     288.717097
     21.240531     335.742884
     21.262480     330.126529
     21.275078     349.555416
     21.291107     295.400660
     21.303538     325.433728
     21.319575     285.687713
     21.331382     399.317236
     21.351157     313.367684
     21.363640     320.642413
     21.383587     418.924181
     21.392310     344.737507
     21.405572     334.527514
     21.422702     418.268271
     21.441247     421.555978
     21.453919     367.494499
     21.472824     452.873382
     21.483026     451.878712
     21.495756     444.780965
     21.515032     344.883262
     21.528159     407.757386
     21.540601     327.984748
     21.564722     321.983376
     21.571512     323.755828
     21.587687     341.484398
     21.600433     345.063702
     21.620320     305.722906
     21.630606     331.151386
     21.649353     278.635207
     21.660346     354.121009
     21.675651     367.566443
     21.698091     319.324788
     21.706883     394.117533
     21.725611     313.755249
     21.739366     324.225201
     21.759563     343.967656
     21.770762     316.129227
     21.785839     368.621040
     21.796050     348.420459
     21.818716     374.187538
     21.827789     299.981979
     21.847513     306.544072
     21.857908     349.934995
     21.870966     313.198826
     21.894880     393.214309
     21.901107     354.173038
     21.923394     317.886205
     21.931793     392.076215
     21.947468     380.711920
     21.963126     301.036718
     21.984708     350.638171
     21.998498     307.892298
     22.008408     358.519364
     22.021066     371.786556
     22.037775     309.792623
     22.052068     400.745182
     22.067312     375.221629
     22.080365     382.628327
     22.104350     361.158883
     22.116652     340.431122
     22.131887     318.615377
     22.146618     275.514686
     22.157528     284.380569
     22.177863     338.152798
     22.189886     401.720789
     22.203792     388.566724
     22.221232     409.612990
     22.239269     428.901486
     22.250468     466.771856
     22.264173     462.838014
     22.278309     412.467328
     22.298823     420.539877
     22.310949     447.703880
     22.328712     462.074298
     22.337545     347.033526
     22.358883     305.707008
     22.369171     331.239912
     22.386407     349.835003
     22.401532     338.100889
     22.412102     299.637254
     22.429149     338.321684
     22.445194     296.298612
     22.460745     363.407760
     22.476698     345.934394
     22.487718     287.463243
     22.507435     274.769217
     22.519140     368.879814
     22.531011     342.047575
     22.548830     280.148392
     22.569312     316.989763
     22.582566     302.431388
     22.595416     331.818822
     22.614370     392.514539
     22.628087     404.388221
     22.644828     308.675746
     22.659824     335.256974
     22.669406     321.642595
     22.688503     333.161412
     22.702497     327.749699
     22.719080     330.620103
     22.731503     300.518758
     22.744161     348.784981
     22.760046     328.790593
     22.773000     363.942794
     22.789586     401.318931
     22.809899     405.401903
     22.818138     350.644900
     22.839171     340.110130
     22.846974     357.401621
     22.861894     313.799180
     22.878310     300.780073
     22.895219     368.115986
     22.908956     293.808441
     22.928979     309.714817
     22.942686     247.152311
     22.958451     243.601097
     22.968947     262.224010
     22.983091     308.572174
     23.002513     300.499814
     23.016300     243.447755
     23.029116     350.670431
     23.041927     296.451727
     23.060243     303.128252
     23.071116     266.289809
     23.090993     238.313666
     23.104523     308.210831
     23.119749     258.097769
     23.130112     324.323097
     23.150113     300.171913
     23.169231     279.306338
     23.178324     262.825838
     23.194507     311.747570
     23.206197     353.244357
     23.222029     302.681836
     23.239145     275.693568
     23.251141     374.768063
     23.272418     298.250171
     23.281320     305.197681
     23.303657     322.526853
     23.316806     372.977574
     23.325167     304.831015
     23.341082     349.221048
     23.357584     302.859785
     23.370090     315.914298
     23.390504     343.116497
     23.401842     263.925724
     23.423124     287.976044
     23.434078     324.762750
     23.447190     278.385111
     23.467966     364.473617
     23.482274     325.727744
     23.491206     300.913453
     23.511308     316.627991
     23.520354     392.470846
     23.541798     424.634668
     23.552888     400.075869
     23.566068     392.241117
     23.587171     395.380322
     23.599195     349.837174
     23.614236     317.197357
     23.627845     380.260930
     23.642459     306.642669
     23.658072     361.091654
     23.671693     319.735263
     23.694920     371.369089
     23.707614     293.689774
     23.724210     253.696258
     23.734915     294.295448
     23.754319     312.433111
     23.764746     322.268334
     23.782218     354.506196
     23.791049     366.340036
     23.811437     313.318746
     23.825394     398.098695
     23.836466     331.812689
     23.853216     361.188948
     23.869405     326.617930
     23.883260     366.844606
     23.899848     381.117294
     23.916333     303.716238
     23.934125     376.113310
     23.947274     305.907056
     23.962061     337.404624
     23.972621     296.227462
     23.992817     352.657677
     24.007746     306.306798
     24.019153     356.651602
     24.034050     284.739599
     24.046034     289.542967
     24.064131     358.997896
     24.077933     274.845992
     24.098475     288.238075
     24.107494     280.526980
     24.121791     298.062051
     24.141589     240.330172
     24.152323     284.925256
     24.166557     237.199461
     24.188058     331.119283
     24.202238     262.162811
     24.213818     235.090342
     24.225582     260.166035
     24.245824     328.492284
     24.263121     290.533622
     24.279858     262.001469
     24.290262     292.031396
     24.303265     321.771135
     24.320706     294.749083
     24.336573     343.354701
     24.348371     343.627478
     24.367762     315.935877
     24.381283     290.079268
     24.398585     332.669050
     24.411361     257.973760
     24.426529     331.770961
     24.435996     247.610288
     24.456260     332.974302
     24.466117     322.606728
     24.488892     295.874978
     24.504070     329.999846
     24.514410     331.422014
     24.531511     288.953948
     24.546595     266.532070
     24.563428     303.282686
     24.577367     253.395706
     24.592401     262.346675
     24.601146     259.055385
     24.620834     304.904301
     24.639260     311.066633
     24.653501     325.347831
     24.665187     280.308320
     24.680896     352.688628
     24.695152     274.222937
     24.712105     288.562535
     24.721117     312.375246
     24.743211     320.751649
     24.750411     353.430478
     24.765020     309.594272
     24.782531     313.883600
     24.801331     278.308309
     24.819447     289.626656
     24.827951     326.040446
     24.843190     300.350898
     24.863087     329.749188
     24.871600     371.670389
     24.887150     360.929071
     24.901274     362.194664
     24.917325     304.758282
     24.932616     326.191016
     24.948362     388.205095
     24.969205     341.862368
     24.981976     402.313385
     24.999368     439.543603
     25.010809     357.185962
     25.025915     442.351462
     25.043836     435.181326
     25.054924     354.953183
     25.072743     362.718309
     25.088461     394.458338
     25.102795     310.778538
     25.112961     351.572490
     25.133357     316.771015
     25.148041     319.200041
     25.156079     282.973589
     25.170317     337.655864
     25.189089     298.601392
     25.200929     398.838116
     25.220377     346.832730
     25.237587     410.547888
     25.247828     337.227473
     25.265770     320.186717
     25.276483     298.919618
     25.295418     282.171896
     25.309694     358.914372
     25.321937     257.616041
     25.343079     259.968159
     25.352553     306.077878
     25.369093     264.096481
     25.380611     306.802966
     25.399036     308.131362
     25.414177     308.688913
     25.432875     276.952427
     25.446632     315.264418
     25.458428     306.544213
     25.475539     253.403615
     25.493273     325.229269
     25.508423     292.563507
     25.521629     297.070935
     25.533582     316.963001
     25.554172     333.123864
     25.561950     261.447630
     25.577151     250.001995
     25.591765     296.466810
     25.605330     293.614123
     25.629108     291.422258
     25.641244     350.176883
     25.659650     336.023292
     25.669689     326.995448
     25.681396     310.048581
     25.697126     283.698259
     25.711406     316.666360
     25.734473     294.242244
     25.747534     331.396701
     25.764322     295.594589
     25.773069     298.109220
     25.790869     295.610053
     25.801044     332.732301
     25.819330     361.275696
     25.838163     342.018718
     25.846335     266.737847
     25.865148     300.150321
     25.880675     346.810881
     25.892304     239.501272
     25.914026     252.270892
     25.920542     303.286299
     25.935266     303.069005
     25.951586     322.245456
     25.969500     355.361490
     25.985445     355.848683
     26.004945     304.353218
     26.015257     248.575327
     26.034097     318.992914
     26.046622     301.917301
     26.061608     256.019404
     26.073485     324.875596
     26.091355     337.108641
     26.104869     285.223193
     26.115850     296.687532
     26.137816     291.539488
     26.152618     372.305426
     26.163734     399.219456
     26.177735     348.314567
     26.191966     336.158911
     26.210982     388.193105
     26.220756     374.298091
     26.236813     287.612270
     26.253337     322.177174
     26.271572     332.493266
     26.285064     319.026944
     26.302950     347.715963
     26.314940     308.870709
     26.326766     306.256044
     26.340928     343.756962
     26.359637     292.914254
     26.375746     360.686968
     26.392241     347.516338
     26.403594     328.305361
     26.415318     268.477767
     26.431966     276.367091
     26.445827     334.891317
     26.468323     275.058549
     26.478281     332.266999
     26.497835     340.448427
     26.506358     267.176476
     26.520891     324.432286
     26.536961     265.244303
     26.550182     292.337549
     26.572154     338.451386
     26.588185     354.488279
     26.602407     320.028570
     26.612014     354.800373
     26.634861     332.408951
     26.640211     323.242375
     26.657974     300.495603
     26.672936     296.751489
     26.689674     284.337169
     26.703533     324.524076
     26.716973     358.884142
     26.731698     257.643779
     26.746865     284.210863
     26.761195     316.855697
     26.778314     300.619618
     26.799806     248.595204
     26.814594     315.087776
     26.823043     318.165314
     26.841464     245.077928
     26.853360     265.913326
     26.868850     283.813636
     26.889016     357.407823
     26.900009     242.073945
     26.914790     330.986950
     26.931786     266.950231
     26.949356     363.405429
     26.962794     348.989690
     26.978622     319.654756
     26.988847     348.297897
     27.008954     291.920773
     27.015882     342.062247
     27.035122     293.152279
     27.048461     382.441553
     27.062887     344.558344
     27.081868     339.488337
     27.096202     357.985917
     27.114537     341.306027
     27.126960     324.604829
     27.138629     358.438057
     27.157137     335.706166
     27.167368     289.150601
     27.186927     312.076121
     27.201371     319.364360
     27.213782     307.554912
     27.227432     279.936770
     27.247018     285.551047
     27.256195     356.285418
     27.273672     255.744518
     27.288245     317.412220
     27.304789     304.843537
     27.318921     327.512917
     27.333167     333.736315
     27.350816     344.581142
     27.366234     306.287879
     27.382959     280.325818
     27.398027     238.485329
     27.407561     255.613217
     27.421060     327.309466
     27.438520     265.235129
     27.459145     333.592023
     27.466658     321.903079
     27.486447     330.308307
     27.496836     334.730434
     27.519195     258.847082
     27.532875     308.331912
     27.543917     344.168917
     27.561107     287.916217
     27.576315     249.643894
     27.587259     375.195548
     27.601761     322.253867
     27.619546     295.997805
     27.633901     358.118164
     27.651207     254.133636
     27.669636     307.575122
     27.675038     360.114159
     27.690776     288.742376
     27.710436     285.108693
     27.728313     313.814471
     27.735727     280.621857
     27.757784     305.497930
     27.773761     355.376453
     27.787333     327.553329
     27.797653     277.397176
     27.817152     311.150645
     27.834206     342.043100
     27.844345     234.432347
     27.855370     280.329471
     27.870231     303.908213
     27.892794     291.399787
     27.907480     414.929098
     27.920391     359.453412
     27.937564     367.662801
     27.951990     385.172996
     27.964523     340.719477
     27.978224     329.448351
     27.997799     316.599628
     28.011330     290.895835
     28.026145     272.062053
     28.042593     318.192506
     28.054446     301.916055
     28.069316     298.500759
     28.081047     313.758106
     28.095282     312.600441
     28.111421     332.369622
     28.130040     310.115496
     28.147424     289.941336
     28.155404     331.182607
     28.174690     342.457777
     28.192273     254.808681
     28.206429     324.494339
     28.218334     334.069077
     28.236300     351.848762
     28.249560     291.208777
     28.268769     278.849184
     28.281420     323.987399
     28.291525     298.388059
     28.305340     257.685611
     28.323758     261.418430
     28.339939     363.929488
     28.352314     339.138393
     28.365402     361.545213
     28.388387     306.216295
     28.404779     259.886352
     28.413608     319.418969
     28.430560     277.878609
     28.443067     335.191469
     28.455557     318.629643
     28.477283     391.775212
     28.485362     384.924727
     28.501256     326.742289
     28.522560     402.682146
     28.536201     439.920276
     28.546726     364.248186
     28.569943     397.380303
     28.575817     413.203991
     28.593608     401.976801
     28.605212     341.208987
     28.626578     402.575505
     28.643477     309.795821
     28.656831     398.453579
     28.674007     348.432461
     28.682344     331.827389
     28.699940     315.560859
     28.718064     306.601841
     28.733768     336.774878
     28.743050     264.621432
     28.756203     304.177376
     28.774036     296.393894
     28.787483     369.580626
     28.806370     253.661915
     28.819396     344.378795
     28.836348     344.492271
     28.851487     385.080605
     28.868258     256.360743
     28.882258     331.410045
     28.892627     351.739596
     28.906101     283.886329
     28.927755     340.877412
     28.936972     312.219749
     28.951938     371.075385
     28.973486     388.432417
     28.983530     322.331622
     28.997246     314.181877
     29.014357     317.367603
     29.033720     342.825563
     29.045870     353.465774
     29.061668     311.335487
     29.074923     309.529700
     29.086916     306.169165
     29.103445     355.109567
     29.120763     362.735601
     29.130212     321.396561
     29.152526     353.506046
     29.160545     253.014912
     29.184641     282.277796
     29.193315     281.131757
     29.211078     345.116247
     29.229384     344.627884
     29.236009     283.049264
     29.258133     320.664471
     29.269882     349.337895
     29.287824     308.095215
     29.298327     345.528863
     29.312339     327.974272
     29.334636     328.224488
     29.343607     347.645540
     29.361348     257.783776
     29.371176     262.512737
     29.394121     302.558375
     29.402912     268.222696
     29.423849     298.474401
     29.432868     282.832988
     29.447160     336.608526
     29.463687     257.525789
     29.484527     316.147598
     29.498052     284.881863
     29.509717     283.731620
     29.526026     364.890262
     29.541199     346.154156
     29.557694     256.835066
     29.565563     245.772465
     29.582936     267.142025
     29.601081     309.929431
     29.613188     353.026690
     29.633765     290.445917
     29.640780     301.275215
     29.663437     247.747314
     29.676517     310.029548
     29.685109     310.932091
     29.701226     283.315891
     29.722157     302.240460
     29.734623     275.789168
     29.754057     339.189783
     29.760353     233.507947
     29.777011     313.788197
     29.794160     342.874602
     29.813314     282.548904
     29.827370     323.413210
     29.839557     261.922249
     29.852194     297.273683
     29.867460     292.867083
     29.885292     290.672813
     29.896395     320.865545
     29.916433     303.690286
     29.934653     331.569689
     29.943525     284.774430
     29.963601     288.512807
     29.970616     303.157752
     29.989043     328.804350
     30.000425     292.312014
     30.017352     334.588667
     30.035662     318.062812
     30.050284     313.488322
     30.067492     279.104966
     30.079561     276.419811
     30.091483     282.225573
     30.107385     274.994404
     30.126215     311.349437
     30.141417     298.024415
     30.150421     259.635427
     30.172908     279.021767
     30.185253     264.910147
     30.200261     263.472324
     30.217910     317.572157
     30.225218     291.084354
     30.247212     275.056886
     30.258741     306.654637
     30.278023     326.551028
     30.294258     252.406480
     30.302577     222.558254
     30.323172     295.978683
     30.337651     279.658960
     30.350663     327.029768
     30.369060     313.708877
     30.375058     374.878142
     30.390381     245.439275
     30.411662     269.751264
     30.420995     320.395567
     30.439446     288.891963
     30.455395     295.834362
     30.465026     286.149120
     30.480883     332.670492
     30.500934     348.033126
     30.510190     341.629246
     30.534130     316.645599
     30.548473     292.726554
     30.556523     297.387796
     30.571982     293.642902
     30.591299     291.457637
     30.605495     278.338632
     30.620858     240.147840
     30.633446     252.574698
     30.654821     262.732498
     30.669218     313.743714
     30.680268     295.624496
     30.697435     265.661620
     30.709716     283.397887
     30.726297     310.804376
     30.743879     352.375096
     30.754512     338.920198
     30.765108     333.780673
     30.785985     351.847800
     30.804671     316.392446
     30.812991     297.910915
     30.832478     311.728751
     30.844977     306.303520
     30.864163     235.527211
     30.877989     252.713126
     30.887361     270.669130
     30.907593     299.198515
     30.921483     351.820298
     30.935550     340.111998
     30.947466     289.899753
     30.964273     285.800388
     30.979134     318.646580
     30.993888     242.786156
     31.013057     327.060027
     31.026991     311.166088
     31.041789     284.895803
     31.055043     269.414031
     31.065797     304.522911
     31.087689     287.825990
     31.103234     242.872016
     31.118408     267.886871
     31.133346     256.307258
     31.147213     289.662986
     31.160180     241.208280
     31.171269     282.253566
     31.192208     277.306889
     31.205115     293.439627
     31.222004     254.151780
     31.237204     272.942476
     31.252453     247.385633
     31.264397     303.913132
     31.277415     221.444978
     31.293364     220.859334
     31.307090     336.440291
     31.324288     249.621294
     31.336409     255.143246
     31.358515     267.180280
     31.373164     279.604611
     31.385571     256.947317
     31.403760     208.344683
     31.415914     298.720689
     31.432744     302.839894
     31.446109     259.560921
     31.458244     327.806750
     31.477098     261.598356
     31.494300     287.586872
     31.507581     330.746056
     31.522329     340.783083
     31.538531     260.272640
     31.554254     353.300384
     31.567491     307.774237
     31.582169     343.313513
     31.594960     276.124947
     31.613861     309.694201
     31.620573     283.461643
     31.636797     276.373040
     31.654463     309.442535
     31.674438     325.542294
     31.684325     269.080455
     31.696167     240.566124
     31.712495     239.751551
     31.729989     292.184557
     31.744003     322.444028
     31.757474     281.663769
     31.779830     279.133571
     31.789636     276.295881
     31.807650     254.293000
     31.817365     342.830812
     31.837049     293.644155
     31.852429     277.661726
     31.864394     294.391711
     31.875212     339.058245
     31.896589     254.313072
     31.908436     253.861052
     31.925304     255.906601
     31.935294     231.133684
     31.958718     347.675553
     31.969908     325.005174
     31.989412     293.386052
     31.997973     288.263608
     32.015304     270.481851
     32.025747     324.515743
     32.042491     311.792907
     32.063225     259.179717
     32.071358     260.224461
     32.090535     276.286903
     32.100779     342.110727
     32.124498     285.188225
     32.137042     258.812393
     32.152157     252.065345
     32.167278     248.688576
     32.175274     288.572624
     32.199555     247.197519
     32.206463     287.593226
     32.220792     256.390879
     32.244583     259.387439
     32.256776     243.845270
     32.272228     293.732782
     32.289873     265.422110
     32.298437     327.484559
     32.311227     246.799912
     32.333471     301.997120
     32.344325     291.591578
     32.360165     239.775428
     32.372330     304.478939
     32.386320     335.855996
     32.405557     258.730108
     32.421134     270.340812
     32.434872     289.337014
     32.449182     264.661863
     32.466589     263.355461
     32.484022     306.415538
     32.491593     286.087420
     32.507236     261.937375
     32.525387     304.769993
     32.535413     324.996535
     32.559790     284.023233
     32.572232     221.271614
     32.589875     246.656969
     32.598708     286.076445
     32.617566     279.865752
     32.630977     339.004373
     32.646983     300.715253
     32.659106     232.780185
     32.677448     319.268476
     32.687887     284.022440
     32.707166     351.922359
     32.715272     348.093193
     32.737878     306.232405
     32.747087     336.027160
     32.768034     325.622640
     32.783014     287.567813
     32.798857     273.407126
     32.809050     293.233126
     32.821276     276.113029
     32.840627     260.745449
     32.854078     241.581734
     32.867434     294.579539
     32.886802     285.235966
     32.897044     335.338030
     32.912031     324.583286
     32.932752     304.231259
     32.941835     311.962135
     32.957094     291.859058
     32.978522     284.673545
     32.992844     246.559737
     33.000347     275.391959
     33.021101     294.020573
     33.034714     296.780715
     33.051648     300.909198
     33.067672     262.478398
     33.082262     300.469611
     33.099777     261.821741
     33.111025     233.084508
     33.129969     267.021853
     33.135923     280.509811
     33.158350     279.860138
     33.171105     254.337271
     33.189204     233.718564
     33.199263     228.816756
     33.216573     256.458032
     33.229082     277.344181
     33.244991     223.608054
     33.259752     234.512526
     33.273874     255.255843
     33.285155     287.651449
     33.305519     211.875502
     33.324048     251.057209
     33.338124     299.713747
     33.351845     278.581990
     33.362637     276.861662
     33.375648     303.411082
     33.392864     240.969199
     33.411716     281.604982
     33.423526     243.973697
     33.437452     216.605486
     33.452734     306.417341
     33.468646     266.797676
     33.482774     253.927924
     33.500410     258.871965
     33.515688     243.386075
     33.534249     231.993264
     33.544935     222.667683
     33.564185     296.211518
     33.579909     236.208397
     33.586711     297.275470
     33.603625     239.637271
     33.615833     342.516554
     33.635535     277.783378
     33.648529     312.639760
     33.663158     259.403747
     33.675618     267.086760
     33.699999     262.201287
     33.706129     267.186985
     33.729498     336.548982
     33.736742     291.732239
     33.757792     239.147806
     33.765743     265.307440
     33.782549     282.004933
     33.796005     215.655347
     33.813155     251.261042
     33.832476     300.831385
     33.841742     286.784191
     33.864838     280.311713
     33.877287     307.619753
     33.890684     246.994902
     33.905697     284.495574
     33.918720     237.589514
     33.934755     317.196404
     33.946879     284.077304
     33.964526     264.356492
     33.979242     256.604228
     33.990252     302.378213
     34.008964     264.524777
     34.024816     260.475493
     34.042024     271.267374
     34.051898     258.422005
     34.069970     321.742867
     34.080241     251.119592
     34.096526     238.362968
     34.113410     278.323051
     34.127154     240.539203
     34.147324     287.670528
     34.164855     248.828704
     34.173157     334.326191
     34.193692     289.419413
     34.206083     276.468471
     34.218069     252.732143
     34.238425     293.673841
     34.253629     285.454226
     34.263493     296.040360
     34.277872     238.541212
     34.297272     242.553742
     34.313303     267.701351
     34.322419     235.808743
     34.342770     228.055146
     34.355574     276.181755
     34.370699     253.187257
     34.388201     333.594585
     34.399626     317.671220
     34.412141     309.977707
     34.430238     298.248953
     34.444692     235.483638
     34.459835     276.635594
     34.475898     253.383095
     34.485559     273.555773
     34.501939     282.747662
     34.521196     310.734782
     34.532954     254.829796
     34.549277     223.145961
     34.560429     235.318931
     34.580995     295.117846
     34.594849     290.502726
     34.608044     269.988659
     34.622639     321.972105
     34.644407     224.126337
     34.658048     301.433124
     34.669966     251.059498
     34.687281     277.300313
     34.701161     324.910371
     34.719475     320.410666
     34.731513     244.766033
     34.745343     305.483827
     34.758181     256.705078
     34.776615     304.738551
     34.792514     276.148177
     34.809552     275.379435
     34.818675     299.094546
     34.837983     312.471799
     34.853720     298.067170
     34.868230     323.215505
     34.882425     305.897608
     34.893012     229.443779
     34.909351     268.697091
     34.921700     248.098639
     34.940855     299.938856
     34.955907     276.975166
     34.967358     262.698137
     34.983760     306.898781
     34.998960     291.424309
     35.012228     292.953426
     35.032168     264.528651
     35.048760     253.937699
     35.055496     328.727811
     35.075058     272.686731
     35.094392     295.405164
     35.102259     302.835311
     35.123048     279.474653
     35.139552     224.443901
     35.146078     243.394960
     35.164462     269.690447
     35.179842     258.370975
     35.190211     264.348988
     35.214926     273.224931
     35.224608     261.778052
     35.241956     226.188390
     35.253781     272.584430
     35.269389     248.121585
     35.284570     203.507361
     35.295486     206.362530
     35.313009     227.898144
     35.328597     264.760780
     35.348721     273.289257
     35.357034     273.050367
     35.375606     312.663264
     35.389939     196.761386
     35.400033     285.051411
     35.419981     204.859233
     35.431437     212.169300
     35.452142     238.905280
     35.466214     286.401454
     35.484940     276.299907
     35.497116     263.181267
     35.514429     266.187840
     35.526488     253.201434
     35.536897     268.091034
     35.557855     297.467880
     35.566442     243.189216
     35.589163     228.282280
     35.602586     245.547609
     35.614961     217.439228
     35.630910     223.405278
     35.648967     294.730135
     35.661539     209.591279
     35.672768     264.205979
     35.685879     287.746887
     35.709663     260.040868
     35.720794     288.791847
     35.730256     311.779143
     35.749299     266.996930
     35.768125     278.739446
     35.775713     274.237276
     35.798399     205.897092
     35.808954     205.945729
     35.827108     260.277741
     35.839734     250.935095
     35.852141     253.576818
     35.871498     205.358991
     35.889335     267.882405
     35.904430     187.034641
     35.915596     255.949614
     35.927245     274.853530
     35.948492     266.062699
     35.958350     251.942111
     35.975678     194.939125
     35.991096     286.904855
     36.005326     287.864794
     36.022349     232.627687
     36.037929     273.540224
     36.052987     229.780434
     36.064156     317.856731
     36.079969     226.921068
     36.097250     246.198435
     36.111346     326.683401
     36.128142     293.574631
     36.137920     232.515608
     36.159198     236.022530
     36.166722     228.208865
     36.181613     257.027715
     36.197376     261.967900
     36.210113     301.507338
     36.231382     288.217103
     36.242847     289.348634
     36.261169     306.523381
     36.273625     221.611650
     36.289304     272.379875
     36.300233     219.607334
     36.323374     241.216366
     36.338055     277.816327
     36.352960     270.440041
     36.365762     248.880388
     36.384437     217.912378
     36.397625     231.388380
     36.406326     250.786662
     36.428393     238.348263
     36.444191     262.108425
     36.452334     287.224752
     36.470685     272.875671
     36.480453     222.729522
     36.501596     306.172208
     36.519124     247.777784
     36.526590     207.321871
     36.548203     291.389529
     36.556770     268.799459
     36.576168     296.887820
     36.588549     195.118722
     36.607482     274.587266
     36.617288     227.297371
     36.631241     256.891661
     36.649794     222.005713
     36.665037     245.468692
     36.681363     255.010625
     36.694084     246.886955
     36.705613     282.583088
     36.723350     262.136741
     36.741966     212.976426
     36.755139     275.257492
     36.768312     237.896276
     36.787946     267.791046
     36.801144     317.354252
     36.816008     286.657667
     36.834132     287.209752
     36.841602     253.190767
     36.857180     224.572504
     36.870257     329.651654
     36.885902     260.821976
     36.900634     209.036121
     36.918136     268.916263
     36.930259     239.209329
     36.951455     208.371029
     36.961550     233.061298
     36.978993     258.012553
     36.993160     209.968611
     37.005340     293.782278
     37.029160     276.528344
     37.037150     246.242738
     37.057074     190.506541
     37.072180     215.081995
     37.080674     239.897248
     37.100779     292.941147
     37.111786     287.202537
     37.133342     266.497164
     37.140561     249.770138
     37.157655     301.814343
     37.178945     244.328789
     37.189547     306.315778
     37.206460     263.832053
     37.224427     241.064726
     37.233697     250.211015
     37.245183     307.658180
     37.260139     250.753086
     37.284990     309.964865
     37.291401     307.417098
     37.307485     265.966069
     37.327701     322.806540
     37.337941     257.273705
     37.356906     282.773765
     37.368881     220.541542
     37.389833     262.139393
     37.397604     294.366758
     37.414262     265.662260
     37.428324     279.651285
     37.448939     302.075140
     37.461825     277.805616
     37.478540     241.231759
     37.493764     292.428689
     37.500157     255.608173
     37.519865     271.545921
     37.539110     312.162133
     37.551762     307.191746
     37.565239     263.916690
     37.576196     263.666535
     37.593022     243.449700
     37.612072     304.690798
     37.624068     337.984230
     37.638231     219.273846
     37.656946     236.601548
     37.669692     294.045162
     37.686023     246.754874
     37.704519     238.737616
     37.715543     258.231223
     37.731608     317.178521
     37.747786     224.901010
     37.755735     194.737264
     37.775774     267.185827
     37.794456     201.792452
     37.808761     230.275785
     37.818965     221.020421
     37.833535     224.848500
     37.851332     272.010271
     37.863249     208.979478
     37.877631     282.140670
     37.892655     237.325228
     37.913736     218.397076
     37.922667     187.974197
     37.939995     251.922496
     37.959930     196.418678
     37.967752     232.636076
     37.986033     272.890404
     38.003816     232.686622
     38.013197     231.108342
     38.025379     193.178226
     38.047374     262.453771
     38.058513     244.537617
     38.076768     201.097462
     38.089043     239.573711
     38.108946     279.655549
     38.118544     184.259273
     38.134337     230.834641
     38.147658     242.820909
     38.160691     268.346198
     38.184167     289.796357
     38.190237     292.973758
     38.210777     284.719788
     38.220501     228.523135
     38.237676     211.099323
     38.257199     191.102649
     38.271431     202.347547
     38.282735     204.344600
     38.304600     248.738399
     38.314773     244.466691
     38.330379     195.397773
     38.342435     227.841171
     38.360812     306.193037
     38.374122     235.052938
     38.388762     254.202713
     38.401513     278.253458
     38.424366     242.368850
     38.437459     267.472037
     38.446410     262.477049
     38.468045     286.208665
     38.480041     224.887889
     38.493192     225.367923
     38.506595     275.266062
     38.527527     237.192453
     38.539814     212.295038
     38.555376     222.681549
     38.571230     247.253703
     38.586291     225.004571
     38.596292     199.260339
     38.613831     297.063576
     38.627226     245.733433
     38.649363     239.845460
     38.661344     236.213982
     38.676313     292.613323
     38.689433     258.963402
     38.709452     229.029433
     38.724953     251.455430
     38.739400     206.494220
     38.747405     239.655809
     38.764279     233.120643
     38.782436     202.619453
     38.790479     284.564139
     38.813869     263.340512
     38.820297     216.410840
     38.842226     226.483378
     38.851299     275.873288
     38.872201     273.953061
     38.888728     282.120542
     38.901575     248.346066
     38.910503     225.798717
     38.926248     252.189266
     38.945905     299.130063
     38.955162     245.190410
     38.972229     290.717571
     38.994982     224.442444
     39.000074     227.416691
     39.017237     250.592593
     39.032014     304.558916
     39.052692     271.949989
     39.064102     277.168775
     39.076896     232.502582
     39.090032     251.520371
     39.105474     244.096257
     39.120866     235.507077
     39.141401     201.156066
     39.155054     210.421920
     39.171244     274.444246
     39.180856     208.735957
     39.204544     237.549170
     39.212845     232.287129
     39.228843     231.736369
     39.245597     280.416418
     39.255686     215.570306
     39.274430     242.035615
     39.293775     268.235858
     39.307482     228.364304
     39.317815     222.461982
     39.336035     265.957619
     39.353623     275.868777
     39.365486     190.396822
     39.384844     184.725978
     39.397359     216.276801
     39.413478     241.713726
     39.422147     239.233316
     39.442510     173.452168
     39.457148     298.693042
     39.474476     192.718938
     39.481783     238.799813
     39.503928     239.827455
     39.513818     285.941673
     39.530243     216.907219
     39.548703     258.169522
     39.555830     254.805280
     39.571167     322.669337
     39.587530     244.611474
     39.603754     191.192123
     39.622677     302.131560
     39.633256     261.295300
     39.652549     198.846969
     39.661410     274.702293
     39.682093     202.619468
     39.693803     226.067129
     39.705166     221.638210
     39.724771     281.915815
     39.744103     205.380802
     39.756285     281.705623
     39.769198     270.532278
     39.781758     263.223237
     39.802396     212.863208
     39.817661     244.422810
     39.831691     216.054284
     39.844571     261.719043
     39.860257     203.486103
     39.872292     229.495199
     39.887095     294.067937
     39.900116     270.421121
     39.917085     241.702060
     39.935200     295.188724
     39.948645     212.857290
     39.964067     200.524412
     39.983915     250.636811
     39.993593     294.079016
     40.010744     241.726060
     40.029446     215.023191
     40.035957     196.946400
     40.052508     260.651349
     40.070467     240.483313
     40.087024     263.746486
     40.103161     231.400485
     40.117068     226.640141
     40.127789     199.343758
     40.145260     238.903776
     40.162888     229.206686
     40.174509     245.878831
     40.187762     310.358569
     40.207107     250.244328
     40.217998     299.017891
     40.235843     220.244794
     40.250324     207.008244
     40.265378     282.462832
     40.280206     276.020803
     40.291833     262.508388
     40.309817     307.624724
     40.320990     237.229453
     40.341761     278.448801
     40.350377     282.350416
     40.365765     187.616195
     40.387238     221.321420
     40.400518     258.915653
     40.414517     231.707828
     40.426143     224.927493
     40.444992     217.218988
     40.463152     275.753480
     40.476655     290.144687
     40.490741     197.863568
     40.505276     260.587321
     40.517601     266.352285
     40.539896     299.237951
     40.550466     211.391739
     40.561194     271.055988
     40.580136     222.382175
     40.596704     252.011907
     40.606749     296.943610
     40.627669     222.575699
     40.639295     229.298829
     40.653948     260.453859
     40.667587     213.486324
     40.688494     204.428132
     40.701896     283.225022
     40.716357     299.518632
     40.725111     297.696293
     40.747327     280.861192
     40.757159     250.700003
     40.773891     296.837212
     40.787565     262.453577
     40.803847     252.781253
     40.819025     282.376017
     40.838839     212.623862
     40.852886     241.468343
     40.869319     292.991419
     40.876520     243.062388
     40.896377     222.962489
     40.912434     250.012408
     40.927305     256.270599
     40.937570     210.275140
     40.954785     215.756029
     40.969803     223.709452
     40.982136     208.867326
     40.997615     234.208870
     41.018513     278.328575
     41.030478     265.758272
     41.048283     282.582175
     41.058024     281.947215
     41.077405     219.487823
     41.091545     232.501657
     41.107154     262.130355
     41.120639     258.790165
     41.132715     248.051117
     41.152556     302.074893
     41.168511     307.535270
     41.175357     246.357139
     41.197990     212.177364
     41.206054     295.074534
     41.223929     293.908479
     41.240000     209.694330
     41.252453     262.442201
     41.273535     221.220885
     41.283244     265.002211
     41.302909     224.659532
     41.312460     263.097155
     41.330930     204.764517
     41.343855     268.148215
     41.362827     250.806035
     41.373062     249.525824
     41.393256     244.713478
     41.403951     283.052308
     41.418602     182.069759
     41.431621     206.668435
     41.445758     293.245945
     41.467468     230.358671
     41.476484     271.433681
     41.491918     251.930693
     41.513856     279.558831
     41.526186     266.908785
     41.543831     267.062932
     41.551933     251.661405
     41.568053     290.650778
     41.587916     221.719946
     41.599467     246.961803
     41.617816     189.013699
     41.630949     188.780060
     41.647251     282.014722
     41.658436     305.147563
     41.675422     205.463721
     41.692195     251.946940
     41.706596     197.237591
     41.719106     240.778298
     41.734524     249.901378
     41.754360     273.847064
     41.767579     255.350887
     41.778268     228.812057
     41.793245     237.399626
     41.805204     278.523882
     41.828193     279.849823
     41.840230     283.228006
     41.859731     240.090706
     41.870585     276.112190
     41.883627     201.635529
