      1.998015      23.728347
      2.019116     -13.016128
      2.025834     -24.031972
      2.044601      11.736410
      2.062570      39.434177
      2.077255       4.794011
      2.085863      22.362100
      2.100342     -24.340247
      2.118052      23.699279
      2.138990      33.743672
      2.148032      26.201637
      2.167433      94.692550
      2.181141      23.255438
      2.194906     123.905741
      2.206823     119.097598
      2.225233      74.808506
      2.244259      90.274988
      2.254555     161.775414
      2.266291     208.941138
      2.282293     165.229910
      2.300417     197.562088
      2.315254     226.391303
      2.328072     339.048894
      2.341955     301.346563
      2.361243     361.639051
      2.376624     339.392176
      2.393847     451.514206
      2.408489     468.835696
      2.420990     390.199746
      2.437929     406.379574
      2.446289     441.553072
      2.465093     433.586525
      2.482446     515.496371
      2.494032     500.198118
      2.514140     501.180333
      2.529573     526.468488
      2.543747     513.096514
      2.557663     493.763597
      2.566948     549.850115
      2.586158     576.027437
      2.601843     564.707166
      2.610589     532.300255
      2.634141     581.787168
      2.644013     547.970059
      2.664965     648.744150
      2.679193     621.942856
      2.686496     609.815298
      2.709074     713.679630
      2.721912     645.810785
      2.732435     715.008722
      2.750081     708.459424
      2.761973     658.870266
      2.782912     699.953254
      2.799093     691.128186
      2.813651     739.384365
      2.827025     701.975655
      2.841749     779.521907
      2.859778     772.750119
      2.868696     810.404649
      2.888985     859.093431
      2.896915     839.349287
      2.910797     831.389685
      2.931598     952.671777
      2.947321     971.624718
      2.956817     943.147002
      2.975119     876.021991
      2.987799    1031.009323
      3.005406    1053.920847
      3.020866    1008.985122
      3.034507    1069.314448
      3.045504    1062.237467
      3.065489    1139.807353
      3.081704    1210.050599
      3.097609    1292.869019
      3.108686    1265.153420
      3.122823    1236.472965
      3.138609    1428.427363
      3.156996    1471.846994
      3.165717    1524.951344
      3.180019    1580.392973
      3.202874    1680.415210
      3.215526    1845.962226
      3.226205    1907.934206
      3.241881    2091.508061
      3.255812    2114.207257
      3.275523    2331.191288
      3.288253    2592.332446
      3.308787    2890.299732
      3.315203    3278.959164
      3.331764    3951.258537
      3.347709    4562.930455
      3.366206    4885.146932
      3.380273    4140.462714
      3.392147    2171.283660
      3.406758    1087.217132
      3.422222     684.834787
      3.437480     608.597640
      3.456974     508.826161
      3.473378     466.527154
      3.481553     404.273034
      3.499774     381.684010
      3.518580     412.308390
      3.531978     373.249630
      3.541746     385.242988
      3.556086     380.963186
      3.570167     281.510578
      3.591486     378.037874
      3.605242     350.988013
      3.616627     323.710509
      3.638087     363.226988
      3.653280     316.783882
      3.664059     311.278651
      3.683585     350.922271
      3.691567     297.664694
      3.712853     378.281534
      3.720114     355.553196
      3.744188     301.678847
      3.759943     334.238249
      3.765170     306.695224
      3.780623     278.680345
      3.802022     354.888028
      3.815552     317.750558
      3.830450     336.366573
      3.845952     291.075295
      3.857925     317.762377
      3.875239     323.726823
      3.892064     296.724576
      3.904070     403.507465
      3.923338     356.896366
      3.931110     278.677110
      3.950037     324.074806
      3.960883     339.158635
      3.984438     373.094233
      3.999781     384.116081
      4.009121     343.456696
      4.025755     316.859501
      4.039703     349.646478
      4.052459     379.618087
      4.071806     349.470200
      4.085341     351.268736
      4.099178     367.076403
      4.118483     387.027212
      4.133277     337.476061
      4.142297     367.039026
      4.162128     403.207074
      4.176068     328.679795
      4.194988     389.039977
      4.204034     351.813648
      4.221487     313.063608
      4.237679     379.553774
      4.249209     411.704235
      4.269505     356.543495
      4.284121     350.852109
      4.297502     443.573955
      4.313409     369.920533
      4.324726     345.417319
      4.340698     388.890968
      4.357963     449.773000
      4.373155     441.149047
      4.389724     446.013608
      4.402765     406.658379
      4.418584     447.201859
      4.434378     481.296529
      4.442664     535.851153
      4.462283     491.142420
      4.472235     513.520910
      4.485015     491.731504
      4.507681     474.145268
      4.515380     507.388182
      4.530147     504.302028
      4.545480     591.771814
      4.565393     599.952542
      4.576435     629.601463
      4.593824     655.425588
      4.611947     667.993514
      4.620869     726.331952
      4.642365     771.893415
      4.651610     794.510560
      4.667920     785.229043
      4.680815     901.136936
      4.700906     958.932909
      4.714397    1105.425960
      4.726001    1173.758045
      4.743006    1381.430224
      4.756265    1629.855556
      4.779609    1524.909217
      4.793584    1076.994157
      4.804650     710.144008
      4.822716     511.109021
      4.838956     389.507007
      4.851873     395.218571
      4.866902     414.618067
      4.875079     416.750164
      4.892523     398.481592
      4.908989     409.866297
      4.925344     371.752086
      4.938795     377.653169
      4.954572     388.634329
      4.969724     377.412114
      4.988988     381.421295
      4.999939     364.949479
      5.018783     411.436937
      5.032588     447.614616
      5.041799     359.302817
      5.059343     348.763288
      5.070829     412.561927
      5.090235     421.081581
      5.108212     474.094223
      5.118172     370.459946
      5.133734     381.763136
      5.147471     457.159915
      5.161392     420.887718
      5.181251     396.997129
      5.197822     439.717459
      5.212150     438.105682
      5.221683     480.674341
      5.243953     394.364539
      5.257737     403.869995
      5.265813     411.498920
      5.289622     453.077872
      5.301992     519.950323
      5.315958     495.318125
      5.333068     459.451990
      5.344492     532.065042
      5.359989     418.388325
      5.371557     501.702241
      5.393449     456.983568
      5.405252     502.019742
      5.424092     542.258532
      5.433845     531.679075
      5.449923     536.733228
      5.466842     542.427530
      5.483369     554.018644
      5.498217     588.982387
      5.509737     536.222096
      5.521144     707.518589
      5.538106     620.522553
      5.551008     664.294403
      5.565542     732.121276
      5.589868     814.627795
      5.601581     779.512627
      5.618183     802.183069
      5.628041     852.942417
      5.646006     941.202028
      5.661857     892.549485
      5.676377    1053.342392
      5.687692    1044.668820
      5.706884    1067.304208
      5.724032    1157.058277
      5.732146    1248.066207
      5.752854    1395.492031
      5.765982    1536.381191
      5.780492    1716.909601
      5.794303    1884.989754
      5.812039    2354.412861
      5.824608    2752.219057
      5.840220    3033.384358
      5.853117    2473.533000
      5.874486    1631.081389
      5.881133     891.138521
      5.903215     566.507551
      5.915335     470.293911
      5.930589     465.768230
      5.943784     366.600011
      5.956889     419.689144
      5.977584     440.590271
      5.992984     361.081482
      6.006274     359.604745
      6.016949     418.024360
      6.030517     360.293263
      6.054618     376.491360
      6.066525     368.538748
      6.077340     376.345035
      6.091674     316.141079
      6.106261     364.019184
      6.124327     386.968631
      6.142245     347.547840
      6.158103     447.606952
      6.170050     441.378756
      6.188223     425.417601
      6.203953     397.995371
      6.211719     363.282051
      6.232498     440.875292
      6.247538     404.212364
      6.260846     412.281853
      6.279106     437.247459
      6.288999     481.037790
      6.307871     468.982746
      6.319742     372.746639
      6.333045     423.331180
      6.347356     418.607219
      6.365311     413.802047
      6.375579     480.458167
      6.396861     410.619042
      6.413056     455.381593
      6.422743     368.690013
      6.440111     400.255197
      6.455992     415.999129
      6.473750     367.992907
      6.488302     475.996651
      6.499740     446.119606
      6.515796     455.131298
      6.531439     449.164989
      6.542732     525.336857
      6.564878     539.137533
      6.570850     457.410085
      6.591059     497.877150
      6.607011     506.444286
      6.623188     518.627923
      6.634696     602.777688
      6.650045     636.139937
      6.666386     628.889623
      6.676276     688.176653
      6.694593     791.887660
      6.711148     783.065710
      6.721873     917.992296
      6.735042    1042.822914
      6.752592    1068.590871
      6.766374     898.936547
      6.787945     577.719272
      6.802959     527.385478
      6.810695     384.415018
      6.826421     415.403537
      6.843924     410.527207
      6.861137     359.744298
      6.870619     390.072364
      6.885746     390.571047
      6.905171     441.589726
      6.922510     413.140382
      6.938697     409.449624
      6.949656     439.165602
      6.963154     430.732669
      6.976154     421.313420
      6.999552     386.952736
      7.010102     355.345453
      7.025733     446.874526
      7.044694     359.688279
      7.055345     346.632287
      7.067099     356.394552
      7.080924     408.981388
      7.100616     489.748276
      7.119574     418.865263
      7.129197     459.462740
      7.141403     444.437054
      7.160948     450.427287
      7.178713     390.567928
      7.187121     405.659103
      7.207183     454.395420
      7.220293     437.824587
      7.232494     490.550191
      7.248012     480.942922
      7.267414     497.462591
      7.280163     515.084833
      7.293856     496.917797
      7.313725     447.332088
      7.325949     511.350925
      7.344204     522.616568
      7.354662     563.283389
      7.371185     550.975776
      7.387113     642.051000
      7.398472     673.974705
      7.418495     700.929480
      7.425978     723.375114
      7.443438     762.197993
      7.460441     856.201084
      7.476191     940.807511
      7.488151     967.979001
      7.502255    1109.670214
      7.524209    1216.467010
      7.533745    1361.268898
      7.545577    1537.590644
      7.562115    1262.283002
      7.584280     959.918474
      7.594240     585.378067
      7.610836     552.674061
      7.626532     448.900608
      7.644379     487.541730
      7.653371     475.257156
      7.668012     490.174743
      7.688865     443.098708
      7.698520     516.266850
      7.718392     399.016449
      7.729609     441.514664
      7.743033     517.623785
      7.763544     484.995522
      7.779913     479.823316
      7.794907     436.304557
      7.805995     477.006254
      7.821433     525.931290
      7.837292     522.108302
      7.845086     477.079194
      7.864747     447.042579
      7.880758     521.099781
      7.890727     486.201724
      7.914366     465.151123
      7.922934     551.122426
      7.942229     569.000039
      7.953695     530.574482
      7.972670     537.499824
      7.986391     566.017043
      7.997029     536.039204
      8.017366     606.830731
      8.033987     647.517749
      8.049140     660.905708
      8.056205     700.553368
      8.072218     745.228250
      8.093491     711.434114
      8.107249     727.977205
      8.116350     808.932155
      8.139455     901.581507
      8.147963     964.304763
      8.166525    1048.270150
      8.178915    1097.155891
      8.193862    1243.970000
      8.206983    1300.980515
      8.227000    1514.617183
      8.244053    1766.917350
      8.252990    2023.606399
      8.269502    2148.918181
      8.288163    1884.499279
      8.303452    1300.803037
      8.319342     780.314334
      8.328083     524.488340
      8.345437     452.266642
      8.358185     464.344322
      8.372439     437.787216
      8.392900     396.347856
      8.409676     415.131053
      8.422110     341.761072
      8.434963     371.794667
      8.451907     378.645534
      8.460324     358.342258
      8.479231     387.589887
      8.495311     384.965394
      8.506555     361.307546
      8.523151     354.075223
      8.541488     412.359254
      8.554236     371.678126
      8.571855     389.714718
      8.587648     392.900646
      8.604005     400.685974
      8.613060     309.498799
      8.634327     346.288241
      8.649644     288.127402
      8.656700     395.633117
      8.673355     330.024899
      8.694580     386.541911
      8.707104     357.508225
      8.715028     373.698367
      8.736488     350.328732
      8.751746     391.663429
      8.769927     422.033761
      8.780453     406.714318
      8.791381     317.711731
      8.808072     368.087358
      8.821667     443.128185
      8.844322     362.490016
      8.854829     424.466754
      8.874951     418.767351
      8.880397     371.108939
      8.900252     501.907388
      8.910608     509.461979
      8.930332     480.230806
      8.944099     442.102099
      8.955661     443.124510
      8.976545     412.011938
      8.994701     382.643680
      9.008788     429.665851
      9.016692     377.262362
      9.035181     403.584489
      9.046023     399.278925
      9.065080     304.950877
      9.077666     386.162526
      9.091544     327.338272
      9.110883     322.723490
      9.124362     304.031310
      9.137160     325.938486
      9.157717     367.742914
      9.167358     409.719694
      9.189568     386.001419
      9.197689     401.732310
      9.210933     359.075716
      9.231750     344.487129
      9.247424     365.640333
      9.255668     357.945148
      9.276527     319.541517
      9.292368     298.553703
      9.303134     305.067315
      9.317641     284.516496
      9.337037     307.031982
      9.345408     363.739964
      9.360061     324.248865
      9.377938     318.866545
      9.397733     342.782764
      9.412548     376.758786
      9.425101     348.499701
      9.443498     345.043149
      9.451896     366.929663
      9.472901     368.324785
      9.485109     391.730835
      9.495649     392.299702
      9.510415     369.099503
      9.533899     359.865847
      9.541089     353.750852
      9.558725     373.697262
      9.570089     459.446881
      9.593849     402.649410
      9.604759     397.342306
      9.621734     370.373253
      9.635027     379.709246
      9.652409     284.995147
      9.661556     432.083432
      9.678989     348.767117
      9.699714     359.502020
      9.713601     323.449008
      9.724667     358.016257
      9.743870     384.091691
      9.752734     463.627169
      9.772205     439.524888
      9.785529     362.642430
      9.802385     400.851207
      9.811478     432.475924
      9.830193     354.631135
      9.846102     375.959918
      9.857251     425.140094
      9.871898     393.041417
      9.885344     370.379939
      9.909226     458.270098
      9.917538     372.881619
      9.930108     395.987230
      9.947922     436.804446
      9.968567     462.577925
      9.976217     389.873405
      9.994957     413.216337
     10.012734     434.412852
     10.027265     459.998767
     10.044800     474.573153
     10.058082     502.161981
     10.073331     517.711986
     10.084339     478.343963
     10.100394     499.884987
     10.118784     612.378991
     10.126059     703.900742
     10.145245     695.551533
     10.155294     551.098302
     10.172471     533.881360
     10.192851     410.327878
     10.204482     412.439312
     10.217822     326.299081
     10.235179     402.493417
     10.246249     388.332175
     10.269240     357.526913
     10.282076     347.200449
     10.291880     316.932653
     10.314761     356.553107
     10.321602     419.270757
     10.338689     399.826590
     10.356322     383.063728
     10.370415     419.480669
     10.381782     407.151949
     10.396369     397.644277
     10.416510     366.897275
     10.427335     396.190766
     10.445994     321.738993
     10.455229     379.503195
     10.479586     397.612858
     10.493079     355.533074
     10.502713     398.736884
     10.519192     382.186389
     10.539726     435.097428
     10.551724     433.140312
     10.560201     470.252093
     10.580385     432.001099
     10.597822     392.475904
     10.608307     397.973633
     10.623959     375.185546
     10.643775     420.715261
     10.659510     409.245129
     10.665949     489.820244
     10.687687     467.974232
     10.702729     443.895491
     10.715639     419.805978
     10.727492     398.613732
     10.742796     386.652314
     10.761458     408.062036
     10.770097     366.218029
     10.785424     417.781527
     10.803574     423.857858
     10.815576     405.771629
     10.833199     431.865127
     10.849720     396.208215
     10.863617     441.755926
     10.875195     415.363015
     10.897325     397.280083
     10.906156     436.784171
     10.922921     429.056204
     10.944091     464.111889
     10.958453     407.111681
     10.966290     413.079764
     10.987344     416.871002
     11.000024     479.966987
     11.013267     503.552088
     11.031758     532.828760
     11.045438     535.408928
     11.058980     514.987013
     11.070518     608.068679
     11.090487     558.139113
     11.101332     594.686588
     11.118413     645.316325
     11.135861     604.532498
     11.150446     735.955040
     11.160848     778.705420
     11.178386     916.582207
     11.198068     909.608169
     11.214411     946.612948
     11.222268     919.017715
     11.244930     782.864592
     11.258940     565.993841
     11.270911     550.807384
     11.280961     457.643276
     11.295689     439.984174
     11.312536     437.695253
     11.333172     377.629009
     11.341726     384.164929
     11.360617     388.634273
     11.379799     403.039351
     11.389373     372.222411
     11.404934     437.731394
     11.423384     429.522054
     11.434327     395.583250
     11.445927     450.400938
     11.464281     425.629522
     11.479764     382.253013
     11.499841     401.117326
     11.505536     364.633706
     11.523106     390.310296
     11.539892     489.540313
     11.555815     448.785919
     11.573109     481.777956
     11.580153     526.935573
     11.600416     544.763775
     11.619218     533.125402
     11.634021     521.374802
     11.648737     515.628310
     11.655705     502.253131
     11.679438     587.474553
     11.685350     679.342424
     11.702097     688.317615
     11.724742     661.101104
     11.731094     526.591857
     11.753842     534.219001
     11.760870     433.047093
     11.781541     472.135058
     11.797889     421.880426
     11.805334     392.106533
     11.829966     464.714513
     11.844941     482.972455
     11.850155     468.674079
     11.873560     496.822185
     11.880092     383.405289
     11.904390     479.324112
     11.917808     429.482605
     11.925215     487.027511
     11.942068     460.630471
     11.956779     464.282456
     11.974639     522.328960
     11.989336     452.538473
     12.003900     560.756124
     12.019775     493.702991
     12.034894     467.380059
     12.049293     547.657871
     12.066648     618.257419
     12.075399     610.528389
     12.098592     675.847332
     12.106141     741.833462
     12.128063     799.401252
     12.143084     816.038520
     12.154983     912.764578
     12.165395    1080.014942
     12.186818    1149.945103
     12.196235    1122.451665
     12.218929     958.173075
     12.232616     685.005923
     12.247995     571.083333
     12.255001     479.921429
     12.276729     472.531022
     12.292360     361.568142
     12.300723     384.942435
     12.316188     396.440842
     12.339725     408.431293
     12.347004     457.288949
     12.361474     411.732553
     12.379269     371.214516
     12.391956     364.842660
     12.413046     427.367233
     12.420985     404.445560
     12.444932     372.360475
     12.454162     337.560399
     12.472475     418.132943
     12.481927     422.106001
     12.501387     359.773684
     12.510763     411.819143
     12.532317     417.668437
     12.541191     380.708127
     12.563087     360.445671
     12.574232     401.018988
     12.593441     411.515814
     12.605691     331.141765
     12.624875     370.548495
     12.637891     381.107221
     12.652237     439.456588
     12.667034     397.055234
     12.676938     412.739638
     12.693919     348.476300
     12.706412     333.393634
     12.729616     448.620536
     12.741705     401.170524
     12.753369     312.122182
     12.766512     398.262782
     12.787961     387.708504
     12.798609     355.517574
     12.819301     375.579902
     12.833618     385.328653
     12.844581     318.499565
     12.864162     426.491461
     12.879018     335.816915
     12.892622     375.312947
     12.908028     377.611936
     12.915926     361.272653
     12.930099     401.484165
     12.950002     438.719273
     12.961132     393.860293
     12.981483     397.484950
     12.998627     467.889658
     13.010614     426.579907
     13.023783     436.759861
     13.043796     445.380854
     13.051071     437.523540
     13.074775     474.154680
     13.086690     434.518587
     13.101217     513.597310
     13.112771     452.738701
     13.130271     511.432554
     13.146529     469.650704
     13.155639     484.963307
     13.174706     418.611824
     13.189795     407.407225
     13.205257     433.920737
     13.224016     416.391193
     13.239978     447.867595
     13.249562     464.780395
     13.261049     421.885553
     13.275378     398.019662
     13.296508     473.066679
     13.310212     505.797965
     13.328231     418.153628
     13.338052     475.003920
     13.356059     489.411177
     13.365141     467.453336
     13.380676     499.932593
     13.403264     543.423420
     13.419777     544.831923
     13.427247     590.195557
     13.445248     682.034305
     13.464100     702.227630
     13.477545     708.304452
     13.491252     776.816225
     13.507225     850.130838
     13.515098     902.767109
     13.536826     953.107675
     13.548936     994.191096
     13.564199     751.527815
     13.578668     652.165608
     13.599793     506.505299
     13.614684     451.466559
     13.623534     385.661371
     13.643119     432.830985
     13.650439     485.333512
     13.671326     370.621529
     13.682725     437.449335
     13.702436     407.128254
     13.714443     403.224027
     13.730581     428.133229
     13.740742     413.945734
     13.761819     497.888842
     13.776730     425.516185
     13.788885     450.129381
     13.800862     429.754865
     13.821804     441.826088
     13.833078     473.402307
     13.851815     478.313570
     13.863418     565.162589
     13.884452     590.019840
     13.897627     631.933225
     13.911155     699.854538
     13.928173     693.273219
     13.938626     746.436121
     13.957198     724.527321
     13.971007     685.860834
     13.984885     560.394672
     13.997300     523.658675
     14.015363     466.451204
     14.034805     479.884459
     14.049591     423.070614
     14.063320     448.800038
     14.077262     400.633008
     14.085602     395.018064
     14.106829     384.662042
     14.115128     398.795956
     14.136894     363.939475
     14.151194     405.758947
     14.166428     416.440546
     14.182785     404.339024
     14.193060     394.872162
     14.206830     425.243860
     14.225830     386.490350
     14.242600     431.393420
     14.250802     464.104270
     14.268692     386.536474
     14.284950     469.234270
     14.303915     444.385588
     14.318294     562.365255
     14.331219     649.307265
     14.345387     621.620933
     14.356433     636.347767
     14.375235     688.284223
     14.387061     578.059250
     14.407033     431.529544
     14.424456     414.550150
     14.434864     373.540165
     14.454915     400.215821
     14.469529     451.445350
     14.475142     435.879495
     14.498433     449.999579
     14.510049     383.224255
     14.528322     408.556194
     14.538748     425.800571
     14.550265     416.486048
     14.574272     453.391898
     14.588540     412.763605
     14.595906     425.106085
     14.614132     411.718459
     14.626358     437.220032
     14.645420     394.447693
     14.660595     448.529336
     14.676347     470.020574
     14.688362     504.232306
     14.705814     596.747090
     14.720862     667.246437
     14.737065     647.445513
     14.752229     688.521674
     14.765624     659.853288
     14.780988     635.033493
     14.791653     510.880888
     14.806617     470.593806
     14.828152     450.010317
     14.840482     379.215343
     14.850578     370.996432
     14.867597     376.628882
     14.881437     341.536509
     14.896809     403.066875
     14.912274     359.404718
     14.934981     382.986361
     14.947785     380.794205
     14.959600     363.925112
     14.978411     338.529924
     14.987076     335.156136
     15.000911     353.161522
     15.022977     375.834554
     15.038413     376.212172
     15.046023     344.615895
     15.062328     420.144088
     15.081946     401.765662
     15.097509     399.118883
     15.110127     451.434718
     15.124188     398.508600
     15.141441     459.259146
     15.151457     406.870765
     15.167174     337.592508
     15.183142     389.013520
     15.198697     419.320254
     15.218299     419.426463
     15.231456     360.238153
     15.244767     339.396408
     15.258167     390.037003
     15.273119     425.300340
     15.288502     313.537458
     15.308936     321.726418
     15.322504     363.751570
     15.333952     341.192698
     15.346252     372.605516
     15.361172     304.312394
     15.383788     334.086690
     15.392792     329.121170
     15.407787     416.876551
     15.425985     433.389215
     15.442367     370.255737
     15.451262     412.251837
     15.466068     469.998433
     15.488479     476.117938
     15.504710     440.623069
     15.516200     483.765822
     15.527925     430.515564
     15.545711     428.767827
     15.555565     397.629942
     15.571537     449.932199
     15.593073     399.720263
     15.601110     400.678047
     15.618588     320.170637
     15.633346     363.664134
     15.651377     347.713003
     15.667804     449.100549
     15.682787     377.817560
     15.699122     443.095042
     15.714696     420.532248
     15.728257     393.657395
     15.742177     395.171141
     15.751488     385.093001
     15.772625     441.812420
     15.780499     469.591864
     15.799347     578.698731
     15.812624     523.298660
     15.834011     555.878964
     15.842857     677.115548
     15.857199     690.372919
     15.879361     740.814058
     15.892405     779.315491
     15.900473     710.131153
     15.915510     655.768819
     15.932323     552.376778
     15.951146     407.640765
     15.963155     397.933018
     15.983280     406.261734
     15.998639     347.689736
     16.006350     327.853229
     16.028952     414.263767
     16.037809     371.473835
     16.055162     307.020568
     16.068514     354.932882
     16.082997     297.816992
     16.101810     302.212474
     16.112731     333.148809
     16.129404     304.473280
     16.149827     331.888944
     16.160033     296.547465
     16.170681     295.999050
     16.185842     350.224821
     16.207800     302.971795
     16.216103     396.726964
     16.239779     409.209812
     16.253777     387.460570
     16.261045     313.239652
     16.275391     337.804299
     16.297104     338.565828
     16.309797     371.233952
     16.325034     382.489861
     16.340079     296.561541
     16.357043     337.711051
     16.374739     379.372776
     16.381561     308.819825
     16.397992     296.987687
     16.419391     328.635908
     16.434419     348.222413
     16.440892     339.897408
     16.455575     399.459344
     16.471990     385.064133
     16.489382     452.428530
     16.507865     435.852374
     16.515723     451.607939
     16.535324     441.882839
     16.550944     486.346394
     16.569633     527.779389
     16.575702     548.091875
     16.592239     577.147575
     16.605813     631.588284
     16.628419     545.354126
     16.638527     422.724005
     16.657628     425.886703
     16.674924     416.400814
     16.687408     394.194801
     16.697164     371.690018
     16.711261     394.451943
     16.733018     305.302673
     16.747733     346.309187
     16.762539     296.423952
     16.775197     322.608233
     16.789257     349.401179
     16.800591     318.279275
     16.818867     340.992664
     16.838393     357.891993
     16.847055     375.682411
     16.865739     398.611804
     16.880668     419.312380
     16.897820     482.793489
     16.913554     467.406967
     16.925704     450.282461
     16.936960     537.943742
     16.953277     549.066207
     16.971666     512.217113
     16.980964     369.081137
     17.004224     393.537923
     17.016100     338.318283
     17.027924     301.596300
     17.046546     297.974676
     17.058722     368.270684
     17.074148     343.650593
     17.090219     317.798551
     17.100176     318.225840
     17.121949     293.616741
     17.137208     302.037718
     17.152572     315.341088
     17.168956     351.956976
     17.181309     287.266516
     17.195897     355.744356
     17.212158     305.652538
     17.221981     282.786274
     17.237577     350.351025
     17.258366     320.385364
     17.266838     282.590374
     17.285197     348.603973
     17.297727     302.432989
     17.312374     328.775579
     17.327065     345.018334
     17.346380     338.795854
     17.362057     324.573367
     17.370901     350.320120
     17.391032     338.747151
     17.409001     314.157496
     17.416967     386.140865
     17.433739     344.696811
     17.447490     337.175513
     17.462744     315.951139
     17.476793     382.205282
     17.491722     351.606081
     17.514511     389.516943
     17.524373     363.841421
     17.542864     326.565587
     17.559395     394.136943
     17.574961     394.763643
     17.581786     400.511313
     17.595305     486.765950
     17.616765     416.213236
     17.627241     375.684033
     17.643841     376.475872
     17.659391     390.965341
     17.677481     362.081038
     17.685204     297.666812
     17.703777     275.794706
     17.724344     259.078330
     17.733223     272.574345
     17.751547     347.283882
     17.766439     352.525178
     17.778386     307.758195
     17.795206     329.226672
     17.811996     317.271658
     17.827446     287.826267
     17.844225     270.497940
     17.854352     370.778106
     17.870531     362.861058
     17.887285     382.978493
     17.895073     379.131452
     17.914829     354.631039
     17.930785     412.852614
     17.946570     382.222419
     17.956351     277.614003
     17.977002     400.919135
     17.991930     284.370199
     18.009817     275.942867
     18.015116     330.143434
     18.034255     338.948741
     18.047777     333.051374
     18.065667     249.479067
     18.076225     334.222647
     18.097542     291.562387
     18.106685     225.969112
     18.122782     324.371351
     18.136127     333.688876
     18.157026     249.173888
     18.173166     262.853124
     18.186463     322.182499
     18.195554     278.176609
     18.210967     269.153485
     18.229670     332.382223
     18.246779     266.445004
     18.262597     316.587574
     18.270416     324.299850
     18.288230     296.439343
     18.301336     324.358928
     18.320766     300.325674
     18.336294     320.035404
     18.352408     316.810358
     18.363362     296.034116
     18.378194     328.176379
     18.393465     274.323193
     18.405863     321.337649
     18.425568     356.221199
     18.441050     322.345120
     18.454619     292.599670
     18.467013     308.151488
     18.484063     271.051857
     18.499816     285.706518
     18.511265     319.490155
     18.533205     346.008324
     18.547738     332.462139
     18.562727     249.410437
     18.571350     257.239667
     18.586260     236.401454
     18.608283     286.412375
     18.617768     309.892697
     18.630241     310.661837
     18.651655     297.327961
     18.663267     284.454566
     18.676328     334.065810
     18.698281     246.075312
     18.712658     260.945599
     18.729312     342.480118
     18.740894     312.982831
     18.757460     336.643920
     18.766812     327.874171
     18.787986     366.985609
     18.800087     420.946701
     18.814604     418.584414
     18.827228     326.157193
     18.843478     415.254122
     18.861599     449.906596
     18.870771     485.875853
     18.891520     459.706586
     18.909176     470.373026
     18.923750     400.494778
     18.936708     427.871757
     18.953096     331.171121
     18.962647     319.480997
     18.981701     273.145774
     18.993360     276.923188
     19.013668     349.725483
     19.021667     307.688479
     19.035139     323.094762
     19.059104     325.647778
     19.071174     272.297067
     19.081686     354.822104
     19.102273     286.473415
     19.111461     275.682413
     19.133297     306.931787
     19.147571     315.797874
     19.162382     406.871161
     19.175248     336.845687
     19.192923     412.492551
     19.206555     327.886749
     19.221259     345.327851
     19.235676     321.362967
     19.252023     359.431864
     19.261917     369.784632
     19.281456     342.008103
     19.293279     341.136214
     19.310661     290.690737
     19.324785     290.337900
     19.335589     311.726989
     19.358463     317.337331
     19.371945     332.022769
     19.381726     326.788817
     19.402205     375.822442
     19.414325     316.784444
     19.425505     450.430027
     19.442007     422.513645
     19.461275     373.380214
     19.471619     428.228071
     19.485795     513.202599
     19.506619     468.050487
     19.518503     416.853618
     19.537634     400.601768
     19.551738     360.396942
     19.567729     294.552609
     19.576233     354.723471
     19.599635     353.541000
     19.609761     367.292525
     19.626439     306.925566
     19.638877     260.330060
     19.658420     317.325221
     19.667218     351.963821
     19.684416     271.097501
     19.703669     339.476443
     19.718825     273.583523
     19.734421     326.757065
     19.748996     346.267366
     19.763649     292.182967
     19.772294     271.846042
     19.793199     379.000860
     19.803259     332.189842
     19.816416     293.892830
     19.839182     308.058810
     19.849907     304.925177
     19.868248     383.460974
     19.878037     250.210524
     19.897740     269.479523
     19.910659     322.463064
     19.920120     328.415381
     19.937856     349.419508
     19.953255     326.349385
     19.973951     332.820575
     19.983028     284.509898
     20.001322     358.097995
     20.018460     366.917702
     20.031568     413.285586
     20.045321     363.919730
     20.055035     339.358448
     20.076329     357.415364
     20.085954     463.556073
     20.109940     421.934628
     20.120692     408.790900
     20.130454     325.396193
     20.149185     301.325715
     20.165628     330.290763
     20.184856     354.693692
     20.194713     373.954412
     20.210452     320.340053
     20.221989     355.988731
     20.235547     280.352226
     20.256783     285.747350
     20.269825     358.398281
     20.285672     303.148123
     20.300323     367.635670
     20.311462     348.158506
     20.329226     397.054655
     20.341826     381.941547
     20.364947     397.856512
     20.379480     397.742333
     20.386759     353.018222
     20.409367     338.812873
     20.422122     322.890386
     20.436242     318.609882
     20.449416     280.290890
     20.460098     339.318682
     20.477632     298.163221
     20.490236     345.481914
     20.513975     352.399116
     20.521589     348.163757
     20.537109     355.031573
     20.551811     293.830465
     20.572718     399.627646
     20.583084     404.799216
     20.597624     387.631893
     20.612190     408.720696
     20.628159     337.263364
     20.646412     396.382506
     20.659094     434.291878
     20.678519     430.784962
     20.689829     390.196268
     20.702653     297.597719
     20.721334     358.591761
     20.733042     345.650715
     20.747013     335.741374
     20.765023     336.890212
     20.778210     363.576651
     20.793245     419.052167
     20.811684     394.542329
     20.826694     384.880291
     20.840945     407.783441
     20.858334     417.620326
     20.865489     326.084336
     20.884390     392.671617
     20.900443     388.852825
     20.911773     436.212997
     20.928335     416.901381
     20.946561     506.905808
     20.959254     447.600656
     20.979269     345.905721
     20.991657     417.239324
     21.007906     326.750040
     21.023586     359.883754
     21.032177     305.420205
     21.050177     301.525979
     21.065542     336.533294
     21.075474     350.713767
     21.090485     296.194725
     21.113358     354.156870
     21.126741     303.787877
     21.136495     341.892163
     21.158473     321.931816
     21.174261     349.342753
     21.180643     287.506648
     21.201118     304.276346
     21.213313     321.283067
     21.234404     349.598274
     21.242021     265.334630
     21.255210     270.554430
     21.276706     286.779761
     21.290822     341.095988
     21.305835     307.308614
     21.316622     267.290994
     21.333682     376.011496
     21.348838     295.957048
     21.365469     332.235673
     21.376789     369.388415
     21.396643     344.236229
     21.414216     329.079180
     21.429112     379.790533
     21.443319     437.488553
     21.457402     389.496110
     21.474363     407.287142
     21.485658     391.243932
     21.499574     433.453643
     21.514526     346.648896
     21.526951     406.669069
     21.548564     360.455682
     21.563530     327.981144
     21.578413     361.417991
     21.591595     325.637197
     21.605584     328.489742
     21.616978     380.903612
     21.638421     257.337960
     21.648267     351.695034
     21.662557     336.840855
     21.678456     336.050240
     21.695237     295.734521
     21.708677     370.631953
     21.729287     310.208845
     21.737471     380.164668
     21.751420     390.411017
     21.771618     347.410168
     21.785657     287.034547
     21.801676     312.902159
     21.813454     357.996542
     21.832681     357.445087
     21.844594     305.110065
     21.856468     341.665493
     21.876857     372.945315
     21.887233     330.247040
     21.905798     273.630840
     21.923977     339.331879
     21.938697     338.162463
     21.948058     371.906734
     21.965434     326.559175
     21.977212     362.821766
     21.992747     348.526335
     22.009633     395.901983
     22.021642     360.409385
     22.035710     334.833688
     22.055059     335.365936
     22.071644     326.927909
     22.084794     302.237665
     22.095556     332.157386
     22.114882     360.781651
     22.128819     294.411847
     22.148994     334.939122
     22.155752     267.886345
     22.176285     387.509018
     22.187439     328.365210
     22.208111     396.552973
     22.216260     452.771366
     22.230922     371.308514
     22.250001     447.862512
     22.267669     386.576166
     22.279030     440.695066
     22.296424     464.533865
     22.311239     398.167486
     22.327542     406.584621
     22.344309     407.554203
     22.351009     298.815389
     22.370500     359.009671
     22.385356     394.472530
     22.400947     317.481217
     22.410923     310.416929
     22.426444     321.907614
     22.444189     350.963925
     22.464049     357.274668
     22.477729     338.475428
     22.485694     342.122899
     22.506790     325.229456
     22.516894     327.390291
     22.531095     378.045312
     22.545855     295.518433
     22.567279     373.041208
     22.579587     311.223575
     22.590021     346.735937
     22.612521     371.001679
     22.627080     377.751705
     22.636820     281.299645
     22.651397     331.129613
     22.672905     252.959741
     22.686658     281.249670
     22.703864     268.165156
     22.711926     351.972111
     22.731289     312.985876
     22.741170     334.709345
     22.764988     377.257875
     22.772272     397.004926
     22.785072     359.777583
     22.803607     396.330087
     22.817039     357.635093
     22.833324     366.769007
     22.848579     380.997837
     22.860195     366.462420
     22.880399     346.461208
     22.894235     310.195474
     22.909506     317.852918
     22.925826     342.571647
     22.938373     321.289594
     22.951634     229.285177
     22.974327     269.418271
     22.985318     291.912472
     22.996989     243.891978
     23.016797     305.039907
     23.031391     276.610291
     23.043150     282.419486
     23.055060     265.628463
     23.072348     329.647195
     23.093694     283.190369
     23.109959     318.138069
     23.116873     303.896958
     23.130622     281.753537
     23.152610     251.773272
     23.167961     272.175917
     23.183688     269.336599
     23.191226     286.501726
     23.207161     272.564025
     23.226848     270.222124
     23.239042     245.816078
     23.255462     300.367953
     23.265352     352.533559
     23.287156     354.564550
     23.296551     376.523822
     23.316806     314.619484
     23.332857     291.053630
     23.349227     352.437835
     23.359563     358.458193
     23.379866     307.285116
     23.392585     320.131667
     23.401781     337.251807
     23.419520     292.285091
     23.437712     334.695428
     23.449783     333.449435
     23.462986     347.984375
     23.482003     304.864069
     23.497781     325.837304
     23.511453     363.427064
     23.526884     298.416061
     23.538671     411.627081
     23.557717     326.006453
     23.569626     385.198432
     23.589566     409.695282
     23.595037     425.741624
     23.618786     369.366654
     23.626716     380.378660
     23.641925     293.760151
     23.663306     385.990134
     23.672181     321.887947
     23.691239     336.451200
     23.702088     257.899336
     23.719427     303.186886
     23.733832     357.122273
     23.750184     321.820236
     23.768515     273.913803
     23.782531     374.517951
     23.794533     306.093537
     23.808544     303.342437
     23.828790     372.166469
     23.839216     354.108648
     23.853420     289.727199
     23.872218     359.324240
     23.885751     302.543414
     23.897492     287.306841
     23.910191     274.465355
     23.933355     281.750414
     23.945114     283.681702
     23.962640     305.346393
     23.972035     263.607982
     23.990180     298.776263
     24.008336     287.913166
     24.018391     267.644495
     24.035157     304.503850
     24.046993     285.864153
     24.066258     333.489669
     24.082893     298.578232
     24.099908     327.416693
     24.112563     260.072322
     24.123830     276.319629
     24.144723     261.899571
     24.159084     340.962231
     24.171380     325.284078
     24.185084     312.474441
     24.197135     230.848263
     24.212060     329.282378
     24.234183     326.945968
     24.249030     318.308780
     24.259802     337.654261
     24.278987     314.595817
     24.286123     280.689906
     24.303708     296.013089
     24.316228     300.537476
     24.339085     276.880997
     24.354313     351.719913
     24.368410     342.942706
     24.379998     215.339051
     24.396508     353.163816
     24.407575     297.158450
     24.428088     315.703574
     24.440270     315.015525
     24.458551     308.436857
     24.471804     277.420941
     24.481419     324.322189
     24.504526     372.065423
     24.519638     363.014105
     24.531969     311.320166
     24.542143     308.237662
     24.558932     304.477527
     24.577722     244.800534
     24.594598     261.605342
     24.609353     317.506099
     24.623577     347.732833
     24.635995     263.571918
     24.649597     259.509206
     24.669025     298.840597
     24.679244     316.381380
     24.693402     270.653681
     24.714522     318.834716
     24.723467     382.645823
     24.742194     351.813106
     24.756357     340.768533
     24.769934     329.859117
     24.782662     319.345342
     24.801085     252.133599
     24.812101     363.306168
     24.834104     296.853574
     24.847751     327.123463
     24.858765     305.417803
     24.878602     366.955297
     24.893202     358.176298
     24.903243     365.540511
     24.924507     299.365708
     24.933387     379.711750
     24.952050     358.072163
     24.966758     398.459168
     24.978834     394.735494
     24.992868     460.995209
     25.008567     357.143516
     25.026638     384.786283
     25.041932     415.551474
     25.055411     361.478279
     25.067708     412.285612
     25.089517     362.878889
     25.097336     317.494635
     25.118864     327.266334
     25.127320     345.100366
     25.140298     261.591297
     25.155222     292.428440
     25.176935     339.506608
     25.194937     301.204294
     25.207476     336.805491
     25.216855     349.897000
     25.234048     338.610820
     25.248672     343.974472
     25.263711     389.950220
     25.279258     339.683617
     25.296514     321.912298
     25.313439     354.887787
     25.320196     316.418321
     25.335952     276.008304
     25.359517     313.175996
     25.369351     291.217079
     25.389696     333.297440
     25.398648     269.896903
     25.414194     230.691068
     25.425767     217.096936
     25.443970     253.668057
     25.462944     291.548625
     25.471666     321.449483
     25.493964     346.529272
     25.503853     289.906878
     25.517872     277.002417
     25.530554     270.253648
     25.554532     310.894024
     25.567172     248.506009
     25.582655     295.135337
     25.593741     310.955870
     25.607215     243.932080
     25.622892     280.152672
     25.642832     300.733001
     25.654387     311.896291
     25.671686     273.946619
     25.685520     266.480897
     25.703109     300.678030
     25.712895     312.664327
     25.731865     327.672698
     25.745558     339.660746
     25.756403     368.286524
     25.771979     261.426518
     25.792143     276.430907
     25.801266     280.106474
     25.818882     298.798925
     25.835866     268.002373
     25.848432     241.255474
     25.864975     306.540111
     25.881772     288.128354
     25.894797     236.309877
     25.914203     265.868800
     25.926932     320.938977
     25.940478     346.027777
     25.959611     309.962307
     25.966986     274.540675
     25.987847     271.742805
     25.997110     323.471386
     26.015712     232.714002
     26.027210     305.415091
     26.040650     277.763961
     26.056234     260.355168
     26.079690     322.066540
     26.094772     299.638982
     26.100412     322.137604
     26.119628     255.617172
     26.137713     294.434381
     26.145567     313.528408
     26.165740     369.257757
     26.179780     330.820074
     26.190964     292.626867
     26.206567     353.113287
     26.223762     290.595376
     26.238754     368.802324
     26.257750     331.513299
     26.268173     270.613201
     26.283012     287.113154
     26.296782     262.094491
     26.318610     344.412720
     26.333292     300.177735
     26.347911     355.590942
     26.362846     295.365617
     26.378732     357.698870
     26.387966     287.433253
     26.404681     364.850985
     26.416695     249.058908
     26.437019     345.925982
     26.453157     307.888720
     26.468013     329.680654
     26.480168     268.139568
     26.492276     342.953673
     26.507432     351.590248
     26.524370     271.441777
     26.538995     272.862730
     26.551503     264.879147
     26.567025     323.808151
     26.586384     366.943058
     26.599617     318.970851
     26.616696     298.712412
     26.627120     357.958760
     26.645455     270.506347
     26.658616     289.784595
     26.677976     308.318480
     26.694184     297.370862
     26.706200     272.156356
     26.717979     289.844373
     26.737052     305.459337
     26.750476     305.564874
     26.768986     286.155406
     26.784363     226.344373
     26.791555     283.224637
     26.813164     250.182827
     26.820813     299.542415
     26.840487     230.417319
     26.854197     300.367351
     26.870467     309.164265
     26.881277     318.087305
     26.895685     252.743000
     26.918827     330.328525
     26.925074     258.028944
     26.943608     394.693162
     26.964660     347.292573
     26.979376     293.954070
     26.993556     338.178384
     27.009575     307.378024
     27.023778     321.033151
     27.031984     356.960164
     27.050671     309.203805
     27.066746     360.560090
     27.084417     295.253330
     27.091059     334.399475
     27.114509     273.373905
     27.123783     295.738798
     27.138154     307.635412
     27.156443     263.478988
     27.167890     267.011605
     27.185122     276.303994
     27.199843     288.977696
     27.217093     350.725863
     27.227397     349.638197
     27.248297     369.079036
     27.264874     291.795181
     27.279488     247.266160
     27.294522     324.395545
     27.304811     263.609716
     27.318903     263.159728
     27.335706     330.746204
     27.351653     309.755387
     27.362095     302.402214
     27.381268     299.781668
     27.399610     331.068725
     27.408705     249.435101
     27.428780     335.745625
     27.436641     283.146651
     27.455842     339.368132
     27.470736     345.752134
     27.483809     281.774494
     27.499756     338.252208
     27.515886     266.616229
     27.528183     352.475014
     27.548161     290.146361
     27.556936     343.681274
     27.573613     341.550303
     27.592070     333.540743
     27.600737     308.720931
     27.616416     271.289466
     27.636832     291.396214
     27.647635     303.723078
     27.663377     356.434818
     27.681763     351.565851
     27.693102     342.846298
     27.712982     309.672476
     27.722725     291.148787
     27.743605     340.918748
     27.754399     333.595214
     27.765709     333.840616
     27.781248     308.426651
     27.797187     289.534451
     27.814368     341.955867
     27.827236     249.352883
     27.845845     289.586059
     27.862946     343.571746
     27.870526     309.781411
     27.885195     385.471084
     27.902623     388.111118
     27.918808     403.670329
     27.932614     396.579341
     27.948420     293.741705
     27.961027     359.976779
     27.984530     366.286552
     27.997033     300.572412
     28.009420     362.417895
     28.027929     282.625597
     28.039635     352.186394
     28.058140     301.999131
     28.071342     260.260751
     28.089136     321.569176
     28.097788     296.959880
     28.116413     346.010055
     28.132022     334.069728
     28.143564     265.752302
     28.158511     337.455688
     28.175448     320.170690
     28.185223     307.640595
     28.202677     321.054040
     28.218144     296.981236
     28.236071     329.185394
     28.252484     272.278415
     28.268039     282.984590
     28.276706     335.599945
     28.298986     280.543211
     28.308955     286.769477
     28.322715     297.208052
     28.340083     358.686908
     28.359950     292.729135
     28.366431     339.657718
     28.381488     350.112363
     28.400451     291.056138
     28.413533     332.831753
     28.430897     321.954181
     28.444218     326.413032
     28.456994     376.077585
     28.473355     415.099710
     28.492111     323.067584
     28.506927     328.763766
     28.516459     345.146729
     28.534675     385.030787
     28.551981     377.012887
     28.564542     399.487886
     28.583276     336.922220
     28.593712     380.883368
     28.606965     379.826346
     28.627721     355.784465
     28.636684     337.795094
     28.657412     304.513802
     28.669330     347.219825
     28.683920     323.697251
     28.701591     355.535394
     28.712398     281.281730
     28.732508     309.228271
     28.744109     315.530523
     28.761680     359.142247
     28.772517     266.251742
     28.789949     305.518115
     28.804178     321.997208
     28.816040     319.262489
     28.837331     320.170753
     28.848777     367.424856
     28.862779     284.488992
     28.881990     294.415067
     28.894282     312.302754
     28.909090     330.356831
     28.922729     375.059081
     28.943926     369.266340
     28.957488     302.584421
     28.971566     401.086083
     28.984105     381.242731
     29.002384     344.282529
     29.014655     341.080038
     29.032133     363.732527
     29.040338     357.522932
     29.055074     333.428010
     29.077364     298.160624
     29.090960     267.506401
     29.104446     293.041452
     29.119320     359.545017
     29.139119     313.216897
     29.150390     339.823047
     29.162529     305.217160
     29.179412     349.290089
     29.197262     282.026150
     29.206978     291.413621
     29.221087     380.025714
     29.238870     319.333717
     29.250352     298.314200
     29.270248     353.727980
     29.285744     271.251607
     29.302764     326.231029
     29.311604     315.529250
     29.326282     315.633871
     29.343795     315.501530
     29.361243     233.989845
     29.371493     237.880389
     29.389028     246.322107
     29.403052     293.246912
     29.420124     251.835726
     29.437410     267.104298
     29.454158     341.664707
     29.462800     293.525530
     29.480160     322.115633
     29.496979     245.537688
     29.513391     260.068675
     29.525185     275.736192
     29.540504     249.984895
     29.555724     290.996463
     29.573650     258.911727
     29.584358     330.912427
     29.598442     314.697167
     29.616053     325.748404
     29.631179     352.295351
     29.646343     314.296465
     29.660781     289.746338
     29.679653     259.245430
     29.691698     324.313586
     29.701212     274.013065
     29.720480     289.358843
     29.734573     252.051273
     29.752498     318.926960
     29.769614     258.413307
     29.779355     307.099424
     29.796293     336.391026
     29.810539     315.983504
     29.828655     265.277845
     29.844530     273.014093
     29.857887     282.683198
     29.869426     245.228237
     29.885817     278.473621
     29.895443     301.643445
     29.919508     278.611490
     29.932525     333.141261
     29.942256     317.351800
     29.955224     253.242770
     29.972783     309.505458
     29.991141     282.147934
     30.006751     361.532277
     30.024428     283.017203
     30.036990     330.025948
     30.048526     315.853781
     30.068638     222.469914
     30.078170     275.445976
     30.099850     253.029603
     30.107248     344.614459
     30.126780     228.096363
     30.140250     239.686861
     30.153641     262.571941
     30.173118     312.863421
     30.182519     314.673539
     30.204946     226.057983
     30.215539     277.554695
     30.225021     293.113859
     30.245800     259.516877
     30.257294     300.461409
     30.271545     291.706650
     30.291368     259.633132
     30.302836     283.294842
     30.317090     269.864499
     30.339244     234.141891
     30.347712     258.716547
     30.366550     262.545951
     30.375936     316.934655
     30.399514     290.980378
     30.409393     238.855336
     30.422836     254.269822
     30.439657     247.216502
     30.454573     281.948280
     30.473260     249.347662
     30.486595     283.626420
     30.495402     315.016821
     30.516768     310.833768
     30.530341     336.292185
     30.549916     295.676797
     30.555874     355.875582
     30.575702     387.416130
     30.592383     262.862614
     30.606487     262.414542
     30.624977     304.311086
     30.632028     298.198976
     30.646233     311.520498
     30.667063     288.720013
     30.682279     260.532903
     30.694405     309.531805
     30.706655     276.451119
     30.722866     342.697697
     30.744310     308.556918
     30.754258     295.485984
     30.774443     289.898635
     30.785750     310.198023
     30.795409     283.596573
     30.817561     305.488209
     30.826407     268.695273
     30.842275     329.384380
     30.860413     292.301607
     30.870932     227.976392
     30.887150     265.222412
     30.903334     267.243224
     30.917548     353.101696
     30.931552     296.922113
     30.953550     315.500119
     30.967547     364.119887
     30.981060     251.878869
     30.993413     317.721013
     31.006540     295.527629
     31.020872     326.152296
     31.043101     291.570041
     31.057044     308.109922
     31.065707     258.445703
     31.085293     296.114658
     31.095505     272.618448
     31.119276     300.617617
     31.130868     260.591117
     31.142727     276.502805
     31.156516     286.028895
     31.175064     320.424180
     31.186197     301.722777
     31.201480     236.718750
     31.220944     324.595735
     31.234889     261.954803
     31.246859     295.152398
     31.266675     225.826352
     31.275582     285.714539
     31.297391     221.454673
     31.312006     254.120695
     31.321278     323.151580
     31.336924     271.694655
     31.355620     297.552744
     31.373475     244.568698
     31.380864     239.860312
     31.402827     259.180660
     31.417946     321.236267
     31.429972     325.245757
     31.440295     297.314836
     31.459143     305.241493
     31.474048     317.144672
     31.494135     277.361419
     31.505695     343.620309
     31.519455     271.925208
     31.530880     266.631761
     31.545365     279.021383
     31.568416     308.979283
     31.581434     287.092059
     31.599749     308.424136
     31.611330     325.357827
     31.621710     333.047596
     31.640880     267.953268
     31.654535     305.849805
     31.671701     317.169946
     31.681925     232.532241
     31.700455     234.126063
     31.718635     297.321341
     31.728327     310.060221
     31.745362     292.544703
     31.757791     300.550782
     31.778235     277.656602
     31.787566     332.771600
     31.802180     238.492477
     31.819511     270.573951
     31.837522     299.315547
     31.847601     238.836636
     31.868158     333.542705
     31.879839     302.717306
     31.890444     325.889299
     31.905702     231.900153
     31.926693     274.950882
     31.942190     254.408238
     31.956058     317.994422
     31.965150     248.916762
     31.989091     216.838739
     32.001557     321.978368
     32.019260     311.629348
     32.030653     269.775724
     32.044675     337.270079
     32.060608     332.662541
     32.079080     318.327652
     32.092307     253.313047
     32.102993     356.341967
     32.124644     293.037348
     32.130821     315.931673
     32.146006     255.799345
     32.160193     256.478283
     32.176169     322.428383
     32.197267     306.664892
     32.214630     352.256883
     32.226946     350.218487
     32.241425     235.986648
     32.258001     291.758656
     32.274485     296.553073
     32.282344     266.822451
     32.297203     283.521042
     32.316958     300.016394
     32.334719     252.314767
     32.343627     324.398121
     32.359303     277.134906
     32.370524     300.736163
     32.387387     331.816747
     32.409442     289.555751
     32.418027     236.622570
     32.439490     323.467369
     32.449443     273.936981
     32.467086     294.536476
     32.484664     284.136173
     32.495422     215.331014
     32.506606     239.123911
     32.528519     284.967422
     32.537128     281.811436
     32.554176     310.547597
     32.573275     316.955680
     32.581296     297.517222
     32.602480     293.108392
     32.616400     353.611818
     32.630033     274.735700
     32.646378     269.352511
     32.661956     296.341256
     32.675454     326.367179
     32.694635     337.112147
     32.702684     322.116074
     32.715570     309.922121
     32.736138     261.801264
     32.752380     279.472355
     32.764941     266.569627
     32.784223     244.903922
     32.793240     348.949667
     32.808008     297.378752
     32.826206     316.593278
     32.844801     316.310323
     32.854446     306.086850
     32.865442     255.786149
     32.884979     278.816781
     32.896356     307.424362
     32.910133     276.805397
     32.932777     252.268649
     32.940683     238.014969
     32.962396     320.945407
     32.973186     234.386339
     32.990373     273.224200
     33.006223     284.783490
     33.022222     327.130801
     33.035099     306.207149
     33.046214     232.403424
     33.067716     281.984011
     33.084840     333.836752
     33.097858     228.945327
     33.107501     311.967655
     33.128422     356.122642
     33.142758     232.179253
     33.154419     272.299240
     33.166807     270.314283
     33.186254     279.111871
     33.197447     277.344083
     33.218072     304.245200
     33.232309     283.231516
     33.245061     300.532017
     33.263669     249.813147
     33.278254     316.661873
     33.285312     246.308698
     33.306600     285.098513
     33.320994     303.638826
     33.336572     274.971088
     33.352654     258.853960
     33.361348     248.338584
     33.383753     308.598155
     33.393735     266.963775
     33.414843     243.775887
     33.421789     296.540743
     33.435285     267.048309
     33.459162     272.434324
     33.469188     292.087991
     33.486139     230.878643
     33.504881     241.199670
     33.514617     295.248205
     33.528705     289.100773
     33.541809     222.288410
     33.563479     244.576686
     33.573028     284.710103
     33.594109     312.295924
     33.608981     223.289470
     33.617787     281.034706
     33.633258     231.326721
     33.649056     286.361042
     33.668661     270.765011
     33.683043     262.761398
     33.696140     230.784787
     33.705220     310.801451
     33.721694     281.969054
     33.737647     317.283132
     33.752794     288.888821
     33.769916     287.410050
     33.783237     277.746864
     33.804351     232.876688
     33.811901     264.874865
     33.832653     289.028630
     33.841882     320.552343
     33.860336     286.047322
     33.878305     290.796450
     33.891328     276.273738
     33.900764     265.307540
     33.920075     311.503197
     33.931090     255.569229
     33.949607     234.205030
     33.967541     241.377633
     33.978995     282.477229
     33.992833     238.760836
     34.011683     264.078716
     34.022645     332.289613
     34.044314     305.416477
     34.056580     282.274333
     34.066648     330.892661
     34.085129     294.032819
     34.095280     319.874877
     34.112292     240.702585
     34.133706     268.631721
     34.143890     245.753963
     34.159386     277.060209
     34.177259     296.186562
     34.187117     270.636857
     34.209100     238.566832
     34.224838     250.195022
     34.230708     229.296760
     34.251315     255.940806
     34.263831     254.727400
     34.280282     313.160905
     34.291234     288.760859
     34.308281     309.110962
     34.325905     292.069673
     34.343297     282.713960
     34.350378     270.510700
     34.368790     285.829284
     34.387894     320.677096
     34.399186     318.676324
     34.410574     270.038209
     34.427794     303.789185
     34.447322     237.789729
     34.459375     312.210003
     34.472899     283.562133
     34.488364     295.848326
     34.508157     270.336064
     34.520576     310.562199
     34.538430     270.487617
     34.554349     276.943359
     34.565083     240.048718
     34.577728     311.925949
     34.592068     228.228270
     34.613908     321.398447
     34.626183     277.690810
     34.637788     294.398191
     34.650769     285.119207
     34.669369     298.556764
     34.686633     257.264425
     34.699055     306.413601
     34.711107     281.577520
     34.732029     328.861643
     34.748255     238.049792
     34.758761     261.709246
     34.777732     281.885185
     34.790471     259.493332
     34.808688     300.594816
     34.817338     223.194568
     34.836756     281.629306
     34.851796     335.065351
     34.865942     369.023269
     34.878063     228.957844
     34.893424     245.004581
     34.907420     315.678701
     34.925137     319.503871
     34.940670     271.257740
     34.958567     290.279868
     34.966716     237.724569
     34.988290     322.606614
     35.004723     224.319587
     35.014847     252.910688
     35.027295     314.887024
     35.041541     246.324719
     35.059309     321.478812
     35.071074     289.049352
     35.090059     287.308241
     35.107455     311.198703
     35.121358     224.508179
     35.135401     293.523284
     35.150396     219.463477
     35.166867     254.467539
     35.179317     247.379547
     35.199694     266.022010
     35.205043     267.545394
     35.227669     320.437596
     35.242856     230.040980
     35.259148     243.115325
     35.272834     285.968445
     35.285999     232.754890
     35.296485     254.128744
     35.313831     243.231192
     35.334640     214.555418
     35.348353     268.351993
     35.361960     256.826011
     35.375599     215.133892
     35.386831     241.681520
     35.400292     251.450968
     35.424230     251.848693
     35.432036     250.399304
     35.450604     266.661747
     35.467325     240.794995
     35.476189     237.797483
     35.490332     278.628481
     35.505771     253.055259
     35.525591     330.400624
     35.537215     211.855050
     35.557382     269.829723
     35.569238     248.721652
     35.587721     221.112476
     35.603024     212.928009
     35.610121     267.457902
     35.634433     287.573356
     35.645885     215.768586
     35.656344     248.492990
     35.670831     272.598936
     35.692684     223.753610
     35.703761     297.196029
     35.722013     293.871048
     35.731784     226.239308
     35.752342     225.738638
     35.768165     227.817329
     35.780723     239.847015
     35.796642     209.708562
     35.807803     287.713131
     35.829540     275.502298
     35.836411     247.723981
     35.856809     282.606414
     35.869755     257.951065
     35.880889     271.509319
     35.896707     216.110349
     35.913909     213.975082
     35.931233     232.989330
     35.946543     279.622269
     35.959346     266.932576
     35.976938     253.540728
     35.993181     281.573585
     36.004243     264.893594
     36.022956     294.744990
     36.038413     192.785405
     36.049730     266.393587
     36.068653     300.059547
     36.083779     281.060772
     36.093180     218.528313
     36.114972     281.026759
     36.120420     314.562340
     36.139552     239.675192
     36.159837     300.367418
     36.173042     304.227849
     36.182975     211.906302
     36.197357     283.799187
     36.219455     258.537825
     36.229043     257.862439
     36.244834     250.442044
     36.256367     248.027234
     36.276571     229.487542
     36.293715     262.808979
     36.302450     239.631379
     36.324216     314.279507
     36.333228     297.905718
     36.353496     255.245380
     36.365961     312.526284
     36.383466     272.299397
     36.390601     214.579875
     36.408795     241.528006
     36.427696     254.145486
     36.436774     242.699864
     36.454551     281.535347
     36.471390     232.060221
     36.488529     281.304324
     36.501296     292.170896
     36.510678     254.475540
     36.525347     284.441046
     36.549925     198.303158
     36.557615     224.347399
     36.572905     287.515208
     36.586059     242.063055
     36.608374     192.036657
     36.621477     289.307978
     36.635194     259.588182
     36.645563     228.477189
     36.660548     227.461080
     36.675851     280.534200
     36.692870     268.992016
     36.712062     271.570752
     36.729982     221.591837
     36.741516     229.528609
     36.752144     247.642747
     36.771330     208.077055
     36.785015     304.564077
     36.798734     324.173579
     36.812593     286.232218
     36.827788     301.771831
     36.845674     221.868872
     36.862486     241.429601
     36.879995     254.829220
     36.889064     269.975328
     36.902050     194.166893
     36.919131     253.776656
     36.934632     228.297958
     36.952556     207.028668
     36.969071     237.809767
     36.980105     304.157875
     36.992661     228.924440
     37.007719     207.357447
     37.026595     258.798614
     37.036933     278.576079
     37.050970     220.748429
     37.068610     260.426475
     37.089321     233.139960
     37.096444     283.453591
     37.116077     290.024402
     37.128871     251.280606
     37.145351     255.030801
     37.155177     254.326679
     37.178176     251.567403
     37.188995     263.631577
     37.203558     251.430181
     37.219451     254.673455
     37.239174     252.196403
     37.245156     318.244495
     37.268183     294.906658
     37.282594     259.187278
     37.294811     260.780270
     37.311498     276.041566
     37.325275     302.698387
     37.335215     230.403519
     37.357405     298.274260
     37.372937     249.690872
     37.388171     218.005297
     37.399694     283.928325
     37.417033     307.711336
     37.430585     242.623002
     37.443915     243.090618
     37.460114     207.119709
     37.470932     209.023705
     37.494306     299.451913
     37.501860     171.508502
     37.516263     223.983680
     37.537670     281.569508
     37.545978     278.347847
     37.568765     257.505395
     37.584474     295.195798
     37.597721     226.711637
     37.613462     304.172980
     37.620946     333.048366
     37.640363     265.972034
     37.655478     281.157302
     37.669729     241.175823
     37.687946     212.425493
     37.701685     218.330688
     37.712277     264.522359
     37.730416     279.527009
     37.749542     223.889092
     37.758372     273.416392
     37.771913     254.673630
     37.788808     279.093841
     37.805038     267.056646
     37.820768     266.690360
     37.831823     307.321227
     37.854716     266.909291
     37.860732     291.470669
     37.880329     217.148555
     37.894442     277.380506
     37.913967     206.895438
     37.922479     217.148256
     37.943417     249.238026
     37.959076     227.151454
     37.972841     221.454609
     37.988751     262.517344
     37.998748     233.123012
     38.013515     189.808775
     38.031810     207.922833
     38.049949     236.387017
     38.055100     253.948422
     38.073756     255.543731
     38.086087     255.238765
     38.109995     278.365744
     38.119062     260.780913
     38.135762     226.235503
     38.154659     198.352812
     38.169734     262.529888
     38.181605     281.791248
     38.196291     272.501053
     38.205620     193.032441
     38.220599     230.971930
     38.237840     301.361131
     38.257146     196.424853
     38.274664     251.272305
     38.280646     205.205115
     38.301455     292.978151
     38.314504     193.267539
     38.334054     200.964023
     38.346135     271.475850
     38.358322     236.414521
     38.379340     252.228434
     38.391432     253.372474
     38.409204     302.485437
     38.418313     252.705696
     38.437663     261.170366
     38.450432     265.068079
     38.464764     245.097529
     38.480205     195.501909
     38.491681     281.288416
     38.509029     229.094004
     38.528131     208.346289
     38.535341     225.887302
     38.558299     218.049144
     38.571096     275.375770
     38.585703     263.465422
     38.604097     245.836149
     38.617850     211.686920
     38.633381     278.459152
     38.649830     224.229556
     38.664849     214.419636
     38.670425     250.116478
     38.690731     229.544852
     38.709399     252.594508
     38.722800     200.874910
     38.730616     168.280137
     38.750636     240.102795
     38.761816     186.302820
     38.780375     200.265324
     38.796408     232.760900
     38.807015     191.159250
     38.824017     235.951937
     38.844434     277.619683
     38.851263     291.908026
     38.865599     293.362217
     38.882824     274.366059
     38.897976     241.745184
     38.910053     231.106569
     38.925799     248.352991
     38.946128     278.653286
     38.958339     208.458491
     38.970761     201.837092
     38.989997     225.617387
     39.008424     255.864162
     39.020978     203.660437
     39.036646     258.751591
     39.048639     213.861488
     39.060128     301.124702
     39.079550     213.492278
     39.095624     217.716650
     39.114051     239.742031
     39.122398     243.943675
     39.138903     274.918834
     39.155886     228.003394
     39.173766     250.775618
     39.185241     248.709058
     39.195967     267.495879
     39.217348     257.221144
     39.227748     222.612745
     39.247865     267.720747
     39.261206     219.622709
     39.272213     212.038758
     39.294837     271.693234
     39.300666     204.046756
     39.323707     278.645632
     39.331201     238.208928
     39.351746     228.405206
     39.361424     237.748962
     39.382345     243.704014
     39.391150     220.368203
     39.414618     279.329155
     39.427686     237.475291
     39.435197     215.202616
     39.452595     241.337140
     39.471920     195.217792
     39.489343     242.043147
     39.502030     280.381663
     39.519066     275.788944
     39.529070     262.076975
     39.544207     216.789015
     39.558510     249.360434
     39.576402     242.323035
     39.594910     231.226980
     39.603662     225.484714
     39.615732     296.132438
     39.631223     236.606668
     39.652880     209.071824
     39.665936     245.058687
     39.682911     210.124525
     39.696975     204.794184
     39.712551     236.580571
     39.725740     313.758374
     39.741351     226.665597
     39.751476     263.716690
     39.768533     249.025949
     39.788966     314.439977
     39.804641     272.769600
     39.818175     255.637240
     39.828254     209.723890
     39.845286     225.972823
     39.861397     194.779530
     39.877580     284.597251
     39.888920     288.356150
     39.906593     261.950689
     39.920506     230.584830
     39.936882     269.226483
     39.946617     295.436202
     39.969843     249.647318
     39.977949     279.618417
     39.994840     292.380811
     40.011113     242.840234
     40.026148     248.691729
     40.040581     232.255572
     40.059450     228.882371
     40.071364     231.464607
     40.085945     291.567157
     40.095508     240.991181
     40.112015     228.724230
     40.129245     285.833324
     40.148221     243.127583
     40.160809     253.719679
     40.173214     275.649485
     40.194957     231.429840
     40.204646     252.903838
     40.224023     297.708719
     40.239268     223.367811
     40.247547     234.270484
     40.266504     239.680854
     40.276039     245.847996
     40.292738     255.484400
     40.311257     220.130087
     40.329103     234.749339
     40.339075     281.710841
     40.356723     263.446056
     40.368430     280.017812
     40.383139     241.970277
     40.398426     201.405343
     40.410111     282.803534
     40.429289     252.000340
     40.442180     264.067817
     40.462466     280.067557
     40.477832     270.858928
     40.488951     215.798475
     40.507932     271.923692
     40.521649     234.367878
     40.533547     249.806317
     40.552095     242.977931
     40.561023     280.907560
     40.575566     259.497644
     40.595544     262.849420
     40.609815     236.206920
     40.626129     310.063583
     40.638929     231.622950
     40.653033     242.343703
     40.666532     206.497546
     40.686732     286.706109
     40.701696     311.516641
     40.719184     252.730949
     40.731062     261.642735
     40.742795     209.106554
     40.755761     256.010003
     40.771410     206.965155
     40.790039     249.792703
     40.808536     253.074178
     40.822420     217.098601
     40.838711     220.893242
     40.852821     281.556202
     40.866599     216.018460
     40.878924     305.026201
     40.896231     227.914326
     40.913683     219.897533
     40.924675     219.269528
     40.939229     233.704660
     40.953239     222.881651
     40.968333     290.748577
     40.988972     270.682732
     40.996405     268.272437
     41.016817     267.889464
     41.034588     203.859349
     41.044015     232.609446
     41.064896     256.594700
     41.070093     230.755917
     41.085814     220.195990
     41.108609     211.394761
     41.116422     254.827995
     41.134551     285.160401
     41.152036     256.720216
     41.163791     253.417722
     41.178854     225.236807
     41.194996     217.977869
     41.210032     305.198985
     41.225705     286.419733
     41.238736     300.180401
     41.253474     244.020154
     41.274873     203.956616
     41.280458     271.279937
     41.301153     232.852742
     41.311196     273.184508
     41.326006     238.006394
     41.345665     293.819103
     41.361413     252.534693
     41.374355     196.612255
     41.392478     235.782923
     41.409581     218.926689
     41.419657     213.585039
     41.437993     235.458641
     41.449689     293.196398
     41.466238     268.551128
     41.478585     220.588483
     41.497266     218.480875
     41.509845     217.899619
     41.520812     246.775695
     41.536225     200.461719
     41.551714     200.935101
     41.566432     281.383932
     41.587180     211.857447
     41.595993     264.335892
     41.619992     237.893162
     41.634362     271.802841
     41.649105     228.880831
     41.656676     294.512770
     41.679338     226.151175
     41.685598     261.755738
     41.703288     214.133898
     41.719076     263.832459
     41.733878     191.968126
     41.753531     260.029131
     41.764359     183.486848
     41.779043     278.562368
     41.793114     254.690748
     41.810691     214.958373
     41.820852     244.225903
     41.836895     191.176196
     41.850240     307.030100
     41.868038     260.913059
     41.887156     202.581401
