      2.002680      -2.541028
      2.015692     -11.704847
      2.032925       7.721384
      2.045336      30.968973
      2.063584      11.498650
      2.074781       0.441384
      2.086702       3.509996
      2.104237      57.180810
      2.121050       7.007127
      2.133003      44.963970
      2.154335      35.866250
      2.160514      33.804491
      2.179807      45.392589
      2.191496      53.019901
      2.206711     118.108259
      2.222122     150.540232
      2.238254     161.990015
      2.254281     166.756532
      2.267364     188.937538
      2.284225     202.901865
      2.302893     265.475002
      2.317544     283.278513
      2.334116     270.232325
      2.349051     354.676564
      2.364759     300.055469
      2.379943     337.953086
      2.392145     388.911176
      2.404105     466.081425
      2.421187     437.387502
      2.432966     443.021082
      2.449810     513.933081
      2.461897     498.196530
      2.477943     486.850164
      2.494315     494.309951
      2.512499     505.207082
      2.523386     561.286168
      2.544627     496.300509
      2.556176     586.085147
      2.570892     533.698844
      2.589083     613.978402
      2.601372     578.746051
      2.611195     533.324102
      2.625663     540.997190
      2.645885     632.022045
      2.660078     597.959619
      2.675528     591.820140
      2.694538     621.348061
      2.704295     707.235629
      2.721503     687.071324
      2.731596     634.255530
      2.752411     656.805380
      2.765767     678.791634
      2.779861     665.072226
      2.794631     667.963521
      2.808403     757.723583
      2.823839     765.463369
      2.839509     750.905829
      2.850036     761.413012
      2.872994     813.310652
      2.882485     895.168130
      2.895707     872.706268
      2.918143     868.061759
      2.928177     917.286797
      2.944279     946.866473
      2.956994     910.165983
      2.972459     892.390814
      2.992367    1011.892366
      3.005194    1021.335498
      3.023710     983.708016
      3.034299    1014.083921
      3.050965    1058.884907
      3.064806    1086.329196
      3.082443    1264.075950
      3.092016    1249.984983
      3.109529    1210.533451
      3.128029    1254.878599
      3.135022    1418.569174
      3.157560    1396.700996
      3.165222    1513.599134
      3.181381    1609.067567
      3.200342    1739.515417
      3.213668    1816.406685
      3.233029    1912.728144
      3.249311    2014.294613
      3.260794    2061.813088
      3.273205    2296.063118
      3.286859    2530.342746
      3.305982    2886.669369
      3.319093    3303.676505
      3.338710    3987.569538
      3.346616    4607.179859
      3.362711    4917.462080
      3.375347    4103.723775
      3.397920    2130.764120
      3.407710     996.353702
      3.420894     636.213246
      3.440541     606.974261
      3.457203     455.686944
      3.473819     402.512548
      3.489341     422.130167
      3.498905     447.934260
      3.516181     343.413607
      3.529897     317.053055
      3.541384     395.362348
      3.559624     366.255098
      3.577251     378.685994
      3.591643     356.804547
      3.605232     288.638484
      3.618162     361.524214
      3.631700     301.244631
      3.649288     366.850439
      3.663106     341.763661
      3.678355     295.098407
      3.698406     344.063854
      3.710378     299.180127
      3.724490     300.620831
      3.741201     374.437156
      3.753549     395.160750
      3.766162     382.884603
      3.786936     234.380403
      3.795848     334.727631
      3.818095     389.655586
      3.830335     289.530730
      3.843417     266.549715
      3.862314     273.719893
      3.872213     300.387813
      3.886994     300.424674
      3.906593     392.418190
      3.915544     342.056291
      3.932163     299.119116
      3.949076     278.457944
      3.964606     325.789201
      3.976542     370.893550
      3.994220     393.637095
      4.013163     395.724838
      4.024968     375.329024
      4.043317     350.361271
      4.056761     343.785003
      4.073590     319.820662
      4.089508     321.597264
      4.101661     288.963933
      4.118024     347.230508
      4.129251     399.949016
      4.144768     342.013900
      4.158570     366.038795
      4.175833     382.230765
      4.185837     352.931075
      4.207362     315.689447
      4.220849     314.225746
      4.238793     369.297598
      4.250480     384.832328
      4.264126     376.432200
      4.276527     346.910911
      4.298822     444.761707
      4.306465     399.170823
      4.325561     439.801177
      4.341621     371.415427
      4.358403     389.461284
      4.367324     415.229949
      4.387046     402.456398
      4.398972     470.502774
      4.416103     487.165906
      4.434738     453.228998
      4.444898     465.954162
      4.457434     442.036567
      4.477596     547.577652
      4.486839     503.512988
      4.500247     455.430120
      4.524559     487.874877
      4.537485     580.060338
      4.554278     616.992472
      4.563299     577.749498
      4.578437     641.505035
      4.599526     657.133985
      4.614841     605.910415
      4.627450     661.261989
      4.640987     773.480425
      4.659415     825.266989
      4.672863     823.756033
      4.681605     874.970767
      4.698136     984.863082
      4.711403    1080.635354
      4.734216    1185.906873
      4.746858    1314.568666
      4.757924    1554.382549
      4.770080    1526.214310
      4.785028    1107.090171
      4.808855     725.466334
      4.818103     431.322127
      4.838344     427.078129
      4.847417     341.355218
      4.868228     405.842417
      4.880572     389.972130
      4.892306     362.247958
      4.909341     389.170041
      4.925670     401.695536
      4.942936     373.380159
      4.957354     349.004980
      4.974848     379.514535
      4.983921     353.208692
      4.997768     389.635644
      5.017389     392.455802
      5.032751     496.179562
      5.040336     349.939175
      5.057430     364.144866
      5.073014     429.815253
      5.085430     467.900018
      5.106111     431.025466
      5.123181     380.853551
      5.137800     403.642597
      5.148859     397.132065
      5.165398     465.577875
      5.182601     412.654519
      5.194352     369.225919
      5.209307     434.081702
      5.224678     463.580907
      5.242555     452.378636
      5.258804     417.587574
      5.273594     399.285421
      5.284192     511.234299
      5.297129     482.040988
      5.317141     506.331119
      5.334404     474.575830
      5.344503     498.574472
      5.361321     462.871394
      5.373682     470.503381
      5.389308     423.014958
      5.405387     561.495491
      5.424086     493.671189
      5.438203     551.268398
      5.452914     592.225299
      5.464314     599.850315
      5.477797     613.923101
      5.492377     652.270275
      5.506739     544.686998
      5.526708     689.249956
      5.539354     658.000211
      5.555390     715.433434
      5.568676     682.974056
      5.585936     809.088893
      5.596106     783.394595
      5.617452     790.918075
      5.630518     807.572262
      5.642706     895.040455
      5.660848     877.883288
      5.671209    1019.180700
      5.689408    1016.481548
      5.702794    1004.654893
      5.723849    1121.552592
      5.737244    1230.165693
      5.747769    1361.535358
      5.765974    1555.394201
      5.776691    1706.206815
      5.794344    1978.989960
      5.809364    2368.370354
      5.822528    2814.886615
      5.843977    3024.475008
      5.859921    2515.475193
      5.873333    1579.542763
      5.887278     895.891417
      5.901802     557.808231
      5.913268     463.320971
      5.932932     432.135054
      5.941999     450.156355
      5.964093     425.525478
      5.972268     474.429229
      5.991555     378.367443
      6.007455     421.048775
      6.020195     432.775106
      6.033177     366.609369
      6.050431     331.548646
      6.065558     362.057000
      6.084916     372.183290
      6.095621     392.075077
      6.112167     396.511385
      6.129223     387.341112
      6.135971     351.658515
      6.154621     407.991191
      6.165436     430.101781
      6.180889     383.841666
      6.201257     439.615001
      6.219212     442.747353
      6.225794     379.284910
      6.249638     372.841120
      6.261970     450.017828
      6.279078     413.782167
      6.290210     465.023123
      6.309664     489.135226
      6.318000     377.480835
      6.332791     398.805518
      6.354079     370.412967
      6.363959     393.379356
      6.384905     416.912716
      6.397790     386.146279
      6.405480     426.978578
      6.427301     418.523098
      6.441726     473.946949
      6.459435     423.339060
      6.465582     378.630803
      6.484639     433.888652
      6.502152     418.526333
      6.516115     494.089001
      6.528932     420.954052
      6.546902     477.222930
      6.555247     474.121105
      6.570087     493.865838
      6.592082     546.319453
      6.608932     537.872582
      6.618955     554.291625
      6.637932     528.312555
      6.652592     605.594533
      6.661915     692.749724
      6.678929     725.318058
      6.694999     762.850751
      6.708175     836.585230
      6.724851     903.645606
      6.740276    1086.496783
      6.753431    1076.186178
      6.766631     876.394558
      6.785880     599.410336
      6.798206     485.306968
      6.814285     423.311186
      6.826131     353.486162
      6.843619     377.085380
      6.861068     401.202075
      6.879522     400.933629
      6.888098     354.730042
      6.901483     400.223428
      6.919566     438.768965
      6.937489     412.511912
      6.946217     478.361742
      6.961322     418.095148
      6.978199     380.556994
      6.991778     365.009363
      7.006890     407.124054
      7.021022     369.078020
      7.043450     348.630607
      7.058844     380.285199
      7.070267     402.209180
      7.088990     359.475202
      7.101795     399.843006
      7.115853     430.027047
      7.131324     446.170692
      7.148163     421.613813
      7.162321     449.298380
      7.178412     435.927296
      7.188201     432.256470
      7.202875     532.886515
      7.220956     418.635440
      7.231514     470.381289
      7.247246     454.793763
      7.263832     466.072776
      7.276924     537.273254
      7.293366     534.835541
      7.312911     534.940469
      7.327661     505.325728
      7.340296     566.765896
      7.359274     606.090259
      7.366201     557.811964
      7.380031     601.042652
      7.397773     662.266703
      7.414082     693.866780
      7.432403     702.159371
      7.441292     701.912470
      7.460549     870.550206
      7.475985     894.775554
      7.486863     998.018341
      7.509009    1121.437263
      7.515494    1253.443632
      7.535221    1400.793321
      7.549320    1445.268370
      7.565999    1266.608979
      7.577049     938.873289
      7.590497     620.378863
      7.611099     568.254169
      7.623818     459.110822
      7.638157     461.878732
      7.658611     423.507124
      7.669453     481.135734
      7.681165     394.911547
      7.704036     448.456086
      7.713653     451.793580
      7.727696     417.569220
      7.748801     469.606427
      7.757888     465.959643
      7.777388     470.525697
      7.789606     460.693543
      7.802087     455.596295
      7.821549     438.496587
      7.837760     525.075666
      7.852768     487.739837
      7.862965     502.764813
      7.877111     541.467154
      7.894301     531.748456
      7.907886     507.114377
      7.926172     534.016803
      7.938853     544.147312
      7.954128     579.180400
      7.974735     497.472475
      7.988562     553.496365
      7.995545     620.725187
      8.014046     610.461266
      8.026808     689.350643
      8.046928     643.639018
      8.055963     681.201344
      8.074397     683.743007
      8.090312     709.987975
      8.101792     771.973149
      8.120066     783.905827
      8.138514     905.034334
      8.152201     961.465188
      8.168018    1004.359701
      8.175219    1127.823863
      8.193800    1190.053314
      8.210062    1301.482282
      8.222472    1560.755783
      8.241441    1773.260162
      8.251499    2063.269177
      8.267431    2186.482502
      8.282024    1941.325118
      8.295721    1363.866681
      8.319913     805.465299
      8.329298     544.199827
      8.344423     503.850257
      8.356869     396.522405
      8.377501     399.279066
      8.391500     400.541457
      8.406346     403.643524
      8.422075     371.663165
      8.432377     430.208177
      8.451815     425.028084
      8.464958     326.729303
      8.479680     390.714045
      8.490924     323.983477
      8.514785     408.800261
      8.526982     341.586671
      8.537059     330.187866
      8.558700     344.534064
      8.572959     380.396313
      8.588470     338.890614
      8.600205     397.246644
      8.610042     341.152580
      8.629520     428.182542
      8.644590     293.039659
      8.657084     348.881019
      8.674777     402.502632
      8.687593     405.564096
      8.706416     339.753529
      8.715849     342.520744
      8.732800     352.518906
      8.748478     391.206376
      8.768611     435.272572
      8.781341     376.858238
      8.796542     401.036563
      8.812796     392.640077
      8.825418     414.330511
      8.835921     416.855841
      8.853224     396.441322
      8.867700     375.213074
      8.882817     397.748493
      8.901893     433.106943
      8.910553     489.528553
      8.931973     509.867691
      8.947955     466.911181
      8.963889     423.850680
      8.979611     446.396621
      8.988666     359.195627
      9.006288     410.951115
      9.022574     377.414787
      9.032137     379.856948
      9.052728     379.483629
      9.065477     367.050921
      9.084588     344.914492
      9.093731     302.294395
      9.108020     388.265717
      9.120362     326.590637
      9.137841     303.415189
      9.154148     337.161523
      9.169185     412.780618
      9.180932     375.042562
      9.204575     333.765557
      9.215170     407.376715
      9.231328     344.401651
      9.244813     346.551000
      9.262366     357.187631
      9.274869     329.419792
      9.287772     379.291580
      9.300985     297.978656
      9.323359     294.396710
      9.338813     303.995353
      9.345740     324.734634
      9.364696     401.824297
      9.383228     312.457708
      9.391314     390.911217
      9.414343     358.969377
      9.425782     325.708033
      9.435153     342.349179
      9.452828     322.545119
      9.465601     308.947708
      9.483188     330.831532
      9.501266     363.728082
      9.518104     441.972577
      9.530837     416.559437
      9.545175     417.600134
      9.557602     354.316880
      9.571014     462.736185
      9.594107     371.763621
      9.603948     387.651969
      9.624661     354.599880
      9.634594     360.911816
      9.651862     330.390542
      9.662204     415.159128
      9.684256     344.396405
      9.690188     372.999485
      9.711666     347.293757
      9.722919     371.846733
      9.743513     374.462330
      9.758145     441.876978
      9.766062     368.741645
      9.782742     412.486537
      9.796215     441.600984
      9.812544     350.586783
      9.827719     409.423434
      9.840706     384.258167
      9.855531     375.906740
      9.879848     429.114869
      9.892685     411.571638
      9.906935     381.285129
      9.921176     454.436166
      9.938624     443.761267
      9.954611     436.755355
      9.965673     406.655033
      9.981419     368.211770
      9.990060     442.581954
     10.012898     493.253903
     10.027954     472.382532
     10.036369     457.800110
     10.058890     492.933168
     10.066884     510.690417
     10.089159     556.795561
     10.095721     564.862378
     10.117962     673.455653
     10.126133     670.095347
     10.143516     613.600467
     10.155656     577.001606
     10.172841     531.686620
     10.191545     453.675730
     10.201476     478.128284
     10.223371     317.473085
     10.237735     414.450825
     10.253199     400.667945
     10.264542     418.376843
     10.284534     422.254653
     10.298447     372.557339
     10.307986     424.969299
     10.326280     416.634369
     10.340564     404.103798
     10.356771     352.377807
     10.373513     338.720554
     10.385652     368.145846
     10.401954     347.448737
     10.410783     450.248761
     10.433989     336.531078
     10.447217     350.179902
     10.463919     331.589379
     10.475012     327.611028
     10.490886     417.151811
     10.501205     387.824457
     10.519225     409.477990
     10.537456     375.105366
     10.547137     379.674213
     10.566243     393.596244
     10.578672     359.651481
     10.593208     424.130295
     10.605089     432.688267
     10.621798     383.678851
     10.638731     392.894437
     10.655629     459.376379
     10.672236     418.829728
     10.688002     411.448763
     10.698340     424.365144
     10.713650     377.049924
     10.728100     428.723548
     10.748075     395.167654
     10.760328     345.022617
     10.776198     403.378684
     10.789521     338.773479
     10.802647     384.309901
     10.815810     436.153101
     10.835911     394.125585
     10.853056     373.161225
     10.861801     434.609798
     10.882946     401.953167
     10.891586     395.059560
     10.907301     395.569616
     10.922756     466.991394
     10.937026     414.540396
     10.953437     392.953371
     10.965311     450.856537
     10.980959     472.479523
     11.002325     454.823518
     11.018586     469.284961
     11.034732     467.789464
     11.041935     519.365429
     11.063113     521.904794
     11.073893     591.434006
     11.091159     593.172602
     11.104897     582.691560
     11.118429     614.960057
     11.137919     614.160663
     11.151725     698.058658
     11.162322     800.730781
     11.182951     881.059958
     11.193190     975.830159
     11.213043     955.096775
     11.224354     876.395278
     11.241913     798.851207
     11.254682     628.456259
     11.274635     521.422130
     11.280321     513.249503
     11.299719     475.991217
     11.317264     385.768226
     11.326839     443.169348
     11.346715     415.758614
     11.355711     400.854469
     11.371968     381.783825
     11.392089     400.494339
     11.408809     473.551260
     11.422711     399.085318
     11.436406     392.134523
     11.447559     369.602856
     11.469947     437.377572
     11.483262     420.741674
     11.493330     425.366832
     11.507654     403.420065
     11.527662     392.007393
     11.536742     466.851811
     11.554787     498.733118
     11.569311     418.105265
     11.589336     434.857675
     11.595577     499.344775
     11.613142     527.389751
     11.632197     517.735485
     11.646162     476.808790
     11.659842     544.562914
     11.673161     617.066801
     11.689292     620.104332
     11.706490     662.549141
     11.719273     665.334478
     11.734786     587.578444
     11.747785     550.328650
     11.768871     480.730396
     11.783128     399.438121
     11.796323     468.755394
     11.805108     415.669494
     11.823235     468.109868
     11.835205     504.933390
     11.856553     394.389764
     11.872742     465.128206
     11.886898     388.292490
     11.901802     497.508731
     11.919684     421.729066
     11.925244     500.203697
     11.948479     508.693370
     11.955277     408.144645
     11.978179     504.780386
     11.987070     496.669520
     12.008412     517.592597
     12.024297     562.074447
     12.032080     499.214641
     12.049903     607.568893
     12.069272     550.510877
     12.075284     591.135985
     12.090656     606.352207
     12.113068     698.256293
     12.127639     764.495506
     12.142641     866.126659
     12.152340     987.605543
     12.172991    1019.847180
     12.187266    1097.530079
     12.203199    1078.382766
     12.210582     980.754966
     12.226521     716.873776
     12.243406     543.805888
     12.259526     477.774728
     12.270411     397.281395
     12.288048     348.718802
     12.300664     399.943650
     12.315008     463.435968
     12.330401     421.728441
     12.349874     375.684337
     12.366936     411.176362
     12.377375     360.289130
     12.390121     392.037091
     12.405243     339.462851
     12.420039     439.555265
     12.440626     382.944781
     12.451391     329.744365
     12.471930     469.501336
     12.482638     349.296829
     12.501655     366.120502
     12.519407     347.950301
     12.532960     412.436620
     12.544439     394.812316
     12.558999     377.067401
     12.574128     416.496415
     12.587111     400.445614
     12.602351     351.520814
     12.624153     405.969855
     12.633914     416.231801
     12.649242     411.520352
     12.667998     427.000513
     12.684867     410.346988
     12.691466     387.258286
     12.714913     355.560934
     12.720389     423.197872
     12.738145     380.991899
     12.753967     397.942803
     12.773119     327.583994
     12.783766     364.190440
     12.798674     382.303179
     12.818660     382.328443
     12.828333     379.868866
     12.846575     378.969686
     12.858524     335.184228
     12.879995     362.781010
     12.888296     394.634732
     12.909051     343.821485
     12.923846     346.873425
     12.938434     417.614169
     12.951107     462.876568
     12.962195     374.157953
     12.977002     393.928012
     12.998451     448.841202
     13.005737     402.478244
     13.020961     436.202246
     13.041201     411.378493
     13.055388     460.077717
     13.070381     467.327223
     13.087831     478.024773
     13.099610     475.931509
     13.111095     492.370637
     13.134014     515.808181
     13.143012     408.012028
     13.156875     479.084475
     13.172659     389.604579
     13.190843     454.798531
     13.204553     430.100526
     13.215624     483.200278
     13.239414     475.181673
     13.245669     474.291609
     13.262020     375.014476
     13.275363     436.686511
     13.297000     471.518316
     13.308444     519.518093
     13.322046     483.051857
     13.337174     499.523839
     13.351140     486.356764
     13.371209     505.763025
     13.388045     477.785553
     13.403407     526.547316
     13.418802     493.950421
     13.431004     626.157793
     13.445163     585.120090
     13.464482     620.958611
     13.471409     760.216809
     13.492427     851.537045
     13.501129     839.179380
     13.519479     913.803747
     13.534181    1043.415419
     13.546043     997.111760
     13.569741     768.956990
     13.579039     573.434719
     13.598881     509.073512
     13.608198     458.026121
     13.621300     414.258834
     13.638619     374.102881
     13.655971     460.384968
     13.666680     389.398699
     13.686854     382.111149
     13.702017     452.550396
     13.714708     399.187643
     13.728647     465.331098
     13.747847     478.126294
     13.757159     420.728217
     13.771992     510.789503
     13.787072     488.043523
     13.806750     482.839372
     13.817993     414.069691
     13.831255     472.935034
     13.853447     504.578606
     13.867875     494.532627
     13.883573     521.174603
     13.896241     629.836108
     13.913976     696.299010
     13.927219     643.678685
     13.938674     756.932154
     13.951292     724.888389
     13.968365     724.677949
     13.980708     570.775971
     14.004477     585.530584
     14.018226     473.917856
     14.026666     400.156400
     14.040181     395.287803
     14.059601     422.247011
     14.076967     357.439666
     14.085503     361.671775
     14.105002     404.568902
     14.123023     417.159468
     14.133486     371.452319
     14.154655     367.079280
     14.164720     394.580515
     14.183468     463.616211
     14.199095     451.754644
     14.212065     417.216747
     14.223914     415.742083
     14.240733     487.130902
     14.253424     506.571040
     14.268073     406.983230
     14.282214     442.580056
     14.299059     534.577566
     14.318114     560.090634
     14.328967     651.052002
     14.349600     621.572740
     14.356776     679.388689
     14.371033     644.332846
     14.387457     590.276101
     14.408793     451.087607
     14.421273     442.771019
     14.433640     426.625191
     14.448739     466.006161
     14.464497     432.531748
     14.478709     411.524662
     14.497640     398.902816
     14.505392     383.086787
     14.524932     362.859525
     14.543089     419.314570
     14.551256     363.477216
     14.571470     382.675797
     14.588606     423.512665
     14.600213     368.407489
     14.614263     488.647562
     14.634072     454.396441
     14.648451     428.672184
     14.661352     500.874715
     14.674851     446.393096
     14.694559     567.811356
     14.705877     591.272501
     14.719430     650.674401
     14.731330     634.233398
     14.747510     738.054468
     14.761871     690.885932
     14.779958     687.383774
     14.790343     504.964533
     14.805671     459.949824
     14.823056     429.556763
     14.839426     406.001866
     14.854988     343.820617
     14.869971     386.663387
     14.883898     347.252160
     14.901087     340.081503
     14.911209     312.564970
     14.930154     365.514128
     14.949412     364.599524
     14.957320     407.457510
     14.976454     403.069746
     14.992499     367.321901
     15.005998     355.844068
     15.021012     401.552040
     15.030586     380.915606
     15.054874     409.112231
     15.065951     332.320069
     15.082394     333.071804
     15.092700     388.923538
     15.111503     397.662075
     15.120127     392.815071
     15.140983     419.757927
     15.157934     393.160415
     15.173061     382.852283
     15.183142     337.241829
     15.199777     351.501525
     15.216720     394.767245
     15.233497     374.073421
     15.241783     370.154291
     15.258853     326.031528
     15.277146     436.143736
     15.286328     389.418100
     15.308602     325.483114
     15.316588     401.965946
     15.337492     379.663383
     15.345728     331.521224
     15.365157     347.953030
     15.381193     362.768786
     15.393600     324.088503
     15.414200     414.893343
     15.429057     388.951155
     15.436518     408.271443
     15.459795     368.673941
     15.468548     463.279760
     15.482856     491.938240
     15.504473     423.819389
     15.515248     443.077475
     15.527314     473.220981
     15.545736     495.265053
     15.559475     489.130996
     15.570246     381.188746
     15.589793     405.829317
     15.603140     377.137604
     15.617020     322.741518
     15.631339     352.852495
     15.647303     342.753466
     15.662310     413.197759
     15.682374     411.651216
     15.695436     379.218538
     15.707568     446.968151
     15.726758     387.307854
     15.741659     433.045707
     15.759314     423.480071
     15.773082     511.589782
     15.782120     459.822681
     15.798319     551.407380
     15.818824     494.680264
     15.832759     555.481321
     15.843448     710.974399
     15.859511     755.474268
     15.879895     779.148492
     15.887369     766.212084
     15.904733     725.665648
     15.916231     693.210520
     15.933288     576.651121
     15.950644     488.955929
     15.966344     396.267908
     15.983274     407.488576
     15.994010     412.820687
     16.013435     344.230684
     16.025512     387.331785
     16.038942     362.414233
     16.053093     367.378126
     16.073353     343.313645
     16.084600     277.504888
     16.097652     332.570529
     16.114623     324.654121
     16.128591     347.386741
     16.140735     321.371418
     16.160397     353.763532
     16.172580     346.243851
     16.192070     301.832275
     16.202208     349.374152
     16.222035     382.918991
     16.230666     336.306243
     16.251069     402.677636
     16.265689     305.341697
     16.284805     302.948723
     16.290254     315.129002
     16.311451     377.741947
     16.320480     329.901891
     16.344029     329.206771
     16.352529     317.798327
     16.368988     325.453720
     16.389704     326.136957
     16.403855     349.481418
     16.419101     344.421295
     16.425780     296.302138
     16.446084     308.925726
     16.458520     357.232405
     16.477885     379.662876
     16.488345     375.099555
     16.501096     382.197028
     16.524468     449.383171
     16.539873     495.512189
     16.553668     499.889973
     16.569840     479.525046
     16.576632     555.183184
     16.597474     587.310171
     16.613479     591.604231
     16.627815     573.010688
     16.644315     488.706672
     16.656610     478.830625
     16.666783     363.439244
     16.682848     370.818468
     16.695987     323.776482
     16.714967     313.571874
     16.726313     348.407036
     16.744445     369.880711
     16.759080     356.509948
     16.774153     297.109513
     16.788135     329.759045
     16.804417     364.069292
     16.815167     352.487825
     16.834807     347.383942
     16.852470     383.542203
     16.862927     345.819118
     16.880270     409.526824
     16.890292     409.590642
     16.910587     450.950392
     16.921613     495.645786
     16.944304     493.952876
     16.957824     469.154735
     16.971878     527.949329
     16.987782     401.200904
     17.002917     411.081396
     17.017544     337.832599
     17.033124     244.115157
     17.040302     257.487367
     17.064161     342.516628
     17.074231     308.574809
     17.089666     287.957547
     17.106982     315.324379
     17.121797     286.110000
     17.131645     304.300092
     17.154519     342.198656
     17.166110     337.837947
     17.182037     323.258044
     17.198745     320.708692
     17.210024     250.020756
     17.222470     363.397163
     17.239630     318.730440
     17.254788     290.661214
     17.265705     325.993607
     17.289084     278.588569
     17.304047     258.743545
     17.310485     359.877106
     17.326393     269.504984
     17.344075     329.471779
     17.355688     358.284438
     17.377368     358.309145
     17.394125     337.237004
     17.400295     354.933775
     17.424346     304.000102
     17.435100     374.266354
     17.451721     287.959730
     17.466337     332.172346
     17.482552     307.957465
     17.496033     328.597984
     17.508398     390.511779
     17.525616     340.661999
     17.542403     377.753408
     17.553993     348.661847
     17.572485     444.097205
     17.589759     402.503437
     17.597532     455.234111
     17.612943     456.648636
     17.634125     408.406909
     17.643820     419.466186
     17.663487     329.642741
     17.678914     380.451382
     17.694395     346.614144
     17.706468     305.902647
     17.719101     260.128508
     17.734002     335.042954
     17.748806     338.050421
     17.765719     292.882593
     17.775036     318.051833
     17.796821     306.645944
     17.807276     315.763597
     17.822836     312.984804
     17.836124     301.632741
     17.850113     333.985834
     17.865607     307.955482
     17.885047     325.969546
     17.898757     370.450102
     17.915663     406.383578
     17.928037     427.843180
     17.944059     365.758320
     17.955175     355.330282
     17.970394     406.348536
     17.989764     313.816165
     18.008529     301.099631
     18.023653     299.738469
     18.034163     255.635850
     18.045934     300.692849
     18.069860     275.636081
     18.083271     251.877102
     18.098356     314.316819
     18.106381     301.249319
     18.128126     289.871081
     18.136549     261.042805
     18.155142     316.112113
     18.174777     262.296312
     18.184748     268.747684
     18.201807     304.566907
     18.210197     286.681573
     18.225316     297.971452
     18.244259     316.272348
     18.257550     334.577899
     18.275052     340.177454
     18.287597     302.312751
     18.300181     253.063388
     18.324219     239.567083
     18.332090     321.495808
     18.352752     297.147346
     18.367946     245.748663
     18.380839     271.186370
     18.394852     264.762354
     18.407003     363.076904
     18.425766     305.015821
     18.441652     256.305683
     18.451820     236.321489
     18.470356     230.250443
     18.485305     231.441679
     18.498246     232.561691
     18.517409     289.001083
     18.530532     301.918672
     18.548078     343.189020
     18.558523     244.705209
     18.571767     318.266406
     18.588129     227.487876
     18.609532     286.785356
     18.620659     330.864254
     18.631689     306.167189
     18.646483     309.274814
     18.667928     265.483256
     18.684517     335.865977
     18.695346     257.365162
     18.707540     306.348340
     18.725528     357.098645
     18.739103     343.462802
     18.754897     344.170710
     18.773666     314.057622
     18.784760     421.611950
     18.804601     417.190384
     18.817243     414.689939
     18.832788     401.973717
     18.849334     447.724379
     18.857350     438.960343
     18.874526     450.979912
     18.890773     486.859061
     18.901209     454.392784
     18.916225     354.582236
     18.932262     385.328823
     18.946663     364.305308
     18.969445     254.701845
     18.979735     336.518676
     18.991867     349.284573
     19.014198     320.022281
     19.029889     313.652318
     19.037024     312.984607
     19.058822     328.986957
     19.066679     286.877904
     19.082028     301.473883
     19.102093     294.024241
     19.118419     358.151145
     19.126301     328.298675
     19.149794     308.458248
     19.160933     312.449905
     19.179344     365.485508
     19.185268     394.218881
     19.200716     316.033291
     19.216401     303.937527
     19.233486     342.019183
     19.250089     296.688958
     19.260517     317.535593
     19.281534     365.989285
     19.290870     358.750150
     19.305411     317.231400
     19.322135     362.188696
     19.335270     334.220715
     19.351562     372.006131
     19.367816     316.587973
     19.381152     306.776529
     19.395542     294.742982
     19.417618     307.838581
     19.427335     421.777158
     19.442234     392.972387
     19.462289     436.775571
     19.474259     375.848173
     19.491744     476.914402
     19.508631     489.857549
     19.518585     354.648400
     19.532265     352.040236
     19.548204     381.142822
     19.565846     366.509022
     19.577120     364.224461
     19.595781     342.908905
     19.612115     361.002157
     19.625995     309.345901
     19.641157     309.669549
     19.659485     346.209629
     19.665782     331.853458
     19.680088     310.618165
     19.704070     352.338307
     19.712284     344.717248
     19.732987     282.953441
     19.743018     327.380284
     19.755522     370.103864
     19.776700     337.684670
     19.794942     325.129384
     19.808072     342.563929
     19.819922     282.982762
     19.838914     306.514903
     19.851117     290.578591
     19.867782     343.284197
     19.882393     261.103724
     19.898889     275.554696
     19.912441     299.935069
     19.926301     362.606817
     19.940621     292.138631
     19.954267     337.054325
     19.966410     375.823390
     19.985088     292.057913
     20.004882     357.793050
     20.014808     324.668211
     20.028153     350.124020
     20.044276     361.070850
     20.058523     392.292976
     20.070094     392.003997
     20.094386     413.778130
     20.100857     415.658890
     20.115640     401.088217
     20.139856     327.389524
     20.147306     343.563544
     20.163301     275.953356
     20.175335     308.236571
     20.195485     291.616997
     20.214074     299.660852
     20.220612     362.820103
     20.239796     301.204973
     20.259814     348.241076
     20.269733     358.501482
     20.284595     274.507890
     20.300883     346.753276
     20.316251     303.217515
     20.334814     396.690777
     20.341800     371.321991
     20.359813     371.008862
     20.379105     388.260598
     20.392507     375.195748
     20.404876     322.405272
     20.415046     366.191284
     20.430013     331.948477
     20.453471     358.829165
     20.465489     278.063350
     20.484722     283.237392
     20.490456     345.701426
     20.510298     339.576165
     20.523088     359.930371
     20.535096     363.222243
     20.554999     361.741360
     20.570862     379.024660
     20.584287     383.720150
     20.598111     346.169712
     20.615078     366.065048
     20.627117     356.940545
     20.640511     438.699472
     20.657763     429.048553
     20.676414     427.844721
     20.691324     412.339875
     20.705772     372.906021
     20.721339     298.468691
     20.733210     336.024988
     20.753622     332.907356
     20.766355     351.750527
     20.782562     389.046446
     20.799157     397.285602
     20.811715     326.272392
     20.826814     394.325972
     20.836605     407.572234
     20.855421     428.966427
     20.874137     379.659309
     20.882283     460.594069
     20.904051     432.568249
     20.912192     483.159525
     20.934456     504.022318
     20.947946     525.732787
     20.957593     463.114631
     20.975778     414.085707
     20.985715     412.827021
     21.000886     325.973769
     21.016484     326.839160
     21.035283     358.848401
     21.051778     317.058036
     21.060633     258.465629
     21.075147     261.079639
     21.096453     320.640850
     21.109708     297.811007
     21.129801     358.139766
     21.142312     299.992463
     21.153700     286.251121
     21.174846     308.479148
     21.188798     305.002907
     21.199887     319.143808
     21.212024     307.694706
     21.230773     371.049015
     21.246535     300.262494
     21.256776     356.667070
     21.276406     292.904518
     21.290856     298.023737
     21.304396     358.674620
     21.324730     286.990635
     21.336900     344.771852
     21.352052     386.121393
     21.361357     389.142683
     21.382443     334.302099
     21.392747     357.225237
     21.413980     405.146244
     21.420033     382.936934
     21.436517     446.845040
     21.457060     437.696447
     21.471939     399.016574
     21.485842     468.163992
     21.503643     373.610397
     21.512456     413.673763
     21.528799     415.128692
     21.544108     353.617012
     21.562321     316.996896
     21.571896     363.302621
     21.591241     336.568694
     21.602689     325.246531
     21.623449     342.431191
     21.637981     279.745218
     21.647432     279.895128
     21.666069     313.673738
     21.681604     391.277783
     21.698926     324.944767
     21.708863     346.151259
     21.724381     359.222471
     21.743411     383.260949
     21.759085     314.275284
     21.770935     340.568549
     21.786253     285.286118
     21.798889     371.769281
     21.810703     348.167621
     21.826193     344.742710
     21.842826     317.240762
     21.859706     291.621908
     21.879521     292.853750
     21.885985     330.597548
     21.909632     291.789354
     21.917738     269.772356
     21.931687     329.479665
     21.953813     383.844418
     21.961045     296.122934
     21.976608     334.173278
     21.995849     330.098600
     22.007262     358.390421
     22.027990     406.629928
     22.040992     383.616510
     22.056165     331.087839
     22.071841     317.199338
     22.084193     331.426379
     22.099028     389.623078
     22.114927     345.532357
     22.128882     354.159539
     22.149054     344.152376
     22.161575     274.134994
     22.178146     378.317327
     22.191787     331.486994
     22.208318     428.518009
     22.217446     405.935427
     22.237958     369.935100
     22.249170     468.222252
     22.269159     397.644704
     22.277138     394.197333
     22.295072     457.853104
     22.306073     389.943526
     22.328541     461.872349
     22.336438     333.625258
     22.353244     363.774821
     22.371887     306.702072
     22.389101     346.703046
     22.401119     300.375667
     22.414451     350.842707
     22.425251     320.990378
     22.444484     328.651220
     22.462417     368.449021
     22.472788     385.005941
     22.490515     310.619671
     22.501868     350.623988
     22.523274     330.402154
     22.537024     328.422828
     22.548362     281.559975
     22.561538     374.277675
     22.581075     320.074490
     22.599731     312.432574
     22.614311     325.878886
     22.627399     390.719612
     22.639030     279.250352
     22.658040     359.872929
     22.671259     278.280197
     22.687158     311.461571
     22.695076     318.935651
     22.716083     310.263546
     22.726936     363.405396
     22.741325     344.705484
     22.764662     346.219044
     22.774097     415.887278
     22.785650     429.638108
     22.802603     365.554808
     22.822773     382.877915
     22.835314     370.691592
     22.846237     354.610045
     22.861013     335.552746
     22.876715     272.071795
     22.896748     357.405888
     22.914104     312.420038
     22.921334     285.977543
     22.936117     343.447155
     22.957389     281.597833
     22.970352     345.895767
     22.981837     303.518927
     22.996253     290.364666
     23.015919     275.761407
     23.028942     337.760701
     23.041701     235.807474
     23.060455     270.642950
     23.078976     331.904920
     23.087636     318.395560
     23.103727     328.419306
     23.119686     238.293397
     23.131357     241.256336
     23.150390     315.084495
     23.168226     313.856876
     23.183108     345.757113
     23.199300     344.817075
     23.210174     344.057349
     23.222384     295.547390
     23.235696     245.270459
     23.258750     324.106111
     23.265652     287.618021
     23.287185     394.590882
     23.297618     308.264697
     23.316288     365.517071
     23.332450     301.923237
     23.342808     391.347789
     23.360322     344.092656
     23.373846     336.943030
     23.386860     311.529607
     23.403696     342.770582
     23.423718     335.905637
     23.439857     352.380496
     23.448170     263.125164
     23.460317     402.815755
     23.476137     334.892509
     23.495577     294.922818
     23.505321     377.158634
     23.523972     336.835182
     23.539889     415.468335
     23.557614     413.619289
     23.574793     327.233115
     23.580092     341.792960
     23.603773     376.487958
     23.615895     320.857786
     23.631352     354.874651
     23.642800     389.930987
     23.657666     310.433078
     23.677047     299.604163
     23.691810     347.157426
     23.703264     331.057566
     23.716943     340.527683
     23.734073     329.696586
     23.750832     270.079097
     23.767597     366.653744
     23.780916     342.253936
     23.797406     290.173094
     23.805354     350.732253
     23.820895     358.800128
     23.839571     361.666894
     23.858729     266.967292
     23.867446     331.461117
     23.884249     287.012228
     23.897884     357.930647
     23.910330     349.480782
     23.933894     370.174260
     23.942734     349.618813
     23.961703     283.390429
     23.976040     270.684265
     23.990941     293.003439
     24.005318     325.693541
     24.020021     329.575044
     24.038850     308.595123
     24.047637     323.196177
     24.066822     355.288640
     24.084560     274.316654
     24.097934     322.903222
     24.106620     268.735875
     24.126993     234.811720
     24.141850     262.877420
     24.159993     268.673026
     24.168024     260.201941
     24.185265     284.399554
     24.197101     296.482918
     24.216348     320.439283
     24.226732     292.201891
     24.241436     292.010719
     24.264058     336.928811
     24.274914     316.929430
     24.292223     293.414896
     24.307048     361.913244
     24.322990     252.065818
     24.338946     334.676352
     24.353851     339.699701
     24.364170     313.287317
     24.379134     291.709921
     24.392396     347.167299
     24.414131     263.149601
     24.429665     335.569095
     24.441725     329.542432
     24.450258     330.375732
     24.474972     273.006401
     24.487091     318.962698
     24.495504     350.541971
     24.514508     362.989591
     24.534392     301.008200
     24.545650     324.555731
     24.564211     295.527218
     24.576579     250.583657
     24.593381     285.314092
     24.600554     270.766712
     24.618910     339.966640
     24.635041     270.227177
     24.652217     262.559948
     24.667607     280.691474
     24.679416     343.020574
     24.698167     252.431906
     24.708928     282.329541
     24.723931     376.833870
     24.742375     316.505098
     24.759058     296.593449
     24.770309     260.432227
     24.780795     340.046027
     24.804512     325.773460
     24.816250     301.720581
     24.833638     309.684786
     24.844589     354.264784
     24.858747     363.910763
     24.872058     332.389709
     24.887344     376.312897
     24.901836     283.446738
     24.916121     338.645309
     24.935814     352.980896
     24.947671     426.882637
     24.966330     369.200833
     24.977961     411.375583
     24.997293     373.369861
     25.012963     386.218397
     25.021173     377.089381
     25.044434     366.282954
     25.054635     439.461639
     25.074141     378.304227
     25.085864     394.689257
     25.097089     284.151694
     25.115310     362.192575
     25.128712     336.272196
     25.146325     350.674691
     25.162127     283.617118
     25.177223     288.856983
     25.192000     366.594837
     25.200936     348.935606
     25.221916     349.197345
     25.230486     335.200606
     25.247762     396.470772
     25.260860     331.204386
     25.275414     363.441215
     25.290710     292.841529
     25.312881     342.021621
     25.322788     294.442468
     25.339265     292.987219
     25.350130     332.220351
     25.372940     230.798353
     25.388534     318.161527
     25.396677     284.559641
     25.414904     226.871039
     25.431966     253.273457
     25.443620     257.773603
     25.458717     343.604102
     25.478951     319.225517
     25.491286     300.357475
     25.501673     318.053172
     25.523292     266.551239
     25.532447     323.335902
     25.545053     291.729315
     25.564598     329.237440
     25.576566     257.242435
     25.595365     252.383608
     25.613909     262.668482
     25.622357     257.817548
     25.642564     296.455987
     25.656829     298.821325
     25.666114     246.747556
     25.685667     303.540720
     25.700284     347.256696
     25.717144     291.155502
     25.734704     307.154924
     25.741950     324.688798
     25.761215     306.997570
     25.773822     297.554529
     25.786211     345.247363
     25.805655     287.333558
     25.823464     303.800442
     25.831401     288.965975
     25.851236     250.005098
     25.869972     242.399117
     25.878797     350.830433
     25.897600     292.446269
     25.907952     242.366571
     25.928569     291.631841
     25.936023     314.411323
     25.958456     277.748860
     25.970786     288.285014
     25.989960     270.106233
     25.995132     310.582514
     26.015936     268.820078
     26.029741     298.362534
     26.045166     254.236809
     26.056147     329.171948
     26.071565     274.755603
     26.088969     334.536125
     26.104802     277.581212
     26.123591     323.316514
     26.136577     314.873750
     26.154181     296.130997
     26.160051     375.876643
     26.177296     324.680167
     26.195813     340.269955
     26.212299     342.396107
     26.227964     310.616712
     26.239109     287.975747
     26.257475     312.006205
     26.272198     346.884171
     26.285636     296.483237
     26.301583     311.513531
     26.314571     333.057744
     26.334193     284.553211
     26.348057     303.820980
     26.359401     314.361199
     26.373123     304.829373
     26.387563     381.119358
     26.402316     317.347863
     26.423054     255.871929
     26.434591     287.781253
     26.454612     327.827011
     26.468849     343.736599
     26.480830     290.209342
     26.495713     333.375852
     26.511970     258.991027
     26.523396     326.226586
     26.543909     265.916661
     26.550505     325.133013
     26.571621     359.091703
     26.585807     323.668404
     26.599186     379.913407
     26.612762     298.841465
     26.627699     306.130430
     26.647857     352.535186
     26.659129     290.491449
     26.678879     339.465920
     26.693060     265.547153
     26.707582     282.822090
     26.722501     280.982648
     26.733201     292.018371
     26.749760     299.664953
     26.763713     299.532562
     26.775404     318.875361
     26.790559     233.531270
     26.810920     330.829918
     26.821235     289.174697
     26.842577     241.902971
     26.854388     298.592634
     26.866565     289.347954
     26.888312     355.759314
     26.901329     254.873542
     26.918739     290.472123
     26.928819     340.563611
     26.948768     353.923156
     26.963231     290.813938
     26.976493     287.855281
     26.988690     311.465149
     27.001197     324.367270
     27.020812     343.833627
     27.031488     319.951473
     27.052727     307.623623
     27.064774     303.519478
     27.080204     360.015482
     27.097381     315.526612
     27.107911     288.371667
     27.122588     298.147173
     27.135490     316.784338
     27.150710     297.493430
     27.174865     332.658692
     27.184479     346.925591
     27.203778     319.235405
     27.215171     306.077686
     27.231997     337.393187
     27.244589     323.896089
     27.258731     284.362861
     27.271885     245.198802
     27.293493     333.484754
     27.307407     339.693658
     27.323537     302.056044
     27.337417     353.057703
     27.350964     311.702129
     27.361786     292.405363
     27.383658     257.190606
     27.390322     238.326381
     27.405047     314.997587
     27.423834     324.317230
     27.444463     301.460112
     27.456618     313.226879
     27.470191     345.882781
     27.481954     333.566717
     27.495924     303.953085
     27.510871     343.062167
     27.534823     292.703588
     27.544536     248.250349
     27.557378     313.740383
     27.572220     268.250097
     27.586039     367.218699
     27.607501     242.970147
     27.622506     307.629191
     27.633868     272.763563
     27.650052     297.509029
     27.665297     330.163600
     27.676910     317.610408
     27.692909     293.923065
     27.713494     358.350854
     27.720835     286.523158
     27.738260     316.777418
     27.750667     367.457055
     27.768962     342.962120
     27.789976     345.093790
     27.801393     314.910307
     27.814273     348.131940
     27.832724     292.897572
     27.848744     274.247999
     27.861464     308.078704
     27.876352     338.657576
     27.886611     330.816587
     27.901885     365.307966
     27.916521     322.461616
     27.930213     357.402337
     27.953919     360.643249
     27.961069     329.536875
     27.977607     327.037757
     27.991264     318.681428
     28.007156     295.195008
     28.023608     305.376939
     28.035322     267.624613
     28.054159     310.502353
     28.070288     328.841496
     28.080250     338.360165
     28.102218     328.721674
     28.118876     259.332737
     28.134527     347.180026
     28.145521     330.993348
     28.162117     254.420507
     28.178023     351.507016
     28.191167     278.124242
     28.209500     235.184547
     28.219723     278.300955
     28.238308     299.623160
     28.253176     265.496126
     28.262499     293.954891
     28.276335     329.714811
     28.294440     314.134467
     28.306599     344.633800
     28.324291     323.555003
     28.339344     347.619833
     28.358539     363.336185
     28.373290     362.471307
     28.385423     329.296898
     28.403223     321.638809
     28.411432     367.996970
     28.432131     345.793473
     28.446843     307.673539
     28.464665     407.265434
     28.472903     365.462633
     28.492325     376.835368
     28.505885     379.606200
     28.515270     327.490301
     28.535934     386.899188
     28.546481     396.712363
     28.566118     425.122606
     28.578686     363.162778
     28.592820     403.582103
     28.613013     379.659816
     28.629953     373.249937
     28.641780     316.132873
     28.654269     363.855107
     28.668808     320.682655
     28.686537     355.556407
     28.699235     345.888596
     28.710836     285.901569
     28.728976     374.569932
     28.749448     288.620865
     28.758268     367.988217
     28.776379     338.291207
     28.793462     359.849716
     28.804297     292.496668
     28.816020     330.161080
     28.839840     337.576572
     28.846265     294.453115
     28.866730     313.399537
     28.876089     335.066938
     28.895996     372.987643
     28.912972     317.618241
     28.928569     321.968202
     28.935147     319.777598
     28.951641     331.578454
     28.967950     327.581094
     28.985244     348.323079
     29.000149     365.632323
     29.016528     327.913061
     29.032474     324.815623
     29.042016     307.644484
     29.061913     359.403516
     29.079274     278.060361
     29.094011     322.579048
     29.100044     362.065348
     29.116326     284.714989
     29.130749     329.255252
     29.152574     388.012838
     29.162473     335.948974
     29.184418     284.083825
     29.193597     323.389455
     29.213187     332.457396
     29.228592     284.008714
     29.237188     344.558644
     29.259610     353.958361
     29.266505     352.083073
     29.285901     328.754347
     29.296020     262.784810
     29.311401     296.458215
     29.331733     344.139387
     29.345555     339.549813
     29.360380     244.391787
     29.370578     250.813839
     29.393220     276.596018
     29.402053     235.366683
     29.418578     318.027222
     29.436966     314.891913
     29.449211     262.546599
     29.465829     284.391116
     29.484129     339.301665
     29.495554     249.889006
     29.510133     281.095749
     29.521228     281.015239
     29.538177     307.503613
     29.554646     308.455877
     29.565783     330.960464
     29.582154     307.074799
     29.599018     283.878668
     29.617416     328.232566
     29.629071     346.820802
     29.640961     330.811765
     29.658240     276.863276
     29.676615     337.519013
     29.688052     321.934748
     29.707775     321.589232
     29.720341     286.707884
     29.733366     295.798889
     29.745198     301.227950
     29.769047     274.105703
     29.780832     254.715567
     29.795149     272.483445
     29.812100     298.199620
     29.821305     321.402257
     29.840218     322.074621
     29.853843     304.205457
     29.873281     308.944472
     29.886690     299.010263
     29.900562     334.269446
     29.918380     315.254703
     29.934947     340.094379
     29.943646     302.280115
     29.956340     279.176800
     29.972326     311.678660
     29.986045     340.586624
     30.007893     280.400028
     30.022252     287.853005
     30.039283     343.298362
     30.054086     336.852586
     30.060679     256.819948
     30.083810     277.309038
     30.099065     281.971057
     30.105799     294.700365
     30.120304     281.367026
     30.143635     252.650092
     30.152272     289.346336
     30.172214     298.553995
     30.187835     316.705843
     30.204978     247.001164
     30.214991     318.511611
     30.225094     254.267665
     30.249701     312.207039
     30.264035     275.604987
     30.279735     249.451930
     30.286640     274.821662
     30.302813     235.986040
     30.316727     209.931986
     30.331471     263.864646
     30.354793     289.855580
     30.362669     308.338326
     30.382071     355.895875
     30.394898     309.059756
     30.408404     258.586381
     30.423315     262.875712
     30.440005     307.216072
     30.454324     253.220831
     30.471200     326.212598
     30.480957     305.513396
     30.501284     319.668536
     30.513784     328.819690
     30.532351     356.565974
     30.544005     337.209034
     30.564255     376.076994
     30.570609     354.562615
     30.585494     289.438028
     30.606871     310.532086
     30.622852     317.642351
     30.638340     322.186122
     30.654193     262.219454
     30.661600     273.986592
     30.684913     266.536930
     30.699185     318.303371
     30.712424     301.463564
     30.723405     314.963671
     30.744278     327.193088
     30.753292     285.708259
     30.771133     263.256850
     30.783015     278.261331
     30.798688     356.339550
     30.814682     313.714472
     30.826418     264.120305
     30.844761     271.451533
     30.858870     305.968046
     30.874388     289.142384
     30.887762     313.321733
     30.901169     289.753203
     30.918005     332.487697
     30.930501     324.701203
     30.945730     280.371464
     30.967604     329.084552
     30.982258     301.167480
     30.999546     249.373052
     31.009696     279.036350
     31.023751     290.031343
     31.043114     257.992396
     31.055669     316.453582
     31.065972     290.951851
     31.087623     311.465136
     31.098073     310.917480
     31.116511     320.155316
     31.125178     298.747683
     31.147348     346.371629
     31.161689     317.381947
     31.173929     302.035105
     31.187938     308.917229
     31.204876     304.837101
     31.220106     244.608542
     31.235784     289.973579
     31.246938     266.221769
     31.266950     290.961483
     31.284158     228.231384
     31.291598     290.254709
     31.309776     303.773668
     31.322561     338.760843
     31.344661     240.494729
     31.350013     251.562928
     31.374383     335.570307
     31.389281     248.049892
     31.400135     248.524755
     31.412584     231.138647
     31.427169     255.875268
     31.445402     289.176931
     31.455955     310.327081
     31.477609     275.640767
     31.486087     290.794785
     31.501595     304.210167
     31.521539     257.559002
     31.539352     298.547609
     31.550671     362.904363
     31.560013     301.767366
     31.581536     314.946315
     31.597516     318.485488
     31.611758     299.375523
     31.624565     293.286829
     31.637508     244.942666
     31.658961     307.635304
     31.665962     266.764272
     31.687128     254.525614
     31.696275     250.633271
     31.712519     272.290823
     31.727649     337.243241
     31.742575     290.310687
     31.756517     316.920491
     31.778789     256.027697
     31.794457     346.586176
     31.808360     324.624134
     31.819609     277.291727
     31.839973     306.135068
     31.848196     261.424037
     31.866898     286.565335
     31.875276     307.326664
     31.897234     305.394948
     31.914413     322.275533
     31.929881     272.339377
     31.939710     243.968467
     31.956963     365.804469
     31.965209     251.013138
     31.987975     213.310741
     31.997460     267.493553
     32.013692     272.812776
     32.028829     322.267239
     32.043327     329.527396
     32.060959     304.788444
     32.072373     278.029230
     32.088581     305.091042
     32.104152     299.142784
     32.122744     319.910267
     32.138283     338.955996
     32.154053     313.303704
     32.164454     331.738953
     32.181941     332.474934
     32.191862     243.948772
     32.212411     293.171830
     32.222187     278.118195
     32.239006     253.393691
     32.257171     246.898556
     32.270204     314.738604
     32.289494     318.412073
     32.295161     304.565976
     32.311799     327.673432
     32.328650     269.575292
     32.349076     272.225654
     32.363899     259.706470
     32.370243     240.601523
     32.392228     246.366256
     32.409855     318.790323
     32.421490     236.506127
     32.434935     251.622982
     32.445016     241.455630
     32.464355     275.841497
     32.480141     254.563462
     32.491748     196.867198
     32.505569     251.634884
     32.527450     277.443364
     32.542551     338.102837
     32.553954     261.742511
     32.574359     260.326758
     32.585985     280.557231
     32.599431     292.385268
     32.611473     321.459524
     32.625936     311.575102
     32.648466     310.581049
     32.662930     295.486912
     32.674480     240.135409
     32.686402     249.977054
     32.704593     326.670321
     32.715866     262.047811
     32.731638     298.715149
     32.746104     303.422449
     32.763996     323.162855
     32.784783     273.903264
     32.796414     284.265395
     32.812884     272.308922
     32.822487     289.844552
     32.843532     244.157934
     32.857570     271.700714
     32.867900     321.457062
     32.887488     251.536956
     32.899103     270.277073
     32.913371     284.038426
     32.930197     282.518068
     32.942849     246.904668
     32.959504     231.060385
     32.979493     238.883288
     32.991808     259.696513
     33.002787     251.916486
     33.020724     277.444331
     33.035788     264.998160
     33.050028     245.513487
     33.063178     305.214399
     33.077923     334.064843
     33.093575     308.708021
     33.110710     250.696436
     33.125656     311.632779
     33.140643     221.541256
     33.156369     310.672894
     33.166009     224.874058
     33.185016     304.156579
     33.202685     292.402753
     33.215220     234.059006
     33.233657     273.445463
     33.242215     256.154210
     33.259113     233.312442
     33.274808     223.605087
     33.294842     299.830313
     33.308926     285.141042
     33.316707     300.570575
     33.337745     267.978756
     33.354314     262.136245
     33.360763     238.144763
     33.383782     254.868107
     33.398270     286.046057
     33.407505     285.412032
     33.423585     325.351495
     33.441280     293.419166
     33.459760     247.073170
     33.466377     320.707604
     33.481798     221.911568
     33.495756     288.360150
     33.515200     299.486418
     33.525226     320.255637
     33.541615     251.797287
     33.558195     209.986487
     33.573578     247.146975
     33.594576     295.618969
     33.603314     240.495207
     33.619799     301.892095
     33.637201     277.125736
     33.647854     255.596722
     33.664622     281.679852
     33.679709     249.511542
     33.696002     226.347203
     33.708841     229.637527
     33.720906     250.278140
     33.737919     320.400154
     33.756019     235.981124
     33.772988     260.829022
     33.789586     279.713562
     33.799763     309.316271
     33.819609     233.301359
     33.828032     247.617608
     33.844372     292.117508
     33.856827     227.659899
     33.876142     278.362323
     33.890556     251.500033
     33.909324     253.417104
     33.918683     255.541899
     33.932883     305.353614
     33.952396     255.359759
     33.965733     264.946071
     33.983565     254.729988
     33.998449     266.623468
     34.014469     318.156072
     34.024126     326.930185
     34.041884     306.707782
     34.054175     263.466687
     34.065135     352.077501
     34.087294     244.632446
     34.099125     239.056484
     34.115385     272.604711
     34.125043     314.999183
     34.148708     312.121061
     34.158667     254.506872
     34.173339     322.922545
     34.189951     279.742301
     34.203926     247.869447
     34.221707     307.367871
     34.236366     318.962134
     34.245630     297.059449
     34.269810     288.076860
     34.284959     253.348683
     34.293280     226.943710
     34.306440     252.917757
     34.322886     327.785673
     34.337395     274.674108
     34.353759     269.921063
     34.367032     226.786610
     34.389519     324.217545
     34.396082     328.489386
     34.410728     265.742226
     34.428967     231.688078
     34.442789     233.568354
     34.456238     228.651348
     34.479377     236.004020
     34.486252     262.770792
     34.509067     293.620232
     34.522189     261.924297
     34.539068     261.680121
     34.550115     284.288905
     34.561687     318.794141
     34.576389     287.662012
     34.598198     222.613699
     34.606908     263.369648
     34.626549     292.310153
     34.639660     263.579987
     34.651809     285.864367
     34.670836     275.488836
     34.680353     225.821693
     34.704461     309.958828
     34.717860     309.629394
     34.727923     280.538890
     34.741278     312.655835
     34.761625     247.227550
     34.773554     324.582813
     34.788720     348.073122
     34.803399     277.535332
     34.821666     300.155826
     34.837542     231.581237
     34.853897     292.636181
     34.860563     296.542290
     34.881146     293.721099
     34.893346     232.398451
     34.914604     242.597552
     34.926912     305.509359
     34.939711     272.231418
     34.959841     293.382478
     34.973336     296.332625
     34.980060     286.480501
     34.996990     240.633065
     35.019489     232.522670
     35.028192     256.992777
     35.047872     264.576253
     35.056941     326.978958
     35.075918     263.273037
     35.092306     302.479623
     35.104490     269.592829
     35.115357     289.074695
     35.139242     260.277336
     35.154154     231.530173
     35.162191     246.994827
     35.178267     199.052204
     35.198064     255.213554
     35.208970     322.407606
     35.227671     304.316198
     35.243399     214.537897
     35.256019     246.518193
     35.274427     308.354308
     35.283079     292.842058
     35.295313     271.457333
     35.310289     275.950783
     35.325842     289.165154
     35.342074     213.201353
     35.364503     236.069450
     35.376095     303.898646
     35.388515     216.791061
     35.409572     283.358878
     35.415409     188.363873
     35.435468     220.698001
     35.452482     256.848199
     35.469723     260.497683
     35.481491     274.875565
     35.497313     250.591494
     35.511757     245.138571
     35.521671     237.948249
     35.539134     255.770914
     35.558860     270.486934
     35.569072     274.622842
     35.582304     213.002067
     35.598737     286.427216
     35.614634     225.535114
     35.634677     196.325255
     35.640891     253.415926
     35.663637     222.904456
     35.671845     203.079904
     35.690001     212.688325
     35.703691     254.154940
     35.723737     241.879147
     35.734064     250.373749
     35.750239     198.163719
     35.761665     309.111491
     35.780778     192.000461
     35.795132     206.669521
     35.807495     278.205423
     35.828129     258.649650
     35.844960     287.283067
     35.857172     225.672391
     35.866186     213.165776
     35.885684     300.781757
     35.904836     216.937395
     35.918012     203.508084
     35.931035     263.582538
     35.946893     261.172654
     35.958277     204.054804
     35.972475     261.175230
     35.985015     248.777862
     36.005388     214.621688
     36.019283     275.844379
     36.033141     225.807494
     36.047662     210.384129
     36.061028     286.325779
     36.078823     245.032596
     36.090845     306.081317
     36.107192     248.178847
     36.125572     292.547320
     36.144352     250.191199
     36.153111     284.978264
     36.173590     314.451074
     36.180570     300.628973
     36.196685     224.145625
     36.213843     242.133911
     36.234590     235.729223
     36.244613     259.294669
     36.263146     297.954200
     36.274751     243.100036
     36.292353     208.949502
     36.303006     252.093562
     36.319419     233.764312
     36.339429     313.117940
     36.347895     269.792295
     36.364720     261.899080
     36.384495     287.303304
     36.391598     251.693625
     36.413678     275.475993
     36.429079     276.955171
     36.443394     205.915469
     36.459529     236.342363
     36.474545     250.447205
     36.488969     262.260235
     36.504561     221.325722
     36.513639     269.507344
     36.528820     241.794110
     36.548641     200.216827
     36.561218     241.867864
     36.579910     211.693263
     36.589809     190.935572
     36.608068     256.957085
     36.622068     301.919908
     36.639598     221.409854
     36.649128     309.381838
     36.665225     295.699491
     36.681953     273.147446
     36.698712     216.294116
     36.705480     298.255217
     36.724298     249.034362
     36.741566     238.168528
     36.754405     307.338966
     36.774591     249.567135
     36.785965     222.825606
     36.802517     283.346576
     36.814989     263.709074
     36.833979     294.128527
     36.841518     205.740498
     36.855695     269.205196
     36.874667     327.732105
     36.893879     256.521711
     36.905979     193.847240
     36.917302     211.200637
     36.937213     243.207663
     36.953242     188.402479
     36.965377     299.769264
     36.980602     297.058679
     36.990523     208.864381
     37.012331     219.543031
     37.027226     296.799802
     37.039424     299.016316
     37.052884     247.799049
     37.071546     297.331180
     37.086168     268.535354
     37.097848     291.093762
     37.118756     286.214571
     37.126584     218.656017
     37.143975     256.614022
     37.161169     297.626189
     37.179090     304.016906
     37.190563     236.404130
     37.204541     260.134049
     37.219136     263.539300
     37.233011     256.192730
     37.247482     322.216244
     37.266787     251.346345
     37.277111     267.124222
     37.291967     252.731709
     37.307340     243.123621
     37.329514     328.184371
     37.344603     281.821526
     37.353339     297.752880
     37.367524     273.395680
     37.387686     290.662833
     37.404294     291.488120
     37.413433     289.754188
     37.431288     202.999066
     37.445787     257.372536
     37.458767     252.456866
     37.479428     220.706130
     37.492518     261.760926
     37.509436     189.848393
     37.519364     213.781027
     37.530306     286.163695
     37.550309     218.527508
     37.567985     228.299472
     37.583947     300.848840
     37.598645     269.818049
     37.609191     231.739564
     37.626123     332.053751
     37.640477     273.089331
     37.657315     247.634217
     37.674024     269.637168
     37.688655     247.763761
     37.701314     210.689951
     37.715919     263.357404
     37.732960     300.476050
     37.747146     247.171027
     37.759927     263.420531
     37.772686     254.267362
     37.793448     240.024148
     37.803648     198.822639
     37.822074     231.256227
     37.833368     282.247862
     37.849890     215.850233
     37.863980     218.236332
     37.883181     200.595341
     37.895992     235.069160
     37.906665     202.487664
     37.926269     230.974639
     37.940801     283.686742
     37.955551     204.965511
     37.969992     185.514958
     37.988606     221.923938
     37.996841     271.478920
     38.012121     236.026816
     38.025559     223.485954
     38.043760     226.319903
     38.061107     222.116397
     38.071450     181.135837
     38.089918     262.456165
     38.103962     264.092262
     38.119969     235.446144
     38.134334     249.607901
     38.150143     209.766550
     38.165594     192.468697
     38.176157     204.846938
     38.191184     282.683873
     38.205149     244.130763
     38.220042     238.380204
     38.244452     267.837008
     38.254035     228.902368
     38.272677     226.922925
     38.282177     232.740606
     38.303154     270.699908
     38.315851     266.482051
     38.330526     222.152303
     38.347638     243.781346
     38.360200     219.647178
     38.372567     213.840220
     38.390857     238.235999
     38.404769     283.249908
     38.415115     234.940703
     38.438664     249.071653
     38.451137     206.673313
     38.467106     206.974266
     38.476599     197.900451
     38.497710     234.174847
     38.513785     233.481264
     38.526637     225.281910
     38.536291     281.320301
     38.556885     191.575739
     38.567268     227.530226
     38.583617     299.256198
     38.596687     224.062341
     38.611081     216.277860
     38.634778     200.384867
     38.649727     258.407366
     38.657511     252.870142
     38.679030     269.725909
     38.689526     322.777787
     38.709852     223.927439
     38.720697     178.690215
     38.739844     200.790782
     38.754036     295.896602
     38.763797     229.613098
     38.784017     276.728946
     38.798860     234.779545
     38.814329     216.588899
     38.829180     205.443944
     38.842882     203.543528
     38.858316     273.663916
     38.871859     288.087895
     38.881856     217.934192
     38.899488     277.551318
     38.910740     196.950515
     38.928940     205.220119
     38.947225     238.227560
     38.964363     197.446140
     38.970938     237.463473
     38.991195     257.606890
     39.006956     182.448294
     39.020415     215.885261
     39.039255     233.673937
     39.045427     248.231465
     39.060733     290.597934
     39.075649     228.660103
     39.097579     292.706001
     39.114558     243.823493
     39.125371     290.965569
     39.139510     272.220778
     39.155128     197.424540
     39.166535     241.466035
     39.183355     249.636891
     39.198103     279.905617
     39.215077     197.057367
     39.230935     248.957530
     39.243704     225.337341
     39.259964     239.943266
     39.277449     202.205172
     39.286545     270.674633
     39.301002     265.680509
     39.319950     227.171591
     39.331655     266.914777
     39.351404     217.427685
     39.366878     235.190093
     39.381885     278.898616
     39.391296     233.552027
     39.408231     273.965715
     39.421148     303.701190
     39.443711     197.539042
     39.458658     265.069288
     39.466292     210.281661
     39.481068     243.161862
     39.496966     282.347108
     39.515446     289.989445
     39.527749     247.784846
     39.542807     252.947328
     39.562302     245.966437
     39.579698     260.503256
     39.588038     235.057772
     39.601857     250.997101
     39.623343     319.748930
     39.637513     264.514149
     39.645265     193.816808
     39.661891     257.764653
     39.684105     246.686781
     39.696174     204.845215
     39.711184     253.129199
     39.729943     320.272104
     39.735617     271.787829
     39.751562     231.415581
     39.772414     277.664328
     39.782900     311.116989
     39.797042     244.324479
     39.813375     257.894386
     39.827407     269.220282
     39.840928     203.513007
     39.857442     213.158898
     39.877781     237.322753
     39.885590     258.000255
     39.903968     245.419820
     39.915431     283.428596
     39.938391     247.547452
     39.953480     247.715354
     39.968590     233.884078
     39.982858     271.889608
     39.993325     315.265743
     40.008237     300.162153
     40.026493     260.280578
     40.036594     243.482825
     40.054197     235.669296
     40.070085     233.608878
     40.087170     309.214578
     40.104168     243.669430
     40.113573     231.988121
     40.131135     250.601808
     40.144149     245.568780
     40.161099     247.114466
     40.171890     278.175957
     40.192336     247.424367
     40.205213     297.210873
     40.224208     253.295697
     40.230291     227.465862
     40.252269     229.803074
     40.262305     206.577099
     40.282449     294.059204
     40.294481     229.646647
     40.313204     226.093743
     40.321213     260.893535
     40.335818     273.981515
     40.354617     257.125501
     40.373088     281.199606
     40.387480     181.121638
     40.398710     286.341151
     40.411400     271.044749
     40.426262     249.852793
     40.444534     198.116243
     40.458962     197.524295
     40.472801     282.574842
     40.488229     206.219438
     40.509523     261.451328
     40.524540     276.127679
     40.533760     239.489118
     40.548064     236.393367
     40.564603     272.352029
     40.581283     288.203903
     40.595868     204.327348
     40.613049     266.890061
     40.625390     313.867064
     40.640410     261.056291
     40.658669     229.429114
     40.668106     244.583794
     40.689980     286.131410
     40.698107     314.526093
     40.715892     252.767022
     40.727935     306.342811
     40.749985     244.937198
     40.762684     255.328647
     40.778634     261.842563
     40.785116     211.438401
     40.807363     221.631424
     40.819388     246.150792
     40.831699     213.865385
     40.846934     202.757987
     40.860095     213.678025
     40.884859     236.629090
     40.895279     251.208590
     40.906167     258.116113
     40.921229     209.862549
     40.935188     280.559553
     40.951139     238.431707
     40.967112     248.724806
     40.982092     277.755097
     41.000300     256.452691
     41.017017     251.714840
     41.029885     282.731731
     41.046043     281.977283
     41.059709     251.830657
     41.074955     233.767508
     41.089953     235.610205
     41.102076     227.756794
     41.117104     233.194876
     41.132092     263.816813
     41.147851     257.957702
     41.160298     217.722499
     41.178225     227.029516
     41.195248     227.099000
     41.211417     228.126718
     41.226679     223.987798
     41.236190     286.836152
     41.258925     256.021084
     41.272153     292.103640
     41.285454     295.950159
     41.302634     197.831966
     41.315347     259.279716
     41.331699     282.872907
     41.345287     248.158098
     41.357591     244.519326
     41.373698     173.126850
     41.389232     283.880608
     41.404169     228.202647
     41.424276     253.232452
     41.437625     216.297872
     41.454731     248.340306
     41.464728     266.192797
     41.478028     221.937412
     41.495514     221.729515
     41.509171     266.401257
     41.527647     239.975695
     41.538506     231.962231
     41.559374     252.497195
     41.574253     305.575940
     41.585413     194.294916
     41.600199     193.929954
     41.610602     209.190583
     41.628523     277.290533
     41.642065     223.861859
     41.655897     235.699202
     41.675649     216.920483
     41.687297     275.094122
     41.709391     215.538734
     41.715279     206.832660
     41.738660     240.588153
     41.750825     229.428842
     41.762053     253.329787
     41.784196     276.604309
     41.793942     209.154738
     41.805024     216.241305
     41.828480     215.686771
     41.837070     209.604034
     41.850251     297.985353
     41.874693     284.614267
     41.884963     173.503765
