      2.001029      41.438308
      2.019223     -26.263717
      2.029599     -33.398829
      2.049722      -5.843444
      2.062785      -7.922112
      2.075842      53.171294
      2.088878      52.247063
      2.108859      18.673935
      2.115179      27.879540
      2.138147      53.668137
      2.148487      93.573866
      2.160154      21.079092
      2.177260      51.397506
      2.197099     108.138061
      2.210417      53.155455
      2.222763     131.102768
      2.235942     146.088764
      2.255982     114.792063
      2.272983     226.733308
      2.282019     246.728662
      2.298848     193.724197
      2.317203     248.722603
      2.334242     280.319161
      2.349361     335.526461
      2.356886     308.062558
      2.378344     393.587330
      2.392304     444.521373
      2.406769     469.471405
      2.416971     464.098180
      2.436679     412.992288
      2.445578     460.801784
      2.467536     445.600175
      2.476261     458.737719
      2.499566     506.561980
      2.507783     568.830704
      2.526301     526.287969
      2.536434     499.517276
      2.558190     502.302430
      2.566349     544.735763
      2.588560     537.263389
      2.599642     601.398215
      2.615141     589.892957
      2.633018     590.246586
      2.641936     581.630011
      2.660668     670.808895
      2.677974     627.224078
      2.689164     618.437292
      2.701762     658.770055
      2.721377     657.101742
      2.735383     709.911024
      2.750745     641.351557
      2.763364     686.152851
      2.784026     736.744520
      2.797056     698.582996
      2.805884     804.312950
      2.826419     761.656141
      2.842737     799.386327
      2.854552     800.438343
      2.869421     786.340024
      2.880935     869.727744
      2.897293     876.817576
      2.910599     891.366961
      2.934571     951.869330
      2.944522     944.673422
      2.962293     918.541773
      2.971140     865.584882
      2.989394    1031.035080
      3.001131    1093.976213
      3.023103    1055.754711
      3.036998    1069.400910
      3.054816    1077.521950
      3.066723    1119.388556
      3.081373    1208.099101
      3.093705    1238.015537
      3.114161    1249.720416
      3.125289    1256.238769
      3.139094    1402.789716
      3.156162    1403.001949
      3.165253    1553.253036
      3.189271    1615.055822
      3.199282    1727.489703
      3.217843    1777.481862
      3.225182    1957.517643
      3.240403    2092.665885
      3.261138    2048.171542
      3.277325    2380.837080
      3.288782    2541.850175
      3.305964    2900.727378
      3.322251    3310.097494
      3.338820    3994.196055
      3.345097    4580.879462
      3.363666    4905.600283
      3.382411    4049.392420
      3.390037    2164.342454
      3.409926    1067.817914
      3.421500     624.173914
      3.439076     601.654951
      3.459296     472.466269
      3.473165     412.526945
      3.487238     373.687960
      3.496234     394.440630
      3.511588     354.589099
      3.533935     376.849873
      3.541975     314.135536
      3.557623     356.387445
      3.579905     328.129672
      3.587200     285.830513
      3.602500     299.596381
      3.616363     321.680554
      3.635843     309.707969
      3.654825     270.396792
      3.669902     324.652788
      3.678710     280.348777
      3.693837     286.259807
      3.705782     346.738921
      3.727468     388.977831
      3.738907     358.310019
      3.751376     394.502785
      3.771361     338.825022
      3.784428     240.634433
      3.801963     322.056634
      3.811418     359.052571
      3.826056     307.047339
      3.847559     330.110701
      3.864228     305.169383
      3.870428     304.527350
      3.893087     334.727222
      3.900275     407.877435
      3.919171     328.834647
      3.936265     277.630184
      3.947652     332.523595
      3.962402     315.111346
      3.977376     404.129868
      3.990310     367.712863
      4.012108     371.589807
      4.022701     325.130883
      4.044733     331.933572
      4.051439     387.422627
      4.072019     293.588654
      4.088828     307.445147
      4.103211     342.973094
      4.115771     379.767883
      4.126936     341.326337
      4.149629     389.656031
      4.164733     327.502383
      4.173966     392.972083
      4.186150     377.622705
      4.207425     332.569343
      4.223810     346.516788
      4.233847     424.905279
      4.251595     425.765854
      4.265052     423.286490
      4.278294     352.853116
      4.296640     349.156284
      4.305643     351.757104
      4.328274     387.690136
      4.342961     427.072683
      4.354141     422.469171
      4.372461     477.275134
      4.389906     423.590791
      4.402997     439.122268
      4.417157     466.244246
      4.430234     455.566136
      4.442281     484.386545
      4.462439     470.144097
      4.471334     460.243805
      4.493393     437.304580
      4.508213     458.073270
      4.521911     522.421425
      4.539496     529.050018
      4.553761     600.062400
      4.564574     605.562898
      4.577642     614.457939
      4.593194     656.712742
      4.614322     625.795313
      4.624904     662.486945
      4.637273     769.729849
      4.658766     778.762443
      4.665948     766.699226
      4.688079     879.432151
      4.698786     952.981074
      4.718910    1147.620000
      4.734350    1197.672542
      4.741885    1357.201911
      4.757989    1583.651126
      4.775776    1512.315696
      4.786938    1102.218296
      4.803629     672.737272
      4.818035     450.850644
      4.835065     424.610898
      4.853301     384.583526
      4.864662     415.235916
      4.875447     372.615895
      4.890932     349.235105
      4.914074     335.015623
      4.928811     341.451567
      4.941247     402.592710
      4.954870     392.090525
      4.968184     460.363847
      4.982128     427.795271
      4.996603     335.107477
      5.018132     425.229622
      5.034257     494.674966
      5.045532     424.552336
      5.060116     406.008866
      5.072584     381.829940
      5.091960     496.962258
      5.103344     401.951721
      5.115306     422.333580
      5.130876     366.628876
      5.154580     383.478652
      5.164785     455.412996
      5.183829     402.739718
      5.191002     394.302650
      5.207016     437.997124
      5.220878     414.133237
      5.239286     440.199193
      5.250925     382.461322
      5.271012     449.250035
      5.283129     522.619083
      5.296065     468.422088
      5.315530     507.090500
      5.329152     482.197323
      5.348610     478.541293
      5.356741     513.234923
      5.379629     517.265747
      5.388942     446.760637
      5.400640     505.447794
      5.422839     530.458193
      5.431648     494.294664
      5.446693     571.899532
      5.460800     588.397234
      5.479883     622.017244
      5.497317     556.044730
      5.507640     622.680759
      5.521568     654.383207
      5.540131     684.403698
      5.552778     684.064029
      5.565938     734.261656
      5.586366     752.222010
      5.603996     777.179245
      5.618059     753.293387
      5.633936     792.071282
      5.647163     898.479681
      5.662958     947.208105
      5.677699    1046.902385
      5.691707    1035.348994
      5.707211     995.067427
      5.715579    1145.839096
      5.734645    1248.480916
      5.753308    1394.694582
      5.760168    1468.094231
      5.777603    1642.984387
      5.796319    1933.254674
      5.809519    2384.981034
      5.823865    2762.180381
      5.837828    2979.435185
      5.852205    2484.363685
      5.866457    1619.583415
      5.889424     915.972102
      5.897649     543.836455
      5.914000     527.280435
      5.931378     490.150948
      5.944489     373.126705
      5.957204     424.688347
      5.975576     449.589674
      5.986482     393.269175
      6.006974     411.907745
      6.019465     407.327908
      6.037523     435.652888
      6.052896     407.374401
      6.063189     411.424964
      6.079218     381.374087
      6.099792     380.843526
      6.105088     371.342597
      6.123047     372.641712
      6.136214     358.538829
      6.157020     379.822133
      6.174916     377.917389
      6.186567     436.915401
      6.203794     397.534156
      6.217286     435.974708
      6.226030     423.269313
      6.242422     353.567324
      6.263661     381.391514
      6.278102     387.087993
      6.285628     445.018984
      6.309251     455.498620
      6.319208     389.564408
      6.338914     376.619768
      6.346057     424.697145
      6.362666     429.107186
      6.381346     447.089473
      6.399048     394.720907
      6.413795     392.048395
      6.426731     366.585921
      6.442101     412.947575
      6.458826     421.093610
      6.472152     449.249783
      6.483481     442.817887
      6.499094     475.527822
      6.515758     443.092975
      6.532619     421.557494
      6.541044     470.228683
      6.559762     468.470640
      6.576320     462.221042
      6.587535     491.662857
      6.608731     537.185096
      6.624491     571.392937
      6.637900     536.065433
      6.646485     642.346148
      6.666028     651.416879
      6.675588     665.880806
      6.695245     793.586561
      6.710980     765.084639
      6.729871     966.912776
      6.742174    1049.418124
      6.753455    1036.343298
      6.767067     844.759581
      6.786859     544.868284
      6.797241     482.450353
      6.812314     375.858089
      6.827536     372.249039
      6.843723     431.921944
      6.862721     422.064858
      6.874145     440.185630
      6.885580     377.977842
      6.906842     411.902095
      6.918544     370.357926
      6.935476     429.005130
      6.952962     458.230994
      6.969841     387.407006
      6.982958     422.181878
      6.995887     395.951360
      7.007494     352.515409
      7.027293     455.683050
      7.037521     346.546169
      7.058725     396.642585
      7.067912     422.307032
      7.087960     426.682755
      7.097992     475.303977
      7.118959     399.529454
      7.132560     412.704595
      7.143925     440.502530
      7.159729     435.570420
      7.177882     395.031650
      7.188268     449.232568
      7.204820     443.307160
      7.218609     419.253636
      7.230293     482.657017
      7.246525     471.321213
      7.264367     434.530876
      7.282078     512.730654
      7.293668     448.109572
      7.314197     499.402039
      7.329617     520.138202
      7.337086     582.829399
      7.352791     604.861060
      7.367544     592.498138
      7.385788     639.900896
      7.401793     686.725355
      7.417282     649.662971
      7.426578     740.719551
      7.442935     724.452266
      7.460249     876.282145
      7.479690     862.014045
      7.486787     970.885996
      7.500915    1080.491914
      7.518729    1235.000540
      7.539427    1384.274772
      7.552429    1473.817091
      7.560516    1258.718602
      7.583179     933.297913
      7.599447     605.869324
      7.614864     523.827440
      7.624016     520.052420
      7.640725     499.549353
      7.659035     450.158702
      7.671572     419.414616
      7.688103     413.988875
      7.698782     481.652118
      7.713247     414.915820
      7.727891     468.561547
      7.740143     431.048904
      7.762194     415.514072
      7.778036     476.175764
      7.791054     419.685881
      7.801560     484.068209
      7.817839     516.334118
      7.837697     478.444198
      7.853368     512.001657
      7.868368     489.155806
      7.878131     491.063561
      7.894654     447.285640
      7.905916     480.705745
      7.921722     566.545691
      7.941979     590.382079
      7.954224     533.873527
      7.971783     533.492599
      7.981869     555.478428
      7.996380     623.303242
      8.014242     598.038527
      8.033910     690.944826
      8.045768     698.550053
      8.064849     660.484608
      8.072207     733.223991
      8.087421     758.641107
      8.101188     757.143456
      8.116756     805.278653
      8.135114     873.535217
      8.147986     910.450352
      8.160522    1000.764587
      8.182508    1113.534804
      8.194823    1208.489361
      8.214875    1392.502114
      8.223546    1545.596629
      8.237318    1784.683874
      8.252012    2022.091354
      8.269333    2190.999233
      8.289875    1918.096746
      8.298626    1306.360116
      8.317893     780.246207
      8.331343     546.659566
      8.346171     474.771319
      8.357274     436.464801
      8.376229     385.574966
      8.393560     347.176966
      8.403269     349.143830
      8.418655     373.871251
      8.430843     360.153204
      8.448332     410.143913
      8.462449     418.964035
      8.476491     308.180050
      8.494942     400.099154
      8.512160     393.364027
      8.527466     337.072574
      8.538215     348.073613
      8.556274     398.683368
      8.570796     357.232758
      8.581208     389.705689
      8.601414     346.431674
      8.614711     377.344728
      8.630556     418.382540
      8.649434     311.296276
      8.660973     362.394354
      8.676751     384.745340
      8.694848     380.253818
      8.705031     425.665610
      8.719444     308.959667
      8.734128     408.742966
      8.747884     434.301130
      8.761469     384.563867
      8.784757     353.452321
      8.797421     411.982302
      8.812824     414.915671
      8.825192     392.284697
      8.841112     353.547005
      8.854155     436.353132
      8.867805     397.974439
      8.882143     349.345545
      8.897947     436.783710
      8.910523     462.579053
      8.927713     483.283882
      8.949888     426.761698
      8.962369     424.242515
      8.970089     368.918796
      8.994194     372.065858
      9.007777     361.716687
      9.015866     398.052330
      9.035135     404.588160
      9.047415     326.111793
      9.060885     318.043740
      9.080758     343.557629
      9.097856     371.947741
      9.109996     388.415057
      9.128350     360.872423
      9.144755     317.820144
      9.157078     379.003636
      9.168034     329.067960
      9.183293     431.918219
      9.195920     417.374743
      9.217029     403.938366
      9.226252     345.093243
      9.249772     385.085569
      9.255162     347.315375
      9.277459     334.093878
      9.289383     340.401565
      9.303509     375.922023
      9.319667     353.941004
      9.330992     327.614140
      9.348154     338.812770
      9.362380     322.243973
      9.381211     360.264761
      9.393139     383.128336
      9.407428     354.586228
      9.424620     361.777358
      9.435391     364.150209
      9.451726     338.371574
      9.471173     367.190709
      9.489378     380.459197
      9.499026     351.137569
      9.517809     381.477038
      9.529804     420.617651
      9.544177     326.376998
      9.560113     367.410100
      9.578940     387.453365
      9.587496     361.524345
      9.602206     375.884009
      9.621763     376.887358
      9.633811     323.077170
      9.654803     341.613088
      9.660106     419.057436
      9.678580     406.577529
      9.695021     380.031424
      9.714027     349.085790
      9.727728     382.747463
      9.739465     413.709469
      9.758829     445.948161
      9.771247     351.610055
      9.789937     359.994740
      9.796250     390.950451
      9.819074     362.375940
      9.826099     345.525219
      9.844776     356.160556
      9.863682     439.823566
      9.879373     408.619180
      9.890436     410.658525
      9.902622     386.596800
      9.919438     372.080498
      9.936334     361.939011
      9.949063     471.952408
      9.967676     467.826835
      9.981840     386.182821
      9.994896     412.063693
     10.008588     419.140879
     10.028688     469.194428
     10.036174     459.672879
     10.054666     455.006254
     10.069058     451.845730
     10.081004     527.762751
     10.098621     571.797512
     10.110382     634.247159
     10.134418     703.957413
     10.145685     688.917287
     10.159818     544.087902
     10.178673     476.922826
     10.187392     410.984505
     10.201233     400.377395
     10.217213     349.133351
     10.237071     367.746376
     10.252935     383.700361
     10.263545     388.270247
     10.275056     335.995684
     10.299032     370.356171
     10.314217     434.720686
     10.329238     405.571582
     10.338562     411.636383
     10.351600     347.860397
     10.366249     397.288058
     10.385433     394.499483
     10.396186     386.443743
     10.419314     364.259654
     10.432963     345.906942
     10.442570     305.390809
     10.461197     326.235081
     10.473840     328.746399
     10.492176     399.503634
     10.507811     366.408263
     10.524862     412.206373
     10.531662     446.886186
     10.553407     405.504285
     10.564066     450.688944
     10.580814     410.804054
     10.596354     458.053641
     10.605749     437.386456
     10.627519     412.119527
     10.642143     378.425771
     10.653482     460.277596
     10.669118     424.529469
     10.688513     461.029671
     10.699946     432.108397
     10.712613     452.587709
     10.733571     383.184183
     10.742577     415.439688
     10.760923     430.712847
     10.770692     439.084104
     10.790086     409.761002
     10.802813     433.880753
     10.822622     382.770662
     10.835202     371.613054
     10.846116     389.151222
     10.864977     385.601064
     10.879621     357.042357
     10.894646     463.310685
     10.906363     401.190701
     10.920994     415.251925
     10.939301     445.675740
     10.958812     384.428258
     10.972291     422.660648
     10.985716     489.231679
     11.002636     523.438767
     11.015760     552.347661
     11.033728     474.393351
     11.042756     529.665963
     11.055150     516.196858
     11.070283     596.098858
     11.091712     555.203980
     11.102050     602.116252
     11.115666     621.068428
     11.136444     623.219890
     11.146872     781.983911
     11.165949     767.577905
     11.180675     843.541228
     11.198021     956.427976
     11.213754    1026.202730
     11.225903     893.303929
     11.237019     789.931656
     11.251271     623.346151
     11.269272     494.786978
     11.284053     483.812146
     11.300979     411.989570
     11.311723     383.073502
     11.325391     400.272155
     11.341725     391.274458
     11.359585     385.407969
     11.374298     448.433051
     11.391722     436.734531
     11.407638     437.566244
     11.420326     401.775938
     11.430542     401.444849
     11.452480     363.548309
     11.469917     419.777554
     11.477545     418.872984
     11.491745     432.197480
     11.508871     419.275463
     11.529804     404.987989
     11.535292     438.689188
     11.552894     435.412571
     11.567980     406.797350
     11.584655     473.177935
     11.602513     503.305856
     11.615637     522.164335
     11.632988     494.698296
     11.648650     487.465035
     11.662802     531.851272
     11.673178     557.259012
     11.687123     619.549257
     11.707583     616.312101
     11.722840     622.920623
     11.734948     537.689676
     11.750873     537.527135
     11.763997     413.043738
     11.781717     426.480210
     11.792868     444.975502
     11.806464     445.327008
     11.824231     482.438947
     11.843495     430.223053
     11.854034     379.347461
     11.865840     509.489573
     11.881219     449.376982
     11.901243     429.501419
     11.914988     460.838144
     11.928589     461.037393
     11.943349     508.494971
     11.960991     447.884641
     11.974619     491.296986
     11.988288     526.548094
     12.003398     518.952455
     12.015349     496.075076
     12.037125     503.166649
     12.045389     552.234897
     12.060839     625.077938
     12.080132     559.618006
     12.098201     648.611662
     12.110448     715.629153
     12.128052     808.509985
     12.143122     901.986194
     12.152362     971.457052
     12.172872    1067.685843
     12.183753    1079.859963
     12.199412    1054.426250
     12.216506     957.270967
     12.228655     749.714702
     12.242672     562.669599
     12.262913     500.595186
     12.279767     395.077454
     12.286184     394.792208
     12.305724     394.024097
     12.316616     451.673760
     12.330337     455.319626
     12.354806     381.092826
     12.364404     414.328910
     12.382956     382.825866
     12.396256     363.880553
     12.414279     337.775030
     12.422911     353.439162
     12.444367     419.459861
     12.455646     340.319578
     12.474363     445.260996
     12.485533     406.040585
     12.501447     342.861837
     12.513644     418.757277
     12.533124     340.838907
     12.546786     325.174712
     12.563754     367.143258
     12.579964     429.251253
     12.593883     358.986264
     12.602376     384.809835
     12.621685     355.872692
     12.631511     414.532441
     12.651995     408.088247
     12.660382     356.095577
     12.677832     354.630884
     12.694837     376.748763
     12.710043     326.772976
     12.726235     443.621384
     12.739486     386.542945
     12.751414     371.291954
     12.767157     355.190531
     12.782704     426.673526
     12.804041     380.517065
     12.813755     405.027281
     12.830414     349.332118
     12.841411     370.615299
     12.859364     340.486612
     12.873812     391.873158
     12.891275     384.097770
     12.900273     328.980807
     12.918247     361.363500
     12.935891     381.973516
     12.953173     418.173341
     12.966122     418.382397
     12.983899     381.001671
     12.999555     401.860878
     13.009008     462.635190
     13.020089     425.151529
     13.043350     383.454928
     13.054566     439.260516
     13.067392     456.872126
     13.083792     501.038878
     13.101161     465.133470
     13.115714     491.587492
     13.134107     500.351568
     13.145027     461.298866
     13.158611     466.768902
     13.176851     438.329264
     13.186880     407.852474
     13.207243     454.865363
     13.215060     459.156907
     13.238232     492.321826
     13.252738     427.098123
     13.261460     365.357576
     13.280336     435.339739
     13.295976     491.709704
     13.314088     453.411397
     13.323057     434.615734
     13.340801     493.164240
     13.351254     454.104577
     13.373181     512.800294
     13.388473     518.979228
     13.403373     579.053122
     13.418414     508.024098
     13.433011     628.800982
     13.448212     618.074683
     13.461191     705.738393
     13.470889     726.902185
     13.488020     778.673608
     13.505493     904.069382
     13.518768     936.885953
     13.535754    1006.279861
     13.554509     948.229391
     13.568591     786.424760
     13.584951     603.643300
     13.591586     552.419026
     13.612536     390.468445
     13.629724     385.469336
     13.642551     394.668349
     13.650642     430.823008
     13.674660     420.546683
     13.681780     464.192488
     13.702257     402.966328
     13.711515     467.157448
     13.728272     418.548533
     13.740448     465.715306
     13.762384     484.744075
     13.779135     414.623727
     13.785961     457.361199
     13.804017     474.341977
     13.823084     440.928537
     13.830181     472.728922
     13.845992     527.508512
     13.860887     570.534455
     13.876815     578.149342
     13.896211     584.524802
     13.910737     648.801323
     13.927626     612.624714
     13.936131     720.570192
     13.955061     720.227142
     13.968015     634.885573
     13.989090     562.530259
     14.003054     550.848715
     14.015231     398.477669
     14.033479     427.302298
     14.041032     400.393917
     14.060604     389.806972
     14.077334     362.567696
     14.089793     411.330465
     14.100737     437.686277
     14.118470     422.862956
     14.135797     422.387717
     14.150436     393.687510
     14.167493     417.727586
     14.183569     451.922044
     14.197212     456.422857
     14.205100     386.111961
     14.229687     431.911780
     14.238557     503.751871
     14.258946     445.696917
     14.271859     388.457936
     14.283182     525.375323
     14.295613     502.967436
     14.318479     564.331651
     14.329327     623.138572
     14.340803     588.427264
     14.359870     695.656986
     14.379890     713.603303
     14.385062     616.306257
     14.407440     498.600609
     14.417301     448.290846
     14.433418     462.340728
     14.451480     430.774150
     14.462600     381.076857
     14.484779     422.644266
     14.493153     388.833314
     14.507925     397.797021
     14.529112     363.908866
     14.541375     408.459586
     14.558753     414.316964
     14.571575     425.526815
     14.582635     424.509211
     14.599227     378.571529
     14.618405     482.367264
     14.634745     427.712862
     14.640958     484.601248
     14.660005     458.213143
     14.676946     515.502848
     14.689306     527.147678
     14.709456     592.308256
     14.720635     614.836515
     14.731108     660.223470
     14.754148     743.385780
     14.762696     691.074694
     14.782964     669.688188
     14.794970     500.811731
     14.806104     499.262170
     14.829049     461.527218
     14.840857     418.113481
     14.859096     344.606346
     14.867951     357.781580
     14.880937     382.080843
     14.899522     413.094503
     14.913846     332.593628
     14.927810     353.685530
     14.947962     353.359743
     14.956986     377.873210
     14.973773     348.384900
     14.990973     361.293862
     15.004288     339.599442
     15.023704     351.119423
     15.033238     407.151327
     15.049840     404.603177
     15.062476     370.559190
     15.082814     341.466675
     15.092099     402.990558
     15.112520     376.680849
     15.126384     387.829648
     15.135388     458.748313
     15.154981     439.959002
     15.171475     403.781136
     15.187523     360.173363
     15.202810     419.119220
     15.219545     431.873078
     15.233602     370.369295
     15.245943     394.688123
     15.262941     397.936016
     15.273061     402.058180
     15.285062     359.644951
     15.302061     318.309197
     15.317635     376.919390
     15.338374     375.173316
     15.353103     338.884694
     15.366614     347.037936
     15.382377     337.438732
     15.394452     372.516231
     15.414073     411.327206
     15.421155     421.333333
     15.436040     358.783341
     15.456099     432.447202
     15.469148     477.766349
     15.483016     470.645694
     15.498109     448.460461
     15.511359     452.774366
     15.527772     454.200815
     15.544374     460.702071
     15.557089     426.147798
     15.579074     462.698554
     15.593567     373.686398
     15.604347     356.802205
     15.621563     339.772599
     15.638617     363.427141
     15.654631     411.994005
     15.668979     405.977894
     15.675939     437.392891
     15.698720     438.743884
     15.707029     406.468519
     15.724195     398.705701
     15.743410     431.899635
     15.753626     442.929181
     15.770320     507.107966
     15.780650     535.034116
     15.802992     518.794121
     15.814470     566.049847
     15.832522     577.437682
     15.842866     630.853689
     15.862456     751.617924
     15.870343     788.043692
     15.891542     762.780978
     15.904954     748.069641
     15.917563     630.328359
     15.939576     571.978254
     15.950792     490.671831
     15.965522     397.024625
     15.980427     364.681828
     15.999561     339.929986
     16.006542     344.753570
     16.025891     329.277719
     16.044786     314.653063
     16.059973     375.421280
     16.071819     306.023245
     16.081991     338.916731
     16.097551     349.265274
     16.118646     292.727076
     16.132225     379.754845
     16.142937     275.047737
     16.164437     373.298179
     16.175141     352.680803
     16.191190     347.763010
     16.207419     352.514513
     16.218310     381.047495
     16.230329     329.668422
     16.252348     331.417969
     16.269561     299.689918
     16.278514     363.548733
     16.295703     308.744436
     16.311754     351.774207
     16.320822     320.120044
     16.337750     321.093858
     16.357769     336.505501
     16.365414     304.573657
     16.380887     379.843731
     16.403287     290.821259
     16.413042     302.352243
     16.429025     286.903538
     16.449847     361.844356
     16.458163     395.604528
     16.473292     412.645358
     16.489377     431.923330
     16.507950     354.411663
     16.521479     443.976821
     16.532352     444.725183
     16.553617     542.859693
     16.564161     523.415921
     16.579071     633.935147
     16.597062     655.260978
     16.607464     614.772566
     16.625582     512.056523
     16.641609     474.795401
     16.653513     386.504827
     16.665522     406.086902
     16.689423     361.759890
     16.703130     323.234139
     16.712067     378.239303
     16.725494     360.348361
     16.743690     361.592607
     16.759647     313.324629
     16.770720     312.704249
     16.787128     340.745252
     16.800279     329.561976
     16.824978     380.132890
     16.838326     336.976614
     16.849017     378.126244
     16.869738     411.588247
     16.879657     432.659577
     16.891994     473.542632
     16.905550     507.214714
     16.922673     421.374212
     16.938983     442.404266
     16.951803     485.943620
     16.973603     460.041934
     16.988930     409.194783
     17.001473     417.758450
     17.014572     344.507081
     17.025208     279.853173
     17.040178     321.217657
     17.063865     316.952650
     17.074321     309.661678
     17.085440     345.827717
     17.100001     306.982609
     17.116780     298.650625
     17.135146     264.026001
     17.145979     270.069511
     17.165022     347.544985
     17.180672     347.957313
     17.194102     284.492276
     17.213862     297.937390
     17.220209     268.779135
     17.236167     327.562806
     17.252460     298.910976
     17.271437     333.939030
     17.288237     289.517592
     17.298753     354.858753
     17.316625     309.934563
     17.325943     345.794597
     17.347305     300.198014
     17.355004     300.794609
     17.371901     317.000926
     17.386478     363.320146
     17.400571     306.197097
     17.416409     320.276373
     17.439468     296.764748
     17.452175     381.895425
     17.464702     319.718160
     17.476343     293.950029
     17.493276     291.347319
     17.510914     338.551002
     17.525567     394.901875
     17.543024     351.657445
     17.559777     321.953977
     17.573088     369.753124
     17.580776     424.898243
     17.598657     475.704742
     17.619705     475.708087
     17.627260     415.778569
     17.645107     347.331160
     17.659851     382.605221
     17.674125     369.679912
     17.693820     304.206820
     17.702904     334.150548
     17.723813     236.092847
     17.734671     292.873591
     17.745092     277.668527
     17.760245     266.649432
     17.782426     311.883808
     17.794612     323.803399
     17.812676     315.655622
     17.827345     309.902711
     17.839165     320.228240
     17.852558     342.229405
     17.865706     303.322514
     17.881003     313.348717
     17.899003     373.871994
     17.919085     359.952837
     17.925035     348.247593
     17.945483     337.152628
     17.959354     342.410040
     17.978217     368.772792
     17.985971     316.049586
     18.005338     313.242366
     18.021293     366.648641
     18.032915     261.653197
     18.049963     327.805576
     18.068957     330.266941
     18.077734     334.276090
     18.094605     333.000059
     18.114410     221.523257
     18.121788     303.804866
     18.142570     295.153494
     18.150176     289.683119
     18.167880     344.830571
     18.187706     293.826423
     18.203101     285.685272
     18.217406     252.410213
     18.229779     264.661532
     18.242698     260.487066
     18.258767     306.770536
     18.271336     322.078359
     18.287267     332.936194
     18.308088     265.475984
     18.322983     293.076857
     18.339817     336.720911
     18.352967     349.290580
     18.364076     278.954849
     18.376627     304.242918
     18.392829     342.978845
     18.411795     272.760104
     18.422604     281.034717
     18.436565     319.337329
     18.452294     320.891881
     18.467450     306.128243
     18.480695     212.165500
     18.495911     267.579922
     18.517216     279.438392
     18.529944     349.342886
     18.540254     310.355515
     18.558811     275.823861
     18.576294     337.421903
     18.592174     282.263303
     18.603190     240.281742
     18.623636     236.089758
     18.638441     258.073269
     18.653107     346.318792
     18.663237     364.364566
     18.680757     312.721578
     18.691151     248.513726
     18.713898     329.463759
     18.722890     293.174622
     18.739918     362.372608
     18.751314     342.589095
     18.771106     390.871108
     18.787714     389.395599
     18.796084     358.999912
     18.810341     342.202418
     18.828388     356.137026
     18.841967     448.733295
     18.861283     451.739593
     18.873097     473.984007
     18.889500     484.864269
     18.906784     420.171987
     18.922702     350.568843
     18.934362     349.584736
     18.954293     294.278127
     18.960907     278.619470
     18.980370     296.658597
     18.997831     331.271056
     19.013847     312.025666
     19.023118     290.954490
     19.042195     309.735431
     19.055516     363.885429
     19.070013     291.347898
     19.085283     345.338382
     19.101569     365.875595
     19.112035     361.332335
     19.132463     359.497830
     19.140657     327.169019
     19.160663     376.095434
     19.175183     318.101190
     19.192131     345.977389
     19.204804     337.274028
     19.224880     331.289613
     19.239249     291.225359
     19.249975     366.642356
     19.266610     291.396182
     19.278704     389.959481
     19.296061     309.236425
     19.314413     362.179410
     19.329536     327.021195
     19.339623     293.435375
     19.354767     362.504034
     19.372251     311.413214
     19.384193     284.722842
     19.399919     366.485020
     19.414920     311.853148
     19.427771     436.279137
     19.449937     412.307849
     19.464526     391.387964
     19.471185     392.620436
     19.493035     513.128787
     19.508660     488.405619
     19.522928     357.670726
     19.535938     330.739404
     19.551647     312.596932
     19.562054     363.483645
     19.577374     312.883742
     19.599212     276.271811
     19.610973     364.385338
     19.623469     375.082081
     19.638433     286.757961
     19.657237     332.445738
     19.667571     342.171536
     19.680371     286.440464
     19.699448     271.791001
     19.713279     309.851431
     19.731920     276.722849
     19.741321     344.998437
     19.761593     321.501227
     19.778873     282.144795
     19.792703     306.906287
     19.807616     352.663212
     19.820538     359.993054
     19.832772     355.555921
     19.848715     279.447679
     19.860195     347.716794
     19.883878     280.292623
     19.899741     292.035191
     19.912147     317.934979
     19.921446     304.431056
     19.941756     293.395871
     19.953746     363.123605
     19.969019     365.646106
     19.989834     328.260519
     20.004383     347.789960
     20.018459     361.644724
     20.029789     353.414896
     20.042808     393.378687
     20.061374     358.352402
     20.075100     403.449545
     20.092903     450.912935
     20.108891     359.804257
     20.115607     334.678321
     20.130548     385.970599
     20.154555     318.725133
     20.165866     334.493825
     20.178189     275.462409
     20.194957     346.850263
     20.208776     276.584976
     20.228707     367.029783
     20.242982     327.399500
     20.256006     305.372166
     20.265642     353.292086
     20.284798     312.076807
     20.299886     303.580114
     20.317584     340.766966
     20.334109     388.372988
     20.342066     335.784033
     20.358283     404.922824
     20.370671     368.886332
     20.390469     380.074648
     20.405453     350.091461
     20.421234     293.143173
     20.434864     302.202422
     20.446097     348.690822
     20.469864     298.442672
     20.478896     342.274945
     20.491531     321.355011
     20.508468     322.935336
     20.523054     347.952883
     20.542718     347.289531
     20.550931     328.252109
     20.572067     323.783253
     20.583610     420.817375
     20.601451     359.737141
     20.614621     431.346546
     20.629378     360.897519
     20.646142     422.183080
     20.658827     483.254641
     20.675674     337.958725
     20.686134     395.204513
     20.705632     332.833389
     20.724705     302.307638
     20.734282     377.363716
     20.745317     374.795106
     20.762496     357.640138
     20.781971     364.591561
     20.792856     335.252074
     20.805401     317.655291
     20.829356     387.549284
     20.839813     392.494194
     20.853412     412.134636
     20.866163     362.359225
     20.887047     465.877217
     20.895789     466.998872
     20.918374     455.567102
     20.932314     477.084801
     20.941277     464.130561
     20.962806     439.745898
     20.973800     392.469916
     20.993862     337.503662
     21.001343     316.437731
     21.016691     353.646160
     21.036698     378.956084
     21.049884     285.926132
     21.065533     291.391524
     21.079558     332.631083
     21.098891     275.810202
     21.112854     371.983038
     21.127624     300.860594
     21.138589     256.680840
     21.159452     273.826891
     21.167338     324.224716
     21.188428     331.236403
     21.197106     298.757346
     21.215081     356.614494
     21.225928     315.013655
     21.246799     312.908258
     21.258124     305.870972
     21.273457     291.168112
     21.288968     323.016893
     21.300206     364.529969
     21.320115     304.071560
     21.338565     326.428877
     21.354964     384.198867
     21.369616     373.456904
     21.379824     399.048684
     21.393328     395.854273
     21.407129     329.056569
     21.421347     447.493733
     21.436622     387.852045
     21.456973     430.095655
     21.465552     460.599543
     21.484278     425.666442
     21.495195     397.693078
     21.513747     377.432938
     21.532238     344.753885
     21.547643     339.998777
     21.555078     366.835699
     21.573121     284.884390
     21.593162     335.715456
     21.606386     331.370194
     21.622578     341.527552
     21.637880     260.065075
     21.653784     292.118262
     21.661112     358.129253
     21.675269     381.661951
     21.691439     281.194637
     21.707485     362.561149
     21.720118     335.255511
     21.735598     359.502993
     21.756414     319.514972
     21.765334     386.870693
     21.788856     343.178245
     21.804288     305.211204
     21.812054     312.997632
     21.833765     304.804547
     21.849515     293.717679
     21.862456     314.875421
     21.878452     364.417047
     21.889001     362.734489
     21.906395     279.736053
     21.923314     336.687252
     21.932240     328.282116
     21.951578     301.211965
     21.965857     357.248239
     21.980357     414.439190
     21.990571     342.011136
     22.011149     390.033113
     22.026477     357.582153
     22.036813     384.713022
     22.053540     361.168896
     22.070914     337.777804
     22.085772     297.709984
     22.095965     383.016696
     22.110645     297.731571
     22.129354     327.124208
     22.141866     288.672777
     22.157799     340.359330
     22.177738     353.502041
     22.190549     361.577122
     22.209252     444.347451
     22.219905     458.522344
     22.236342     367.723093
     22.253337     462.366646
     22.265911     410.480823
     22.278169     456.436140
     22.291351     477.074568
     22.314537     369.221211
     22.322043     425.202135
     22.337146     407.619476
     22.359746     340.950824
     22.369447     328.115739
     22.380226     396.893381
     22.395239     322.029468
     22.413005     327.340746
     22.434377     325.218565
     22.448538     374.100462
     22.455211     339.313570
     22.474143     309.823631
     22.494224     311.119084
     22.507048     282.899160
     22.517076     291.583221
     22.531800     373.763545
     22.554334     319.221811
     22.560460     322.891752
     22.575515     283.056098
     22.591093     366.578124
     22.613932     349.761105
     22.624633     430.071078
     22.643778     310.167593
     22.651205     327.222458
     22.671166     293.647918
     22.683488     299.824978
     22.702147     326.979344
     22.719692     276.145822
     22.729867     368.111210
     22.744307     306.109511
     22.761246     347.869520
     22.775224     442.035743
     22.794307     350.373256
     22.805131     362.248280
     22.818533     421.011195
     22.832827     330.114253
     22.854649     398.930171
     22.861452     314.311507
     22.880722     357.125965
     22.894504     320.602381
     22.908708     308.633535
     22.926769     273.585711
     22.940353     247.417398
     22.950631     301.984649
     22.969827     324.192033
     22.981325     268.026985
     23.002697     220.270355
     23.015636     284.861690
     23.028062     288.176332
     23.044396     261.752873
     23.063988     293.576343
     23.079579     265.629043
     23.092872     242.025503
     23.103071     268.694876
     23.122307     261.221177
     23.137738     282.104814
     23.152066     284.469081
     23.164082     283.532331
     23.182867     255.525984
     23.195437     323.174147
     23.208603     275.661734
     23.223674     271.697598
     23.239090     313.428425
     23.250252     369.780212
     23.268343     352.885309
     23.281680     398.269704
     23.301152     294.180399
     23.319371     323.879985
     23.325023     305.628251
     23.342514     399.542849
     23.360669     347.506371
     23.375370     301.135539
     23.391408     267.274691
     23.403593     357.015559
     23.420381     347.424976
     23.432882     322.964379
     23.448849     282.754556
     23.469702     361.799640
     23.476292     352.540898
     23.495526     351.218640
     23.514548     334.272039
     23.525758     350.303539
     23.544319     365.259770
     23.557360     372.365776
     23.574680     387.179022
     23.584636     326.197518
     23.598520     354.708446
     23.614592     300.584232
     23.632984     299.195740
     23.641870     353.157646
     23.655796     383.061825
     23.672594     356.372600
     23.686532     294.163307
     23.707306     284.405572
     23.718358     287.889220
     23.731869     338.800044
     23.747658     332.539191
     23.762507     297.315006
     23.776433     358.574657
     23.796881     360.384824
     23.813417     303.534291
     23.828902     308.451435
     23.841661     319.190971
     23.850331     319.886429
     23.868881     331.977296
     23.881637     285.695559
     23.903217     329.269673
     23.918285     290.204574
     23.927573     367.479050
     23.946048     337.201073
     23.963435     281.443885
     23.978498     321.828472
     23.987579     282.927872
     24.005589     306.981643
     24.022439     276.749594
     24.033505     262.791708
     24.054796     375.425416
     24.065032     389.508062
     24.075903     291.441152
     24.098114     313.242051
     24.111014     286.170519
     24.123264     236.282546
     24.143820     268.470118
     24.156711     270.833118
     24.171475     251.302449
     24.189010     301.687793
     24.202138     290.191733
     24.211082     308.804779
     24.226695     283.649524
     24.243173     323.909902
     24.257011     310.226641
     24.272444     301.120031
     24.291420     270.936798
     24.308722     351.743339
     24.318261     253.535147
     24.333217     332.458444
     24.349893     341.466599
     24.363616     284.729522
     24.382325     274.932422
     24.393550     351.280432
     24.412715     301.986826
     24.424138     250.962495
     24.442033     314.988899
     24.458939     305.445889
     24.466187     307.692019
     24.487213     290.628909
     24.498470     323.141952
     24.518539     301.384721
     24.527420     301.515714
     24.546906     330.650954
     24.559498     343.518242
     24.578284     275.062569
     24.586579     315.547977
     24.602553     327.208901
     24.618145     269.643612
     24.638830     310.455555
     24.647108     268.185467
     24.663591     278.570181
     24.678307     334.859940
     24.697658     275.765102
     24.712477     306.944422
     24.721265     383.165828
     24.743450     282.996354
     24.753157     296.347438
     24.769212     266.397911
     24.785205     357.797591
     24.799859     265.593730
     24.815377     321.280190
     24.833598     271.533148
     24.846353     382.744241
     24.859127     361.281469
     24.873107     374.579534
     24.887592     358.399032
     24.901424     319.390235
     24.919433     315.839608
     24.939863     346.650714
     24.952958     344.807690
     24.967791     401.562412
     24.975994     447.588866
     24.990966     452.499495
     25.014883     384.930275
     25.024633     456.199931
     25.041443     401.912023
     25.056439     402.166261
     25.073531     368.427071
     25.082924     360.659573
     25.096190     365.836998
     25.118780     355.802246
     25.127195     278.155115
     25.141790     296.950218
     25.163285     371.711407
     25.172761     330.627341
     25.188202     306.583839
     25.202914     407.485543
     25.216382     407.922637
     25.231316     368.925566
     25.248015     396.210182
     25.265594     322.816510
     25.275311     301.390958
     25.297722     312.754327
     25.308343     280.960998
     25.329633     260.016063
     25.340404     300.461148
     25.355657     277.269680
     25.369267     271.186217
     25.382534     284.151084
     25.400047     301.173796
     25.413183     311.564698
     25.427211     219.760838
     25.440129     282.138458
     25.456012     341.580204
     25.479262     323.700034
     25.489060     275.670449
     25.500825     251.960484
     25.515646     326.987943
     25.533141     228.334413
     25.545059     252.135292
     25.568135     295.599694
     25.576473     297.684376
     25.595210     296.849130
     25.613406     299.964867
     25.628547     274.677369
     25.639265     260.417592
     25.654448     327.826109
     25.669609     331.446533
     25.681260     304.563692
     25.698014     339.690374
     25.711567     280.469174
     25.725229     286.235916
     25.745361     329.252358
     25.756058     318.015855
     25.775670     310.057128
     25.791243     366.012703
     25.808956     279.841127
     25.816388     377.652291
     25.835710     285.905018
     25.850720     334.672129
     25.864344     296.678986
     25.875818     282.604490
     25.891310     287.745349
     25.906214     242.579106
     25.924626     278.818006
     25.935296     300.254357
     25.956289     308.571952
     25.967137     343.075452
     25.984627     325.830462
     26.004531     291.832989
     26.014356     247.139908
     26.031224     328.096290
     26.044057     317.449754
     26.056734     287.045618
     26.077903     296.817289
     26.090908     286.934310
     26.109789     286.243238
     26.120764     303.505629
     26.130336     277.446994
     26.150238     381.785627
     26.164708     380.848361
     26.184425     308.884870
     26.195750     359.168579
     26.211581     303.999779
     26.221659     367.603097
     26.244937     287.584119
     26.252616     372.149060
     26.267423     348.844484
     26.283745     266.731857
     26.301973     302.292832
     26.310113     308.278640
     26.333493     242.480119
     26.349116     357.415750
     26.357307     329.074130
     26.375213     319.926941
     26.385087     323.199897
     26.407115     316.507654
     26.424383     290.989534
     26.430930     278.003755
     26.449561     284.998374
     26.467473     338.857448
     26.478579     340.091544
     26.492355     355.232716
     26.505947     338.121467
     26.528074     282.727415
     26.539527     271.630271
     26.551518     314.761651
     26.574232     305.290241
     26.584599     353.431265
     26.601875     315.924752
     26.612859     323.153463
     26.630559     292.023003
     26.649411     348.170177
     26.659272     383.926830
     26.675684     305.746768
     26.694264     270.387626
     26.708496     259.369830
     26.717240     296.672493
     26.735177     269.468618
     26.746000     304.756165
     26.761003     298.245045
     26.776407     290.719591
     26.792447     265.299835
     26.810778     325.853762
     26.828021     286.870036
     26.839010     318.807301
     26.858520     345.939196
     26.866470     359.494134
     26.884967     289.451684
     26.897411     306.158906
     26.919244     266.382711
     26.926542     353.843351
     26.949346     340.073038
     26.961713     269.246651
     26.971043     249.711789
     26.987795     323.812094
     27.008917     275.582806
     27.020319     328.295837
     27.037115     339.196136
     27.054428     337.358987
     27.067849     311.258410
     27.083685     374.628005
     27.094355     304.100142
     27.113401     352.296442
     27.121860     295.080262
     27.140304     315.060614
     27.154895     334.356783
     27.173138     324.265714
     27.184109     282.877977
     27.204813     269.280754
     27.215408     312.361315
     27.234740     279.483285
     27.245275     315.873745
     27.260786     283.283518
     27.272905     316.588964
     27.293449     360.047899
     27.304664     282.697491
     27.324145     320.311492
     27.333357     324.762291
     27.348922     279.551528
     27.364996     288.629880
     27.381703     294.057611
     27.394564     281.534681
     27.406174     332.640260
     27.426323     277.535984
     27.440621     312.413145
     27.459375     353.386218
     27.468458     342.181881
     27.484790     282.378283
     27.500216     332.815651
     27.512761     342.633970
     27.527731     295.868006
     27.547690     285.879377
     27.560028     267.688173
     27.576909     336.799173
     27.592594     286.979318
     27.609588     305.583198
     27.620410     225.977289
     27.631001     295.209901
     27.645970     299.928550
     27.668276     314.955089
     27.677071     312.217062
     27.699875     280.785443
     27.714884     298.569968
     27.729876     325.727038
     27.742194     306.982603
     27.753193     356.554031
     27.770689     302.220667
     27.783685     302.316333
     27.804016     298.880999
     27.816940     281.699298
     27.831579     280.465650
     27.841669     310.281175
     27.862754     291.612630
     27.877742     278.320875
     27.893816     317.273176
     27.908133     422.897419
     27.920494     371.711079
     27.930726     339.942477
     27.952677     363.736570
     27.964826     279.537207
     27.981257     347.219754
     27.991100     317.132556
     28.008808     316.065738
     28.029700     272.574895
     28.044972     315.993478
     28.051486     312.361002
     28.073271     270.780359
     28.085784     296.105384
     28.096901     270.597336
     28.118250     305.072834
     28.132123     304.959184
     28.146694     300.719347
     28.157618     335.741473
     28.176609     289.262576
     28.187441     327.000026
     28.201834     307.451674
     28.221426     277.519005
     28.233602     299.546534
     28.245084     317.797200
     28.262948     252.228634
     28.276461     306.534202
     28.292900     286.219421
     28.307260     306.259952
     28.328119     268.657898
     28.344570     323.493667
     28.358449     360.626840
     28.368379     281.592111
     28.380967     288.714105
     28.398223     353.234453
     28.412942     370.113804
     28.431205     276.784034
     28.441435     324.788154
     28.458708     366.185711
     28.477333     336.056036
     28.485745     397.989770
     28.505462     399.059558
     28.523020     375.609273
     28.535699     436.117466
     28.550268     398.756278
     28.567825     376.412935
     28.576054     361.037252
     28.595694     332.323926
     28.611823     342.966870
     28.622837     396.049761
     28.640751     322.770913
     28.658494     387.380189
     28.670200     321.460762
     28.689186     301.194375
     28.699308     318.887106
     28.712943     333.146266
     28.730674     301.587625
     28.745755     271.190792
     28.757593     284.379466
     28.776417     270.322327
     28.786129     308.989097
     28.808819     246.434870
     28.816919     330.395043
     28.832008     354.230150
     28.845575     307.362293
     28.866298     249.216483
     28.875459     317.781818
     28.897299     287.051856
     28.911497     284.252036
     28.927028     357.444364
     28.942267     352.664170
     28.952261     294.503653
     28.970708     414.012716
     28.986915     323.653236
     28.999069     318.896131
     29.010241     360.670146
     29.027012     356.419400
     29.045377     354.886313
     29.055417     282.654461
     29.073428     365.038215
     29.093714     343.588433
     29.105702     345.742250
     29.119078     309.662642
     29.135555     366.218237
     29.152102     317.386056
     29.168612     294.279045
     29.183424     332.379986
     29.194037     273.057911
     29.210352     313.784921
     29.220745     360.399695
     29.236120     334.853288
     29.251832     331.852836
     29.270019     318.315211
     29.283187     258.844874
     29.301314     283.942680
     29.315824     333.720450
     29.333422     269.488220
     29.342848     330.906995
     29.356247     277.693058
     29.370751     289.131211
     29.390641     233.359999
     29.404597     275.912788
     29.424890     330.680645
     29.438372     325.044923
     29.453222     298.848459
     29.466496     298.430528
     29.477775     281.175004
     29.496882     282.222652
     29.512839     330.111136
     29.527489     312.401696
     29.541734     329.521347
     29.559520     303.864531
     29.574684     267.946189
     29.583825     301.650892
     29.602028     295.202459
     29.612827     333.129682
     29.633371     279.305561
     29.646151     290.578777
     29.659938     319.128086
     29.674852     268.927003
     29.691021     296.345569
     29.707390     313.665155
     29.721254     310.671909
     29.734975     325.951949
     29.749107     288.892191
     29.762863     230.406813
     29.781557     304.171044
     29.798488     297.833492
     29.812302     297.312141
     29.821235     271.099736
     29.836311     317.815351
     29.852028     345.851582
     29.873179     275.793862
     29.885828     324.893723
     29.902789     351.778693
     29.913612     312.348320
     29.932493     345.032045
     29.944214     313.462547
     29.960721     308.486117
     29.979545     280.039216
     29.988534     305.303173
     30.008708     309.030747
     30.020154     333.841823
     30.031422     312.477749
     30.049994     326.799544
     30.067945     231.775921
     30.076844     244.752625
     30.096127     344.055924
     30.108967     318.681071
     30.126995     235.363922
     30.137488     319.077752
     30.155497     291.777472
     30.165391     303.444527
     30.181590     272.553826
     30.203955     311.780821
     30.212238     327.384075
     30.233841     291.962662
     30.241470     253.516134
     30.259559     305.696866
     30.276466     252.751672
     30.288574     303.557087
     30.306062     214.553490
     30.321651     224.373678
     30.339628     266.785656
     30.354740     244.317962
     30.367975     321.945291
     30.376037     352.671440
     30.394070     235.498607
     30.408618     249.988305
     30.428608     268.489521
     30.436469     318.417728
     30.452602     318.427304
     30.468605     314.661741
     30.489290     261.732002
     30.497531     333.406851
     30.510835     317.538047
     30.530545     345.706689
     30.540214     269.497818
     30.564264     298.891927
     30.579016     338.782650
     30.593591     333.497141
     30.609903     289.854118
     30.620771     302.354852
     30.635307     273.627551
     30.647522     326.525470
     30.663816     332.094108
     30.680558     254.345120
     30.697540     313.858328
     30.707098     309.011111
     30.722765     261.220998
     30.737544     354.598317
     30.751842     355.749853
     30.766548     311.682740
     30.782969     262.814744
     30.800904     309.366759
     30.813366     271.074467
     30.834894     258.754681
     30.845692     259.531057
     30.855695     285.361119
     30.873367     247.395645
     30.887574     257.117470
     30.901388     247.602003
     30.922340     289.770810
     30.933489     341.819028
     30.952844     279.356863
     30.964165     356.816731
     30.977311     327.970152
     30.997726     261.366465
     31.006440     275.402451
     31.020718     337.680308
     31.038918     252.024983
     31.056306     264.287319
     31.068459     285.058858
     31.081710     294.387850
     31.101357     254.822733
     31.111616     240.442316
     31.128068     332.853634
     31.146728     334.201766
     31.159417     261.271554
     31.176335     320.917662
     31.191088     320.421256
     31.208850     259.115904
     31.223262     311.872163
     31.230213     324.518198
     31.253229     318.988929
     31.264773     292.613899
     31.278181     271.744363
     31.292054     256.633912
     31.306610     316.401310
     31.327047     250.875000
     31.336858     229.145551
     31.352446     297.486364
     31.368656     272.883084
     31.382156     318.032552
     31.400805     242.973627
     31.411388     245.865842
     31.430139     343.556203
     31.443509     289.272362
     31.461827     301.253548
     31.472641     304.351431
     31.487102     271.842576
     31.500595     293.301736
     31.517750     335.013103
     31.536729     249.941126
     31.549288     318.205328
     31.567931     245.832540
     31.582301     320.422488
     31.597206     301.676070
     31.614214     329.227233
     31.629545     340.081775
     31.636893     291.857561
     31.655950     333.492039
     31.665413     314.658296
     31.683944     254.395525
     31.696697     282.648970
     31.714734     265.868473
     31.728824     339.792940
     31.742695     277.403143
     31.755837     270.149293
     31.772882     288.136400
     31.786565     331.329757
     31.800502     260.488510
     31.821633     247.534053
     31.834766     256.705141
     31.853738     279.659196
     31.862306     305.569996
     31.878252     286.664422
     31.891273     244.825774
     31.905116     228.840637
     31.927488     250.602861
     31.935717     252.295652
     31.956488     320.060972
     31.971114     334.120885
     31.980970     240.949309
     31.999203     331.346646
     32.013035     266.703272
     32.027875     309.160598
     32.048854     275.355838
     32.058283     282.085576
     32.070384     321.869848
     32.094079     327.709243
     32.108816     313.157413
     32.124362     355.335510
     32.134905     285.572852
     32.151968     313.461389
     32.160488     270.969170
     32.178094     315.354264
     32.195686     303.739233
     32.205326     263.637466
     32.228071     308.418745
     32.241431     305.128015
     32.255295     263.522737
     32.267340     313.822593
     32.287523     262.605322
     32.300883     252.209588
     32.311352     271.094820
     32.334577     224.577709
     32.340359     305.575484
     32.363831     317.661303
     32.377776     279.745729
     32.393183     291.987368
     32.406806     261.031908
     32.422970     226.162214
     32.434798     278.383785
     32.453519     274.403580
     32.466360     326.845494
     32.483445     246.273189
     32.497330     285.190646
     32.514028     239.365660
     32.529122     367.006114
     32.540424     334.759484
     32.556618     262.424243
     32.567923     318.936988
     32.584977     264.373337
     32.595130     259.329245
     32.610074     357.523881
     32.632683     316.642245
     32.641406     325.430456
     32.663304     319.871276
     32.677724     248.824157
     32.686209     294.513646
     32.704750     348.208377
     32.717546     342.120466
     32.737183     240.499999
     32.752688     310.079176
     32.768478     278.033310
     32.784328     243.852000
     32.794923     311.359021
     32.812260     252.937185
     32.829069     325.963772
     32.835876     239.494397
     32.850959     281.416095
     32.874146     281.150617
     32.887246     256.790230
     32.903534     266.252013
     32.915888     283.534694
     32.925664     238.505245
     32.940677     277.415281
     32.961735     231.909225
     32.970065     302.571267
     32.991528     313.168788
     33.002929     263.264887
     33.021425     276.258937
     33.038053     316.140778
     33.045019     224.831097
     33.063289     302.624924
     33.076007     294.153308
     33.091605     253.601582
     33.107937     310.861746
     33.122773     302.129533
     33.142302     280.362504
     33.159964     270.162297
     33.167417     267.140630
     33.183964     306.832928
     33.199966     198.949464
     33.211513     232.557877
     33.229335     292.867067
     33.247581     278.867396
     33.259256     312.867333
     33.273131     234.696869
     33.287250     271.129995
     33.307505     283.496505
     33.324049     214.221327
     33.332949     320.395825
     33.353116     290.264712
     33.369035     262.866664
     33.378514     242.768117
     33.396301     236.463024
     33.411957     285.500656
     33.425458     290.091688
     33.435112     282.483089
     33.458060     298.784220
     33.470718     304.304410
     33.485314     293.340513
     33.503237     267.879968
     33.517355     258.226949
     33.526506     273.519758
     33.545631     237.129730
     33.555140     232.585397
     33.574792     282.215022
     33.591016     263.080731
     33.600225     266.738141
     33.619194     323.792837
     33.633758     308.214730
     33.645125     308.560014
     33.667043     269.934821
     33.680369     266.014064
     33.690626     278.923939
     33.713146     279.547816
     33.726332     258.093707
     33.742226     300.088495
     33.755432     332.473189
     33.772814     282.335523
     33.787392     318.342988
     33.795795     257.253722
     33.814584     293.990462
     33.832771     244.843449
     33.844818     270.669815
     33.858933     322.886653
     33.875511     257.021583
     33.888402     239.749027
     33.906106     247.605166
     33.918628     298.177690
     33.934155     302.616553
     33.950683     317.887327
     33.965426     336.710629
     33.975564     320.832311
     33.991528     269.960542
     34.011479     318.052222
     34.029320     250.331754
     34.040642     295.403358
     34.051692     316.621262
     34.070206     291.123654
     34.081147     266.683288
     34.100966     297.859478
     34.119153     298.151226
     34.125897     237.999482
     34.144479     265.973858
     34.164917     289.195728
     34.172721     258.710678
     34.189041     217.736750
     34.204488     245.300074
     34.217385     232.660830
     34.235535     286.925657
     34.247459     289.521314
     34.268235     252.829338
     34.275380     287.327750
     34.294281     226.297632
     34.314654     235.824004
     34.329106     316.265806
     34.338875     304.455770
     34.354690     221.088135
     34.373902     224.028269
     34.381045     319.316520
     34.398061     265.242923
     34.415537     270.879450
     34.431703     298.607550
     34.440269     310.673777
     34.464245     239.962495
     34.477420     308.959753
     34.485768     278.313348
     34.500742     303.741462
     34.517033     258.864790
     34.534422     233.000081
     34.548061     283.234368
     34.569839     307.630162
     34.580097     320.689293
     34.593132     229.276065
     34.609058     334.987798
     34.623268     338.562546
     34.644965     223.154972
     34.659758     281.046310
     34.666503     299.487530
     34.689619     281.033601
     34.697542     315.096526
     34.715934     246.068026
     34.733894     313.288709
     34.744200     277.647834
     34.763415     253.674543
     34.774432     342.509715
     34.788698     298.645541
     34.807007     247.924764
     34.822386     206.690710
     34.833871     263.109721
     34.850193     263.874489
     34.866204     315.037422
     34.875771     235.209439
     34.890329     254.612623
     34.906998     309.598052
     34.927965     310.548459
     34.944817     248.435010
     34.959536     239.213843
     34.970072     300.830839
     34.987572     288.150294
     34.996974     303.063920
     35.017701     248.721205
     35.030823     230.024427
     35.046110     286.566155
     35.059706     292.676666
     35.077553     234.504939
     35.091532     318.988800
     35.105610     305.399971
     35.124839     311.287287
     35.138861     301.486941
     35.145522     205.395514
     35.162045     251.723050
     35.176125     282.440512
     35.190541     311.308871
     35.214002     254.841485
     35.220958     259.304936
     35.241855     226.051748
     35.254628     274.904948
     35.274517     219.567180
     35.283146     218.512851
     35.296771     246.954511
     35.312195     225.622126
     35.328215     307.918039
     35.349615     294.919962
     35.363584     289.178256
     35.379585     293.875095
     35.385635     227.364786
     35.408031     211.925007
     35.423708     227.980969
     35.439986     243.174519
     35.446504     258.472538
     35.460214     265.384668
     35.483240     297.656776
     35.492818     268.352546
     35.508733     235.501619
     35.523789     260.146375
     35.535727     248.467834
     35.559586     302.587148
     35.573207     247.223640
     35.582905     290.382914
     35.602326     290.225551
     35.613085     288.502286
     35.630718     204.535351
     35.647286     273.850242
     35.655764     285.922541
     35.674013     240.663978
     35.685620     223.341944
     35.700328     308.444513
     35.722370     275.172158
     35.733503     257.757610
     35.745360     248.752653
     35.769091     247.711011
     35.782226     222.562000
     35.798511     279.752747
     35.806081     251.711942
     35.829990     253.017181
     35.844754     293.760180
     35.859330     253.690272
     35.869145     217.826964
     35.881694     310.758789
     35.902654     192.122152
     35.911471     260.417516
     35.926293     235.154050
     35.944404     290.091402
     35.961080     216.408261
     35.974085     239.073034
     35.987088     270.251908
     36.006010     310.616190
     36.018875     278.634935
     36.035913     264.121845
     36.048324     274.724005
     36.062987     285.672786
     36.084522     222.464431
     36.090552     220.501036
     36.111061     298.150437
     36.123879     284.618586
     36.139168     291.004381
     36.158222     308.739972
     36.174121     305.151841
     36.185008     270.820053
     36.203427     210.089387
     36.210463     305.880845
     36.234951     209.361606
     36.243350     232.866292
     36.263223     249.689489
     36.278495     305.633229
     36.286288     276.860977
     36.304719     277.529164
     36.317343     291.087792
     36.336252     226.971040
     36.347819     270.503854
     36.362625     223.667905
     36.375693     240.030033
     36.395435     224.028131
     36.413946     288.363592
     36.420166     316.620787
     36.442198     287.720785
     36.454550     288.478161
     36.472817     259.862392
     36.486216     287.626869
     36.502515     209.326304
     36.513013     225.575309
     36.530022     268.562809
     36.548714     203.665281
     36.559987     246.029061
     36.574621     263.797246
     36.592864     248.949598
     36.605487     195.518263
     36.621592     272.452850
     36.637785     223.574078
     36.648135     283.246358
     36.669903     216.295579
     36.681990     279.919666
     36.694924     268.868799
     36.710824     262.602226
     36.723489     228.607512
     36.744768     281.987237
     36.759781     272.222607
     36.768589     234.563050
     36.785166     265.342843
     36.799099     268.540901
     36.811690     284.540210
     36.827114     258.961599
     36.841326     237.605794
     36.858829     275.897396
     36.874673     316.065811
     36.894071     218.791129
     36.907165     274.341744
     36.915092     287.563887
     36.933448     295.861885
     36.945901     232.599449
     36.969140     284.309220
     36.981147     207.260418
     36.999246     224.731088
     37.014245     262.269785
     37.028238     310.949829
     37.038387     248.146010
     37.059062     224.961257
     37.071928     278.359953
     37.085503     224.057928
     37.104104     313.821864
     37.117965     274.722593
     37.129755     245.184042
     37.146363     239.654502
     37.155509     295.333012
     37.175225     269.173949
     37.189661     247.319839
     37.201640     311.672728
     37.221057     277.425228
     37.230332     249.433243
     37.248320     254.682599
     37.265921     285.826263
     37.284375     267.324524
     37.299394     227.454897
     37.312802     286.522590
     37.321960     282.502506
     37.342294     316.470283
     37.353803     269.707878
     37.369255     293.813808
     37.385797     246.874133
     37.396901     307.413909
     37.415705     267.605421
     37.434926     207.149211
     37.446370     287.562738
     37.464955     198.275608
     37.473484     271.597143
     37.486569     241.412415
     37.509175     264.593975
     37.519687     258.778236
     37.530657     248.362668
     37.548105     311.602608
     37.560874     302.512442
     37.579254     297.980962
     37.591109     282.632818
     37.610665     295.504372
     37.621812     344.138904
     37.640578     238.033260
     37.659201     199.586419
     37.665809     211.902000
     37.688587     282.682782
     37.696799     284.107105
     37.715219     280.284611
     37.727147     296.201600
     37.749076     209.205793
     37.761428     255.203756
     37.778751     283.594019
     37.792907     201.087911
     37.805138     285.582158
     37.819147     280.964660
     37.833853     256.440007
     37.845006     258.179161
     37.865155     217.417250
     37.879458     262.665562
     37.894829     227.804102
     37.914109     193.960425
     37.927574     213.093942
     37.937271     237.054001
     37.950884     214.646111
     37.967476     185.085899
     37.987209     303.034460
     37.999191     239.100249
     38.015958     196.379554
     38.026207     273.004219
     38.043871     262.413395
     38.060406     218.542767
     38.073044     187.658513
     38.091362     243.188320
     38.105582     269.289004
     38.115804     273.124003
     38.136466     264.218061
     38.153027     199.406794
     38.166979     190.713302
     38.178962     273.186959
     38.191913     244.080610
     38.210034     284.268991
     38.226353     238.697922
     38.239036     303.313237
     38.259078     195.944215
     38.267823     237.411527
     38.287062     236.317307
     38.297316     235.624179
     38.319660     204.127334
     38.325872     278.086727
     38.340394     289.578271
     38.355657     271.760188
     38.376915     235.866438
     38.394504     257.563945
     38.403672     299.391106
     38.415404     254.581768
     38.430941     223.341464
     38.449805     271.669877
     38.469394     253.219030
     38.483561     187.442166
     38.493108     217.063343
     38.507203     211.594894
     38.529744     255.469170
     38.536580     279.554839
     38.554253     196.180391
     38.574788     261.979595
     38.583542     206.136049
     38.604524     210.549256
     38.611716     290.827777
     38.626855     221.509317
     38.646847     249.931909
     38.659916     202.843848
     38.674101     298.361471
     38.694689     244.595023
     38.700261     201.371349
     38.715926     205.378843
     38.733443     239.768045
     38.748128     286.248064
     38.761169     249.719735
     38.775593     238.082902
     38.792484     219.659434
     38.812800     186.587970
     38.824572     249.686048
     38.839903     188.388995
     38.858221     209.451850
     38.874624     221.115532
     38.880963     303.775563
     38.902912     264.711603
     38.910014     206.118017
     38.930706     235.201101
     38.949457     249.462043
     38.959118     193.759158
     38.976247     291.269860
     38.994754     228.662334
     39.008524     221.843371
     39.023726     232.185468
     39.030191     281.630092
     39.049243     225.311065
     39.067711     295.166957
     39.078399     225.661301
     39.095749     215.513436
     39.108532     227.570494
     39.129184     257.770730
     39.137744     224.733530
     39.153125     195.308831
     39.173830     208.117847
     39.184141     218.801417
     39.200781     239.069344
     39.210808     273.996101
     39.234982     250.240005
     39.246465     226.685644
     39.256519     258.406444
     39.275620     250.141633
     39.287583     214.141177
     39.306614     222.883165
     39.323341     266.383020
     39.333499     235.803941
     39.349124     190.171457
     39.362380     185.003211
     39.376827     202.863145
     39.396765     265.987566
     39.408436     272.120629
     39.426157     226.606909
     39.440441     265.848437
     39.459426     240.833889
     39.470688     281.865156
     39.485376     236.807905
     39.499802     284.638287
     39.517124     281.421147
     39.526144     259.957467
     39.547966     218.742009
     39.561225     278.050986
     39.575654     243.555041
     39.591790     280.161585
     39.604166     216.274557
     39.620519     243.840335
     39.638636     242.106626
     39.653137     158.636012
     39.661281     302.443254
     39.677573     212.603731
     39.694442     196.889768
     39.711685     194.111110
     39.724817     223.028463
     39.735189     283.603809
     39.756565     265.940123
     39.771491     295.298703
     39.784971     294.129515
     39.803889     236.667191
     39.818182     219.486253
     39.825147     298.067482
     39.844064     233.837590
     39.856338     231.300929
     39.875657     239.930161
     39.893846     276.478468
     39.903812     219.083519
     39.923621     247.176891
     39.937737     262.603867
     39.953696     286.159728
     39.966345     220.515450
     39.975439     242.251004
     39.999394     272.920479
     40.012253     250.927857
     40.023301     201.940448
     40.038318     255.393459
     40.051309     249.357399
     40.065234     205.086652
     40.083846     284.908666
     40.099397     241.682881
     40.117205     246.675293
     40.132868     293.787080
     40.148764     191.772338
     40.164333     222.448562
     40.178851     239.404832
     40.185488     248.140398
     40.205064     270.941722
     40.221365     298.208115
     40.239744     225.024517
     40.246275     262.194633
     40.265093     256.186594
     40.284363     234.224318
     40.292525     274.680823
     40.311893     252.323661
     40.322649     242.151324
     40.339734     250.242043
     40.355859     214.095622
     40.367187     254.464928
     40.387740     191.638818
     40.402230     201.922135
     40.414061     231.114632
     40.433317     204.117450
     40.441658     225.214405
     40.463123     193.000475
     40.478487     265.624106
     40.487748     224.133246
     40.502193     287.123444
     40.524141     265.518145
     40.537647     282.795575
     40.552451     257.461030
     40.567822     252.832873
     40.578191     213.846390
     40.595571     209.727620
     40.605475     288.637449
     40.622634     290.248588
     40.644327     273.336285
     40.652097     222.791989
     40.665932     200.872719
     40.687902     205.032526
     40.700957     290.863857
     40.719115     240.176739
     40.726280     311.836100
     40.744780     276.070203
     40.764324     225.707271
     40.774406     297.756010
     40.786859     191.650281
     40.806234     206.769194
     40.817167     184.909309
     40.830113     221.912351
     40.854557     223.839209
     40.863597     277.696125
     40.879688     276.265619
     40.898625     268.660684
     40.907251     278.953871
     40.920176     218.205543
     40.944656     256.343558
     40.958762     217.044496
     40.971256     233.032970
     40.988485     233.750794
     41.001194     238.350715
     41.010081     238.671589
     41.032250     231.896564
     41.049344     288.954031
     41.064886     216.409144
     41.078829     224.240748
     41.087937     217.520749
     41.102078     303.355521
     41.122133     278.475459
     41.130735     235.258162
     41.149650     219.360455
     41.169303     237.108055
     41.182351     269.492281
     41.192370     257.587385
     41.207985     305.461236
     41.225831     281.955699
     41.240279     285.971813
     41.250287     277.523015
     41.265546     197.709914
     41.288656     273.378023
     41.303358     272.772030
     41.312919     220.821184
     41.327684     203.875669
     41.345417     300.768582
     41.359445     241.089567
     41.374588     188.470962
     41.393731     237.019166
     41.401960     262.361950
     41.418200     209.974303
     41.439542     266.487149
     41.451552     209.118435
     41.465103     277.154539
     41.478187     238.303163
     41.495883     275.353399
     41.508128     257.160593
     41.524680     257.921497
     41.537621     201.339972
     41.551938     236.170438
     41.572309     293.647194
     41.580832     248.087161
     41.598108     228.194603
     41.614035     225.048227
     41.628924     279.314502
     41.644329     217.616311
     41.663320     269.821277
     41.679279     277.222233
     41.690704     255.164707
     41.703294     252.301239
     41.718751     239.567515
     41.732804     263.103973
     41.748042     267.148046
     41.763476     199.256908
     41.780847     299.679593
     41.799148     269.874187
     41.806378     223.444067
     41.828278     244.273089
     41.838637     238.640438
     41.850863     234.185162
     41.868058     277.366516
     41.881981     211.870755
