      1.995026     -14.206868
      2.014953      53.690263
      2.028742      39.439138
      2.043016      16.359036
      2.060104     -27.497227
      2.070162      54.921163
      2.085985       2.776308
      2.107438      63.887574
      2.120625      12.455672
      2.130652      42.455834
      2.153593      91.712710
      2.164980      11.259328
      2.180080      29.195028
      2.191594     101.843698
      2.210562     114.045241
      2.225791      93.677269
      2.239555     164.529380
      2.253762     159.866446
      2.266517     194.575671
      2.284369     220.628517
      2.301248     283.155233
      2.310441     253.644693
      2.330953     324.642667
      2.348712     297.397203
      2.362816     308.604307
      2.376757     334.048731
      2.392618     461.552553
      2.404881     444.841936
      2.420889     420.862339
      2.439526     488.316821
      2.448449     467.913070
      2.462241     500.692858
      2.484174     533.342472
      2.498314     503.609425
      2.509369     528.755549
      2.521830     504.612326
      2.537246     511.707226
      2.559430     575.986220
      2.565524     543.499744
      2.586615     522.522905
      2.600682     570.780050
      2.611130     557.820630
      2.625016     598.850688
      2.645404     626.229428
      2.655664     649.904480
      2.679238     613.672538
      2.694119     610.870780
      2.702557     705.263728
      2.722226     602.039806
      2.736114     652.364425
      2.753325     681.556914
      2.768046     711.752489
      2.780940     681.220736
      2.792292     659.414373
      2.814147     816.690312
      2.822381     782.080430
      2.844837     764.599043
      2.851018     782.020497
      2.866386     790.211945
      2.888444     838.593685
      2.900516     892.842938
      2.912101     878.049283
      2.928247     934.075419
      2.940365     900.682403
      2.957766     951.720938
      2.970745     944.192902
      2.990904    1034.377288
      3.000813    1054.510135
      3.020474    1033.745989
      3.031444    1033.579203
      3.050262    1094.871717
      3.062115    1156.384855
      3.079973    1262.171371
      3.096200    1269.219072
      3.111653    1175.490379
      3.126205    1320.300201
      3.137878    1380.527766
      3.156546    1484.822845
      3.172250    1557.177691
      3.182873    1533.515584
      3.200143    1706.124890
      3.216274    1848.462150
      3.227446    1941.598445
      3.249213    2046.865456
      3.259471    2117.455773
      3.275787    2308.964821
      3.289601    2575.657834
      3.309517    2897.333756
      3.315709    3307.198728
      3.339017    3966.855569
      3.350498    4593.572868
      3.367670    4882.826883
      3.380967    4076.714671
      3.395557    2137.171011
      3.412585    1053.879052
      3.420130     606.517018
      3.440688     524.036948
      3.451361     488.225407
      3.466837     421.540923
      3.481542     368.582928
      3.501863     388.355132
      3.516123     402.943708
      3.532921     400.770948
      3.542497     321.264629
      3.560783     368.755590
      3.571636     368.411988
      3.592157     338.087796
      3.608326     369.858487
      3.616649     336.224676
      3.631125     329.002529
      3.654567     280.445683
      3.665920     350.933470
      3.675032     274.574424
      3.699045     328.059553
      3.705334     304.238058
      3.729423     350.309375
      3.738326     333.036953
      3.752360     342.237315
      3.773037     301.137073
      3.784208     307.036505
      3.803303     353.496042
      3.818315     306.726069
      3.829884     339.286280
      3.841635     308.447042
      3.862168     279.972921
      3.870425     321.735015
      3.886501     302.499717
      3.903389     392.335055
      3.922384     297.793536
      3.935253     338.465381
      3.954963     307.368767
      3.969138     355.075730
      3.975875     423.957096
      3.996512     394.383115
      4.010901     379.336733
      4.021543     377.553165
      4.038445     411.366974
      4.052098     353.387468
      4.070331     374.659829
      4.087550     333.886200
      4.104635     363.388535
      4.117945     386.713131
      4.127809     326.381884
      4.146768     328.540187
      4.163110     395.279122
      4.178570     321.267800
      4.193197     383.979632
      4.205673     309.225665
      4.220978     379.473735
      4.234690     403.721804
      4.253415     396.475411
      4.264349     348.262593
      4.282761     346.458001
      4.290431     391.187607
      4.308497     379.949647
      4.320555     384.224925
      4.340502     437.253390
      4.354959     462.980543
      4.370819     447.174181
      4.388928     486.823913
      4.398839     483.028605
      4.414960     445.338366
      4.434481     464.808955
      4.442084     509.056486
      4.461216     451.951908
      4.476585     496.879781
      4.487824     494.245583
      4.506748     485.601880
      4.517205     481.018937
      4.539810     522.248724
      4.549332     559.431738
      4.560850     586.207703
      4.577875     608.326630
      4.590883     602.646362
      4.606720     664.507399
      4.624681     746.161938
      4.643557     787.771472
      4.653852     822.379669
      4.665584     812.382914
      4.688199     838.682750
      4.698327     971.494590
      4.711543    1084.783188
      4.725488    1231.791313
      4.743337    1337.849192
      4.761466    1631.294307
      4.778760    1563.793594
      4.789617    1057.812497
      4.805136     723.330794
      4.824679     511.510537
      4.831233     407.912753
      4.845910     426.228294
      4.864309     397.097638
      4.881731     402.947507
      4.894364     402.996976
      4.911830     348.838521
      4.927644     378.498824
      4.940021     379.917537
      4.955273     374.022374
      4.970492     412.146075
      4.981570     362.863482
      5.002523     412.150485
      5.018549     420.071841
      5.033779     404.605302
      5.040984     401.375426
      5.057730     384.826329
      5.076597     414.381858
      5.094954     415.048546
      5.102808     397.175915
      5.115769     452.103263
      5.132649     389.602401
      5.150633     453.482483
      5.168056     424.480169
      5.177992     385.148109
      5.199944     403.303446
      5.206870     503.949612
      5.220819     496.643934
      5.241572     435.491537
      5.252241     421.115568
      5.270490     395.233312
      5.283823     524.625738
      5.297746     459.758486
      5.315785     437.358293
      5.327720     496.521603
      5.347744     491.506297
      5.364910     433.145497
      5.370347     542.875138
      5.393087     425.229178
      5.403837     559.314057
      5.416914     556.890573
      5.435775     522.030027
      5.448667     540.339230
      5.469019     539.721307
      5.483482     550.160704
      5.493966     638.164182
      5.511489     571.492610
      5.526600     661.503566
      5.537999     648.509460
      5.551933     730.307313
      5.572476     678.801445
      5.586485     817.173938
      5.604278     795.446965
      5.610703     777.728531
      5.631611     878.444797
      5.644773     909.369182
      5.661810     890.402851
      5.675808     996.534212
      5.689771    1042.681263
      5.709540    1020.063402
      5.716698    1125.512701
      5.738466    1257.175080
      5.746501    1380.344768
      5.764524    1540.159564
      5.780568    1696.028950
      5.792016    1962.688395
      5.812762    2320.742299
      5.826108    2772.760999
      5.842669    2985.861721
      5.858191    2529.362830
      5.871338    1618.214494
      5.888226     852.409968
      5.898767     585.670502
      5.918494     537.975299
      5.932362     502.734113
      5.943625     432.631857
      5.960020     433.094834
      5.973250     431.405966
      5.992726     403.689502
      6.008210     416.298106
      6.023910     432.857876
      6.030494     397.812998
      6.049390     373.790080
      6.062526     343.458880
      6.083512     337.956810
      6.097091     313.451186
      6.110804     369.483598
      6.122196     390.775508
      6.139970     411.620390
      6.150688     389.608725
      6.171051     432.246826
      6.187681     358.199382
      6.202783     364.535685
      6.212984     409.739531
      6.226606     393.993992
      6.245188     338.828575
      6.262222     371.184583
      6.271164     406.946248
      6.294964     430.327186
      6.303993     414.094065
      6.324233     403.362489
      6.331353     411.223038
      6.349019     447.414359
      6.366371     454.039685
      6.381444     452.783366
      6.393515     464.064624
      6.406073     405.932718
      6.429163     369.224486
      6.438010     465.117309
      6.456918     457.297553
      6.466379     419.631088
      6.486409     418.138195
      6.496973     460.578629
      6.518091     437.879029
      6.532587     462.129543
      6.548012     484.904845
      6.558421     502.114043
      6.575793     533.123303
      6.594354     503.362143
      6.602232     557.067520
      6.617697     581.340577
      6.636054     612.623495
      6.648827     626.185009
      6.663857     659.559837
      6.682714     691.040468
      6.692227     771.507180
      6.706001     782.560637
      6.726604     920.651370
      6.744249    1117.987577
      6.758126    1059.238807
      6.772655     899.707947
      6.782503     565.312771
      6.800213     526.949740
      6.811564     402.499234
      6.826760     371.516524
      6.843685     451.122220
      6.858527     382.328694
      6.873032     422.171761
      6.889263     353.181219
      6.904688     402.717876
      6.920954     402.088555
      6.938968     388.192991
      6.947444     488.924706
      6.965305     440.316784
      6.975123     361.206287
      6.994250     373.689053
      7.012271     366.967357
      7.023109     402.479353
      7.041428     400.511838
      7.051643     412.594831
      7.070235     432.522042
      7.085838     363.086484
      7.100570     461.773667
      7.119662     430.572831
      7.131223     453.940381
      7.149360     381.547498
      7.158653     415.488019
      7.171893     460.021279
      7.190608     439.906008
      7.207260     449.230572
      7.219627     492.197378
      7.238064     497.600608
      7.254521     469.125698
      7.264426     451.435282
      7.284118     492.644409
      7.296787     527.151604
      7.309249     499.428390
      7.325559     484.921562
      7.342049     599.825585
      7.353382     638.093521
      7.366286     561.152408
      7.385177     625.177458
      7.400412     637.197083
      7.411637     638.099658
      7.426318     687.057294
      7.440364     719.384332
      7.460575     827.200327
      7.473282     910.951184
      7.490522     936.431468
      7.506363    1053.489239
      7.521923    1256.417434
      7.539441    1434.694709
      7.551330    1445.180328
      7.560778    1317.870298
      7.583490     974.099198
      7.591884     622.676097
      7.608712     485.017993
      7.622376     523.854687
      7.638329     470.102565
      7.653436     438.000688
      7.669454     487.354001
      7.682900     470.079759
      7.702687     433.745534
      7.714433     455.116129
      7.731960     479.064945
      7.748004     487.812897
      7.755381     455.726423
      7.770403     469.868383
      7.794372     484.186289
      7.804248     512.828638
      7.818563     491.500281
      7.839049     529.119656
      7.851982     458.974374
      7.867693     470.126272
      7.879311     490.288468
      7.893333     533.505338
      7.909549     536.161707
      7.926865     600.053217
      7.942398     492.328858
      7.952717     558.511358
      7.974158     534.503527
      7.988864     546.082562
      7.997820     528.167501
      8.012031     670.453713
      8.025345     693.698385
      8.040801     615.254461
      8.064080     626.392041
      8.076665     699.581482
      8.085834     672.090967
      8.105117     700.464667
      8.120883     832.079807
      8.135443     919.473561
      8.149583     955.439722
      8.169700    1068.981505
      8.177758    1103.895545
      8.193434    1212.532727
      8.209635    1326.498864
      8.220767    1557.235962
      8.237355    1783.537448
      8.254289    2025.217844
      8.265361    2217.775888
      8.281771    1968.838670
      8.303994    1330.486147
      8.311099     780.794530
      8.334030     576.614299
      8.346618     432.268672
      8.361087     491.210527
      8.370488     413.489514
      8.389892     349.071222
      8.408863     378.315422
      8.420295     382.039991
      8.431703     432.789519
      8.448759     350.474043
      8.462331     335.017750
      8.476580     375.476661
      8.491961     392.327358
      8.509644     330.290098
      8.524408     366.692822
      8.543352     388.405192
      8.551286     399.144072
      8.573344     334.293213
      8.585872     406.351722
      8.601329     324.711157
      8.614833     336.557463
      8.633142     399.721573
      8.644911     357.945851
      8.662822     394.958535
      8.670210     405.750325
      8.686824     392.494654
      8.700280     360.822195
      8.717986     357.761270
      8.730945     363.096364
      8.753644     430.140390
      8.760732     352.283716
      8.776482     339.885535
      8.795918     367.729386
      8.810983     323.343088
      8.824206     440.627605
      8.843596     401.168517
      8.852613     398.744921
      8.871236     435.120096
      8.884588     376.752129
      8.901400     481.894506
      8.917112     524.959649
      8.934366     479.711181
      8.946554     523.866871
      8.958158     363.534547
      8.973182     420.084620
      8.993836     382.857680
      9.007797     415.102470
      9.019425     372.422376
      9.038263     374.418718
      9.051162     324.630913
      9.066173     345.317447
      9.076376     362.559149
      9.093884     346.185947
      9.109005     309.421417
      9.127007     383.728338
      9.138636     376.641580
      9.159113     329.323643
      9.166397     370.104193
      9.184792     371.413001
      9.199334     381.104031
      9.219827     416.217619
      9.233733     396.827829
      9.245021     329.848161
      9.258815     431.266906
      9.270244     397.527494
      9.288369     381.818929
      9.308450     361.457965
      9.321453     314.498891
      9.336821     330.223042
      9.352684     358.283916
      9.368029     328.441645
      9.382643     313.514141
      9.393329     401.570090
      9.411071     365.588011
      9.422625     304.859043
      9.441021     318.949382
      9.459441     351.575212
      9.472023     288.892387
      9.484243     325.392611
      9.501677     384.843395
      9.511759     361.455032
      9.531430     377.023975
      9.549142     374.417441
      9.555720     363.565292
      9.578019     466.807714
      9.590944     419.087623
      9.603871     412.884568
      9.624897     428.824442
      9.635286     295.445803
      9.651339     363.740600
      9.666873     357.182320
      9.680679     333.029084
      9.690406     384.014201
      9.711188     328.523738
      9.723228     414.190380
      9.740311     447.005268
      9.757217     405.467455
      9.771376     359.337778
      9.786399     397.286885
      9.796687     377.920351
      9.816963     434.591757
      9.826130     388.533555
      9.849094     434.614746
      9.861996     434.454456
      9.874718     421.891750
      9.893454     399.007923
      9.900005     388.795650
      9.924042     436.203499
      9.931372     384.855965
      9.950099     439.912518
      9.969159     450.575705
      9.984601     364.696002
      9.996574     459.434898
     10.010001     438.872057
     10.020903     474.728032
     10.042745     496.031728
     10.058658     494.459468
     10.074134     441.419606
     10.087926     479.853573
     10.099124     565.444735
     10.118100     597.764868
     10.134622     685.159716
     10.147429     682.284089
     10.164305     624.200821
     10.174981     491.525562
     10.191697     442.680049
     10.202021     439.984553
     10.215780     391.781966
     10.234185     399.945861
     10.247276     375.632135
     10.261573     348.581326
     10.279080     351.766282
     10.290025     344.547520
     10.308294     404.037061
     10.324735     400.709010
     10.341712     382.490325
     10.351084     321.242756
     10.370181     378.144360
     10.385840     340.214917
     10.402431     376.902319
     10.418608     432.927328
     10.433155     380.156766
     10.449730     322.940422
     10.457303     384.481189
     10.471596     352.726888
     10.485564     393.037489
     10.506138     361.030012
     10.516695     370.429472
     10.534741     441.725887
     10.553689     378.452041
     10.569632     421.922745
     10.583465     384.164533
     10.596060     396.221233
     10.612625     375.110863
     10.624001     436.256653
     10.640108     425.627185
     10.650663     484.298410
     10.665381     471.071258
     10.680814     448.585949
     10.698775     494.521310
     10.717756     449.016671
     10.726111     412.079077
     10.744889     396.422182
     10.757167     436.873457
     10.778229     402.986009
     10.790900     347.870281
     10.805555     401.670514
     10.819446     343.829829
     10.839199     443.241607
     10.850758     382.731151
     10.861232     454.615256
     10.876163     377.751088
     10.891696     418.836723
     10.910338     395.607628
     10.929217     420.060198
     10.935804     415.828923
     10.954974     379.814533
     10.970654     406.405498
     10.984105     455.557985
     11.001864     492.307680
     11.011494     470.125984
     11.025848     499.899573
     11.040769     480.355281
     11.058496     469.040292
     11.072416     547.120472
     11.092467     615.426578
     11.106559     610.187962
     11.120956     683.549358
     11.134197     683.142156
     11.150960     705.104183
     11.165527     769.977207
     11.180811     891.850034
     11.193065     958.998010
     11.210202     990.706406
     11.224607     881.666840
     11.238026     814.970996
     11.252126     623.895182
     11.270332     552.295870
     11.289960     483.868219
     11.300155     414.798942
     11.316910     389.130371
     11.331784     427.852957
     11.341729     429.978429
     11.362832     427.174925
     11.374444     414.549836
     11.389885     382.615013
     11.409593     432.676482
     11.419420     388.870090
     11.434594     379.223384
     11.451788     417.794702
     11.460507     394.843154
     11.476102     413.498988
     11.496541     407.511409
     11.505216     391.324352
     11.525900     413.183689
     11.541003     423.383987
     11.559920     419.214407
     11.570096     477.244550
     11.584365     532.291432
     11.600896     516.613853
     11.619209     506.074498
     11.632495     482.620570
     11.641292     508.820560
     11.663972     536.454449
     11.671719     523.962781
     11.689410     625.272496
     11.700619     623.353214
     11.720331     579.637118
     11.733394     620.751813
     11.753186     519.021737
     11.765102     387.565510
     11.784167     418.079505
     11.796633     484.558740
     11.810074     440.205568
     11.820520     426.027900
     11.841413     496.324687
     11.854919     476.139773
     11.867606     484.674587
     11.880903     473.478632
     11.898332     461.432741
     11.911214     456.499802
     11.927168     458.538410
     11.943535     492.943495
     11.958807     492.385027
     11.971842     497.012034
     11.990993     523.393294
     12.005289     559.624445
     12.023595     466.728570
     12.030798     471.348923
     12.051086     537.955229
     12.063323     540.825263
     12.076423     600.546879
     12.093250     590.143553
     12.110166     713.010004
     12.120043     811.869816
     12.139611     855.220366
     12.155961     925.204469
     12.170100    1096.771271
     12.180012    1107.797494
     12.200053    1092.155465
     12.215785     922.254865
     12.232455     675.659746
     12.247671     549.494971
     12.263487     524.734221
     12.271706     439.825969
     12.294759     350.961770
     12.306888     391.767154
     12.316021     453.576968
     12.335644     416.376610
     12.346575     448.136583
     12.361413     370.949494
     12.384473     398.524255
     12.390889     378.467779
     12.408925     418.881995
     12.429680     413.476588
     12.444142     430.337321
     12.453189     401.703861
     12.473733     390.416236
     12.482328     348.128967
     12.499613     358.947511
     12.516633     419.622561
     12.525521     411.687509
     12.546020     368.708378
     12.564733     368.464631
     12.576946     381.593220
     12.585195     343.659643
     12.600843     393.236095
     12.620522     426.374118
     12.635598     425.459491
     12.646808     432.773079
     12.663678     413.232612
     12.678401     349.148438
     12.692958     373.320195
     12.708947     352.152150
     12.723637     371.954717
     12.736867     338.477738
     12.752501     318.461372
     12.767821     390.970463
     12.783415     361.574136
     12.799190     351.215946
     12.817653     380.708704
     12.831680     391.649481
     12.843252     371.240865
     12.863699     370.442561
     12.876560     312.169683
     12.894258     342.512520
     12.908427     338.032851
     12.915762     396.392458
     12.938675     440.085137
     12.950262     394.657978
     12.969884     430.560321
     12.984657     396.480178
     12.996371     428.885190
     13.008838     466.357404
     13.025665     396.169230
     13.035558     466.029458
     13.053959     397.415809
     13.071636     456.777061
     13.081504     467.961237
     13.101950     432.405900
     13.110870     499.777521
     13.128961     550.610457
     13.143369     430.182536
     13.164454     442.976185
     13.173897     444.056067
     13.194057     419.898777
     13.206986     474.978575
     13.216215     453.661461
     13.233874     445.545462
     13.252778     471.064603
     13.267275     428.965019
     13.275916     439.129463
     13.298073     482.963126
     13.312614     526.098172
     13.321516     419.440084
     13.342921     478.605024
     13.355714     470.785064
     13.370639     461.423987
     13.388137     526.227962
     13.402348     538.285977
     13.415671     484.631289
     13.426373     556.172673
     13.444618     630.201340
     13.458186     632.259812
     13.479483     731.820016
     13.487311     784.614751
     13.504896     910.728801
     13.521198     951.913919
     13.534082     975.143132
     13.553855     978.780026
     13.560810     775.401214
     13.582283     599.150859
     13.591059     476.131193
     13.613107     385.608115
     13.628081     446.511093
     13.638000     374.583677
     13.653638     466.653696
     13.667678     381.941011
     13.689531     431.329660
     13.703217     472.717533
     13.714949     442.756384
     13.727221     421.929013
     13.748838     456.913672
     13.757005     482.190446
     13.779027     484.687089
     13.788196     436.089957
     13.801887     426.236241
     13.816951     494.681970
     13.833628     435.280043
     13.845698     493.102906
     13.868827     527.709512
     13.884945     568.997611
     13.890969     564.911209
     13.913864     701.391781
     13.926699     633.339353
     13.940936     691.421469
     13.952573     724.949511
     13.965049     639.171024
     13.984733     613.426124
     14.004307     521.918542
     14.014854     455.279754
     14.030411     475.496468
     14.048770     424.623978
     14.062846     455.815411
     14.070631     406.542300
     14.091688     354.408031
     14.103519     368.708895
     14.124687     366.796311
     14.131790     366.391003
     14.152239     390.163856
     14.165606     387.069501
     14.177903     393.465576
     14.190860     455.250911
     14.210433     443.690683
     14.224755     445.779613
     14.235275     490.936034
     14.257646     493.157940
     14.274995     481.628540
     14.288454     453.950537
     14.299761     512.119425
     14.314445     573.327832
     14.332476     651.662320
     14.341701     661.627251
     14.363285     695.458899
     14.372195     659.867545
     14.391705     553.954959
     14.405966     494.745031
     14.424510     387.999492
     14.430531     389.784151
     14.447921     429.533783
     14.468291     375.393436
     14.479761     409.540439
     14.497045     441.013980
     14.508253     363.223342
     14.529961     352.083499
     14.536429     344.857813
     14.553028     374.259279
     14.568534     451.338018
     14.584741     383.656414
     14.601590     421.319194
     14.619771     501.787337
     14.627275     458.552569
     14.646170     419.299272
     14.656468     485.128934
     14.679263     529.038083
     14.691377     494.841039
     14.707298     575.241792
     14.724431     631.699322
     14.737785     700.703172
     14.750516     693.094821
     14.763931     708.717679
     14.775821     672.820935
     14.796972     517.245905
     14.812514     450.636191
     14.820554     450.940292
     14.842860     350.598538
     14.858038     423.058191
     14.872947     389.425913
     14.885091     347.641151
     14.904042     366.375113
     14.913525     328.764480
     14.930969     355.071423
     14.943614     320.381656
     14.957495     328.784694
     14.978358     405.458615
     14.989939     381.618767
     15.008702     372.300495
     15.016055     367.514778
     15.038764     395.254669
     15.054045     341.709801
     15.067252     360.762293
     15.079635     388.479623
     15.093552     423.239581
     15.105596     422.633966
     15.129926     419.923064
     15.142691     457.931530
     15.154859     406.132901
     15.172652     392.127068
     15.184612     412.263410
     15.203512     409.878310
     15.212331     429.787341
     15.227025     369.824659
     15.249797     317.517267
     15.263075     377.634487
     15.276484     389.144100
     15.293886     360.312784
     15.304376     367.908961
     15.318520     330.097256
     15.335218     309.688133
     15.350956     329.223109
     15.361241     323.496135
     15.384973     344.106010
     15.394207     344.838924
     15.412443     366.724654
     15.422865     449.640280
     15.444199     428.086540
     15.458875     439.737324
     15.470975     454.039071
     15.489846     405.362834
     15.503917     456.746345
     15.512135     478.039904
     15.529915     459.798293
     15.541014     501.031455
     15.562092     395.103428
     15.574362     459.525083
     15.594042     409.450097
     15.604607     392.003819
     15.619181     402.154929
     15.631332     343.317411
     15.647663     337.555387
     15.663120     367.846778
     15.680291     414.915104
     15.691264     412.713882
     15.706773     373.645562
     15.726223     469.105121
     15.739119     389.169841
     15.750544     443.022239
     15.773098     506.677334
     15.781557     517.394498
     15.795102     534.484939
     15.811684     561.785359
     15.834339     551.538239
     15.841838     632.188322
     15.862458     717.341335
     15.874896     753.079248
     15.890765     760.062465
     15.908316     713.399250
     15.915742     595.047726
     15.935594     491.176734
     15.953921     451.416690
     15.960557     370.022502
     15.981148     331.987705
     15.991539     399.494967
     16.006004     309.803584
     16.025504     364.791450
     16.039119     369.854447
     16.057593     321.847059
     16.066132     322.184848
     16.082219     303.404476
     16.097227     287.728641
     16.115662     326.667084
     16.131787     338.887968
     16.145803     308.703942
     16.162403     305.905635
     16.179215     363.102050
     16.191516     356.032873
     16.200602     378.994484
     16.216936     379.830629
     16.239941     324.196272
     16.251397     357.238788
     16.262039     359.908562
     16.284436     338.949378
     16.293201     376.618523
     16.313643     364.628942
     16.329499     395.964170
     16.342490     349.571626
     16.357171     359.188177
     16.374975     324.576598
     16.380736     356.597560
     16.399270     297.949222
     16.415988     334.214530
     16.430731     300.944161
     16.445625     302.612290
     16.455826     321.251934
     16.477240     366.651058
     16.485095     433.575314
     16.500208     413.796632
     16.515712     428.624461
     16.530308     443.921460
     16.547503     459.185926
     16.569608     475.093115
     16.576510     595.875985
     16.592307     575.490902
     16.614409     615.022936
     16.624982     512.991548
     16.640301     453.465310
     16.653655     393.601268
     16.670563     380.427985
     16.680570     361.413865
     16.696502     320.174450
     16.710623     314.096112
     16.734803     365.120769
     16.740442     285.660089
     16.758503     317.275365
     16.771246     351.981519
     16.790742     348.525179
     16.805852     386.340435
     16.824606     365.567123
     16.831876     367.343976
     16.849804     440.544023
     16.869320     432.055001
     16.879023     438.390912
     16.890378     431.415554
     16.911566     498.236206
     16.923525     429.975173
     16.936019     450.903970
     16.952206     552.728868
     16.970425     453.170186
     16.982397     394.569741
     17.004762     340.580581
     17.019846     336.749752
     17.029561     294.574566
     17.048262     297.828945
     17.063023     380.331513
     17.074829     266.273077
     17.085073     280.247475
     17.102687     366.969488
     17.121201     301.858947
     17.136633     315.970157
     17.150961     313.436136
     17.161217     330.887482
     17.180676     271.973570
     17.198670     335.305442
     17.212499     298.441817
     17.223255     293.898477
     17.241502     335.534908
     17.253728     356.917096
     17.267181     329.617304
     17.280568     325.222538
     17.304111     345.088570
     17.312809     285.038922
     17.326373     261.706800
     17.347685     343.443060
     17.361530     334.897346
     17.379851     316.173540
     17.392278     300.931428
     17.407515     329.334704
     17.420530     384.893435
     17.435531     295.932330
     17.450799     343.088463
     17.465198     288.306932
     17.483732     332.244987
     17.492533     352.425428
     17.507916     337.392445
     17.523039     386.530307
     17.535486     333.782070
     17.557504     382.364871
     17.569965     378.460006
     17.587621     382.010937
     17.599841     433.915242
     17.611594     452.114765
     17.633362     445.022933
     17.648025     358.382216
     17.657050     334.457510
     17.673587     366.145013
     17.691027     359.175827
     17.706759     282.883754
     17.717551     252.744703
     17.730804     328.523899
     17.751369     317.667475
     17.760589     332.976161
     17.779951     320.494063
     17.794910     313.785494
     17.814673     290.166283
     17.826667     310.442520
     17.840760     299.677933
     17.852369     396.447351
     17.866881     309.999626
     17.888305     333.029379
     17.900615     410.850453
     17.911553     361.318645
     17.929866     359.379559
     17.941808     396.719557
     17.959457     276.899991
     17.972371     377.304966
     17.992660     321.249322
     18.003814     329.667206
     18.017540     326.981826
     18.035914     247.641606
     18.054270     332.923322
     18.069197     325.226200
     18.081591     251.439331
     18.094316     328.107466
     18.109440     306.630996
     18.127177     306.110298
     18.140485     266.498487
     18.154759     231.827629
     18.172610     270.034466
     18.184504     292.857997
     18.204217     255.596325
     18.216181     302.157901
     18.231883     287.371388
     18.245679     313.025898
     18.263062     336.784634
     18.276211     357.509898
     18.292990     329.395098
     18.306808     292.425185
     18.317621     331.173579
     18.338388     313.261404
     18.348895     283.113400
     18.368920     294.180308
     18.377724     259.343559
     18.397660     249.748841
     18.414341     364.449111
     18.420388     327.171700
     18.439434     295.554796
     18.450687     270.790824
     18.470023     282.550141
     18.488505     259.642760
     18.503779     290.576635
     18.511235     311.961698
     18.529677     328.953990
     18.545728     258.046076
     18.556331     280.400919
     18.570288     296.421525
     18.594391     261.587156
     18.606287     248.393295
     18.616458     264.593533
     18.633828     282.606113
     18.648583     266.701234
     18.667810     301.469292
     18.683559     315.781078
     18.696212     250.145626
     18.714834     284.229912
     18.728821     318.752054
     18.744647     304.184458
     18.755892     327.091281
     18.766085     296.318191
     18.788962     435.225013
     18.803415     348.238899
     18.819797     351.991584
     18.832405     354.532142
     18.844570     409.387248
     18.863636     486.887818
     18.873219     493.751363
     18.890892     443.604597
     18.909402     472.454756
     18.923733     416.873746
     18.935608     402.163182
     18.954807     367.402685
     18.967462     262.222165
     18.977274     305.438083
     18.999405     318.558429
     19.010220     254.986909
     19.024745     328.286035
     19.037988     322.599974
     19.051201     327.752121
     19.071042     268.968165
     19.084733     347.458972
     19.097218     291.417356
     19.110271     292.680277
     19.129128     364.580839
     19.144024     361.556293
     19.160153     397.065741
     19.170839     380.091361
     19.191147     367.366554
     19.209812     336.981641
     19.217286     336.878657
     19.236198     294.175956
     19.248710     354.536802
     19.261982     281.832986
     19.275088     298.691648
     19.297649     358.678773
     19.305534     330.644818
     19.320862     366.898698
     19.337690     368.327814
     19.351477     329.180615
     19.373028     330.589218
     19.383447     334.615663
     19.397137     309.742657
     19.419732     330.518728
     19.425912     367.113899
     19.448032     424.204459
     19.462630     370.410557
     19.476177     386.584312
     19.492216     450.282026
     19.506368     472.758831
     19.515808     365.288179
     19.530128     406.869627
     19.549274     294.642719
     19.560020     304.516826
     19.581221     334.373993
     19.597172     337.451372
     19.612301     357.854285
     19.622124     326.560440
     19.644282     299.991995
     19.651283     314.588803
     19.669149     370.157121
     19.688643     336.711299
     19.703045     333.269080
     19.718508     253.636065
     19.733135     295.011229
     19.749292     310.307735
     19.756420     302.584345
     19.771912     270.791525
     19.789313     307.493618
     19.801900     378.614382
     19.821068     317.650691
     19.836235     344.614961
     19.854129     304.071490
     19.866258     308.721459
     19.875063     291.410010
     19.897564     270.354908
     19.911828     300.022377
     19.927163     307.872003
     19.938986     333.365525
     19.959144     343.488604
     19.965363     376.933936
     19.985114     319.634320
     19.998454     408.025864
     20.017340     357.016203
     20.032655     334.907227
     20.040055     310.136866
     20.061908     350.271833
     20.078731     393.126154
     20.092488     404.645424
     20.108230     364.729087
     20.115916     396.475526
     20.137004     290.811057
     20.145910     382.900370
     20.165966     339.039611
     20.183387     318.570459
     20.198577     378.424674
     20.213058     362.280143
     20.221293     292.141279
     20.244893     290.045327
     20.253337     313.211533
     20.273721     332.011144
     20.287875     324.266432
     20.300867     281.457633
     20.312531     273.910347
     20.326895     381.615662
     20.346051     353.570576
     20.363852     409.519103
     20.372369     392.407627
     20.387362     315.542675
     20.406154     377.411761
     20.418025     347.086391
     20.438810     260.474180
     20.453874     312.283042
     20.466685     303.832358
     20.480525     316.280462
     20.493040     336.249119
     20.505692     334.475489
     20.521899     410.476309
     20.539303     293.009214
     20.550276     325.358239
     20.568502     313.459582
     20.583581     370.400658
     20.600511     371.784173
     20.616912     426.191766
     20.627849     355.937472
     20.646562     434.996919
     20.659721     427.543224
     20.670603     431.431840
     20.687420     352.645953
     20.705841     348.747057
     20.721841     305.929306
     20.732564     333.380321
     20.751311     334.438578
     20.766484     400.272924
     20.775044     396.681011
     20.796085     398.643428
     20.810898     332.293707
     20.821290     359.242845
     20.841909     365.299420
     20.854271     368.229117
     20.871492     374.713556
     20.880450     455.421134
     20.904567     455.898982
     20.919801     442.238187
     20.930116     452.627166
     20.940629     527.803297
     20.960993     443.197768
     20.976156     384.046973
     20.985460     363.786368
     21.005896     290.271523
     21.017476     344.752201
     21.030631     365.229775
     21.046164     286.307235
     21.066993     319.131877
     21.076791     354.939035
     21.095080     291.948981
     21.113135     293.506144
     21.123352     285.989855
     21.137213     327.955002
     21.154188     306.253885
     21.169517     310.546860
     21.187685     349.390655
     21.204581     299.895078
     21.215342     342.364718
     21.232003     273.755815
     21.244328     347.810323
     21.260298     362.188022
     21.273683     328.312931
     21.288937     339.940443
     21.304438     375.133314
     21.315561     348.503081
     21.333599     320.264920
     21.352367     372.867028
     21.369993     357.977776
     21.377153     367.929885
     21.390853     365.363733
     21.411435     385.161610
     21.426296     371.484000
     21.438093     404.993612
     21.454311     386.770060
     21.466842     405.622031
     21.488702     418.548192
     21.501955     452.305538
     21.510108     343.991869
     21.527031     371.393054
     21.546738     336.098549
     21.559767     321.284009
     21.571895     356.102678
     21.594656     290.684730
     21.603652     400.012444
     21.618870     378.177999
     21.634087     268.121831
     21.650407     296.713102
     21.669824     373.046307
     21.675900     359.964735
     21.696826     352.128152
     21.714834     383.940076
     21.723968     326.140079
     21.743048     325.709632
     21.758072     394.714058
     21.770106     374.624863
     21.788857     289.920108
     21.804970     287.071993
     21.816764     293.948506
     21.828413     299.884370
     21.844427     316.706443
     21.860427     309.929594
     21.877182     345.493166
     21.886949     340.055102
     21.901820     264.497062
     21.915005     282.588427
     21.936778     315.649964
     21.946712     308.283288
     21.968539     326.486721
     21.977241     402.410408
     21.996090     306.647236
     22.011568     387.541675
     22.020494     415.168403
     22.040757     364.631412
     22.053191     375.087857
     22.067253     346.772279
     22.084736     359.243519
     22.099326     305.645368
     22.119919     350.774318
     22.126420     325.392859
     22.146436     289.207773
     22.155953     351.948521
     22.177407     316.359207
     22.191357     357.674258
     22.209345     438.671395
     22.220643     415.690232
     22.236869     368.235202
     22.250350     404.462180
     22.266812     386.818258
     22.284813     479.713583
     22.298824     404.781125
     22.305654     384.027691
     22.327109     419.174897
     22.338654     373.060390
     22.354024     321.300337
     22.366260     287.928847
     22.382810     385.872757
     22.398787     309.123908
     22.418383     323.332730
     22.434824     360.062429
     22.447117     386.477679
     22.460015     365.655881
     22.470636     320.099351
     22.489285     359.414201
     22.509307     272.800646
     22.520561     322.380746
     22.530431     285.132757
     22.548538     352.887052
     22.567148     342.137051
     22.582699     259.454495
     22.595863     315.072350
     22.606236     392.896240
     22.628939     383.310046
     22.643838     334.972877
     22.654446     320.343544
     22.667279     313.665979
     22.680485     263.702295
     22.695458     331.395418
     22.716896     256.889833
     22.734675     357.207010
     22.744417     353.594002
     22.761437     352.279375
     22.773905     440.366275
     22.786026     353.182712
     22.807646     307.715169
     22.819083     426.797913
     22.830167     419.808748
     22.846639     395.960933
     22.869672     354.647691
     22.884924     266.265572
     22.890026     298.790214
     22.905080     317.338020
     22.921988     287.386005
     22.941075     268.089590
     22.958129     297.203026
     22.970099     286.395027
     22.981861     346.821402
     23.004471     268.035443
     23.013301     281.278769
     23.034294     259.626864
     23.049257     313.678092
     23.056726     258.588948
     23.075202     344.589140
     23.088030     326.317777
     23.109192     331.677944
     23.123506     303.003089
     23.137898     251.450308
     23.149828     262.484280
     23.169389     240.028943
     23.184342     263.820439
     23.199861     354.450208
     23.208148     329.333121
     23.221454     310.187666
     23.235975     323.315434
     23.256495     382.993118
     23.268968     332.122249
     23.289834     354.881785
     23.295948     329.828946
     23.313992     357.176736
     23.327437     326.833992
     23.344440     328.309334
     23.358045     315.083703
     23.378438     287.066420
     23.392206     353.376546
     23.406081     332.144722
     23.422389     341.556177
     23.438855     360.874778
     23.447251     276.040104
     23.465025     390.302209
     23.480033     341.948805
     23.499101     352.049755
     23.512134     339.094734
     23.522672     321.621632
     23.541755     380.871813
     23.553197     388.519899
     23.571218     329.483114
     23.589190     350.346951
     23.602246     423.175007
     23.611837     362.825203
     23.629928     371.228482
     23.647146     324.002196
     23.658621     324.176021
     23.675212     350.124445
     23.693241     347.536510
     23.706857     304.936527
     23.715245     335.230678
     23.736104     371.730433
     23.747918     358.081017
     23.762939     336.756926
     23.784837     339.840439
     23.795388     351.307118
     23.810535     380.204893
     23.827578     310.868105
     23.842462     320.174976
     23.853251     274.211483
     23.868221     293.452259
     23.884891     328.527235
     23.897778     349.783630
     23.918081     310.226839
     23.929523     338.995735
     23.942824     261.601281
     23.958247     349.324981
     23.975609     259.211274
     23.987617     287.273857
     24.005048     363.869536
     24.017623     350.258635
     24.031280     327.183576
     24.049133     338.116382
     24.061223     349.453000
     24.078946     355.815842
     24.098382     284.980596
     24.112122     277.260099
     24.125143     246.064194
     24.142454     294.398146
     24.159906     320.831060
     24.167300     310.358840
     24.188663     308.966133
     24.199056     314.861339
     24.211608     265.537247
     24.225101     292.706220
     24.241218     253.099224
     24.262275     275.561431
     24.274351     255.131524
     24.286115     279.162207
     24.307463     335.576008
     24.320835     349.575507
     24.337963     301.859074
     24.350896     344.465014
     24.362713     254.034692
     24.380942     304.856017
     24.391886     287.234886
     24.406777     355.299581
     24.420725     261.732703
     24.442053     301.828258
     24.457204     277.051055
     24.466361     360.235824
     24.485017     293.548391
     24.502159     334.447785
     24.514582     343.836091
     24.527829     286.298581
     24.540566     254.815707
     24.556181     348.100777
     24.574471     274.912400
     24.588347     310.061353
     24.600536     300.809114
     24.619591     285.544381
     24.631988     268.356736
     24.651024     258.948547
     24.664351     315.717705
     24.676307     283.669246
     24.699945     300.190368
     24.709553     342.887672
     24.721340     330.169028
     24.738507     276.296022
     24.758313     356.710984
     24.774984     292.260789
     24.785179     313.707602
     24.796272     266.001074
     24.817907     345.774235
     24.833093     354.375538
     24.846419     303.612035
     24.855108     315.862430
     24.877955     352.592664
     24.887841     343.765090
     24.901111     302.587679
     24.917992     365.132430
     24.939036     383.132060
     24.945900     362.534583
     24.968917     337.990336
     24.979043     414.125865
     24.991237     374.497792
     25.007655     397.016123
     25.021067     427.192723
     25.044885     426.663910
     25.051251     357.275520
     25.068161     363.546282
     25.087878     389.272538
     25.096001     337.236091
     25.119907     348.954625
     25.127317     298.302040
     25.140783     341.124465
     25.158039     358.915238
     25.177354     286.300516
     25.189465     313.358138
     25.205480     394.251976
     25.215451     372.418272
     25.238064     393.196194
     25.249977     368.653355
     25.266525     357.155893
     25.284768     338.149730
     25.297066     330.111942
     25.308583     352.104870
     25.326419     315.589843
     25.336837     315.536628
     25.351541     276.974874
     25.373848     269.383013
     25.384338     275.502875
     25.396027     262.074207
     25.411399     267.210112
     25.431550     225.530811
     25.440825     247.615037
     25.457032     292.566299
     25.471911     303.615848
     25.493331     265.873869
     25.508273     297.710385
     25.523934     260.154816
     25.534672     323.110552
     25.554422     253.764237
     25.564699     275.289009
     25.579921     264.734226
     25.597237     292.002490
     25.605304     300.319485
     25.627860     318.329514
     25.642294     285.875650
     25.656192     272.758388
     25.674803     328.002696
     25.686412     257.557040
     25.696125     326.629993
     25.717610     301.490087
     25.726965     341.020498
     25.740480     343.763577
     25.757128     322.023698
     25.775849     261.531143
     25.787057     337.534646
     25.808638     328.910443
     25.819017     286.390823
     25.830008     337.529236
     25.851409     272.004699
     25.862892     319.267199
     25.879865     355.259876
     25.895774     315.411822
     25.912739     294.362178
     25.924293     295.500124
     25.939963     287.965468
     25.957877     319.636363
     25.970306     316.164764
     25.988879     282.803448
     25.996745     289.413346
     26.010672     232.745036
     26.033565     264.263621
     26.048336     302.385349
     26.055992     251.614614
     26.077014     246.988372
     26.092492     353.864388
     26.105826     307.643091
     26.120099     334.784431
     26.132980     284.513680
     26.146086     327.535270
     26.167594     385.963618
     26.175297     366.711385
     26.194221     271.914005
     26.209211     300.513964
     26.227587     383.673142
     26.242427     327.774948
     26.256191     358.097289
     26.268384     304.401274
     26.284902     306.668157
     26.298239     349.478819
     26.310876     306.263493
     26.333973     329.866656
     26.344272     371.214555
     26.356465     292.676808
     26.375431     297.726138
     26.393481     365.906025
     26.405525     290.087860
     26.423644     248.800900
     26.435414     316.455686
     26.445844     368.159078
     26.469319     334.550158
     26.482566     330.724803
     26.492566     324.437034
     26.511576     313.779064
     26.520418     346.097281
     26.541156     281.048715
     26.556748     319.282385
     26.570573     363.510902
     26.587115     304.830835
     26.600254     296.119613
     26.615387     337.142517
     26.626677     352.573446
     26.640167     274.921274
     26.661161     357.590897
     26.674163     318.417760
     26.685367     290.379060
     26.703292     285.249857
     26.718399     306.736411
     26.736232     327.381829
     26.753320     293.613678
     26.761818     316.721792
     26.782322     294.885030
     26.796359     258.641558
     26.811659     322.038548
     26.829709     237.734014
     26.844320     279.044686
     26.858157     308.927639
     26.865430     294.377819
     26.884859     296.374298
     26.896685     288.629352
     26.916571     254.764453
     26.927447     343.639318
     26.944788     329.851274
     26.962574     335.747586
     26.976352     261.166742
     26.994211     362.244916
     27.005953     296.725683
     27.023038     284.171246
     27.035772     341.609947
     27.046331     353.729128
     27.066518     314.130315
     27.082504     371.506663
     27.090577     347.665372
     27.113333     329.539741
     27.126794     326.903212
     27.137182     322.389491
     27.157184     329.096609
     27.172324     326.419519
     27.186657     347.885292
     27.202031     335.666425
     27.213359     281.407349
     27.231237     274.298943
     27.242002     360.754542
     27.256502     282.026997
     27.270807     319.882509
     27.294179     270.647056
     27.303597     256.382513
     27.315170     286.189202
     27.335555     285.722527
     27.353356     335.326600
     27.361324     341.990382
     27.378657     282.471215
     27.393348     315.086450
     27.406380     332.380400
     27.423024     308.278656
     27.435513     296.663210
     27.456380     330.742491
     27.465736     307.757257
     27.489915     284.821974
     27.500080     345.700399
     27.512438     310.395257
     27.534214     318.291090
     27.549377     261.076940
     27.564418     315.954273
     27.576567     341.003493
     27.590471     287.783827
     27.605003     322.748111
     27.616415     295.589132
     27.638008     293.613248
     27.648835     277.411985
     27.669782     328.105049
     27.683447     349.931813
     27.698847     276.463596
     27.712678     328.048812
     27.721215     300.809838
     27.739809     292.149401
     27.752037     339.349604
     27.769322     316.913741
     27.784522     263.816374
     27.801291     290.897922
     27.817282     287.810334
     27.833939     292.635264
     27.846522     305.671487
     27.855263     343.295164
     27.878740     351.927790
     27.891062     366.426640
     27.906016     365.173976
     27.923937     392.997328
     27.939917     402.709180
     27.953160     344.507080
     27.960585     325.221404
     27.978592     374.717101
     27.993693     330.635875
     28.006339     324.942447
     28.029719     319.487422
     28.036557     324.105293
     28.059815     344.317886
     28.072987     287.222558
     28.081290     341.502489
     28.103946     326.462494
     28.112371     303.381443
     28.132199     301.964110
     28.144661     349.891191
     28.159668     283.531386
     28.171081     309.746642
     28.188353     238.285968
     28.209472     234.110755
     28.220640     340.618843
     28.239321     364.215885
     28.245421     320.185318
     28.262716     317.742363
     28.283226     326.609661
     28.292364     268.227119
     28.314929     300.212243
     28.329956     275.848490
     28.344646     310.280661
     28.357180     362.299073
     28.371192     317.664926
     28.384399     348.971645
     28.401298     305.322392
     28.418933     350.895105
     28.425560     281.592158
     28.443650     334.139612
     28.464333     319.140104
     28.476260     431.009823
     28.494731     373.818655
     28.506240     329.073262
     28.523957     342.880570
     28.538826     381.690455
     28.549443     424.768935
     28.560934     356.046812
     28.584811     407.231407
     28.590268     347.937695
     28.614194     341.964314
     28.627235     417.697430
     28.641644     338.887832
     28.658583     303.480541
     28.667749     348.924195
     28.682511     289.308554
     28.704610     320.090089
     28.715711     319.535523
     28.725225     349.619651
     28.741975     319.760813
     28.759955     365.266255
     28.770719     289.311227
     28.787984     316.821960
     28.801079     242.773125
     28.821951     337.866757
     28.835935     302.374167
     28.846874     297.212298
     28.860633     281.827481
     28.883363     317.107892
     28.899158     343.760348
     28.911941     276.355956
     28.920051     400.786482
     28.939476     371.079995
     28.956112     360.798573
     28.968411     352.065674
     28.983137     353.455349
     28.999380     367.536151
     29.017272     341.742195
     29.034030     370.455203
     29.041642     268.289958
     29.061660     281.287031
     29.077768     315.932459
     29.085431     317.162082
     29.105287     295.753022
     29.117875     365.195665
     29.137243     380.116528
     29.149841     384.790193
     29.166454     314.687024
     29.179882     354.366064
     29.196242     267.793886
     29.213664     341.807178
     29.221806     320.659313
     29.242710     328.405106
     29.257757     272.848268
     29.265955     341.522205
     29.283077     278.761230
     29.300765     313.853584
     29.315512     303.867836
     29.327133     259.504062
     29.347778     353.805478
     29.355106     288.522219
     29.375096     208.524853
     29.393492     316.311989
     29.404905     329.847201
     29.421278     330.261208
     29.436312     292.926028
     29.451809     310.478151
     29.469381     298.928788
     29.475111     325.349707
     29.493618     340.438747
     29.507973     278.872037
     29.529993     327.779407
     29.540662     311.863233
     29.557700     338.139502
     29.565027     336.185367
     29.583931     313.094210
     29.597356     360.826426
     29.615292     329.841197
     29.629311     264.857762
     29.641861     255.803888
     29.663796     298.961235
     29.676816     331.348389
     29.691873     262.600470
     29.702108     317.761001
     29.722597     331.648407
     29.735745     300.527052
     29.748681     338.013372
     29.765115     263.064125
     29.779544     280.914263
     29.793141     296.665258
     29.813825     287.410249
     29.825130     358.597987
     29.842358     300.308293
     29.858263     316.908442
     29.872160     308.050083
     29.889962     314.404143
     29.904634     268.847165
     29.917606     281.495352
     29.933415     296.491305
     29.946722     249.942187
     29.963728     257.046503
     29.971601     241.966265
     29.991001     257.552262
     30.003498     356.217494
     30.021423     293.403778
     30.032940     252.238274
     30.045821     292.931223
     30.069463     295.043321
     30.084144     304.124835
     30.092172     253.034575
     30.111222     327.977892
     30.129459     285.236576
     30.144764     281.214621
     30.153364     283.909191
     30.168927     254.596852
     30.184089     279.761828
     30.197793     282.871396
     30.212193     264.401637
     30.234315     247.042227
     30.245860     243.212923
     30.255882     321.008361
     30.279313     322.319377
     30.289242     302.115170
     30.304868     245.664216
     30.315838     299.727968
     30.331731     246.827148
     30.347105     287.357649
     30.368712     294.583178
     30.376121     373.702364
     30.399789     229.668802
     30.406138     283.442420
     30.427568     275.590042
     30.435059     251.510733
     30.458815     281.216815
     30.472414     243.429296
     30.489824     313.955744
     30.498468     301.768320
     30.510128     335.491412
     30.532476     299.810317
     30.548185     337.225105
     30.559823     312.209134
     30.576634     359.783386
     30.589298     306.596505
     30.609445     309.791840
     30.617193     241.533073
     30.630538     240.077480
     30.654126     300.822287
     30.669896     307.713895
     30.682111     239.667501
     30.695546     256.518848
     30.712145     329.018276
     30.725846     255.554639
     30.735543     354.020775
     30.753682     270.732410
     30.772475     319.276974
     30.780188     334.502704
     30.803183     319.470023
     30.816842     296.573671
     30.830762     255.330203
     30.843094     274.339919
     30.860017     256.785567
     30.879460     276.312417
     30.894247     246.048595
     30.908440     256.999749
     30.920036     326.981582
     30.932337     292.978455
     30.954735     311.193173
     30.966854     318.766239
     30.981544     333.644914
     30.994962     284.202355
     31.010210     262.457103
     31.028542     340.784562
     31.044589     262.162926
     31.053091     279.791660
     31.069940     237.091528
     31.082881     259.353051
     31.102628     319.935102
     31.118962     240.117176
     31.125093     318.403054
     31.143535     345.547237
     31.158881     320.372904
     31.176583     348.809318
     31.186476     279.675203
     31.209100     237.569557
     31.221903     278.501435
     31.238871     233.317432
     31.246150     260.375945
     31.262200     285.211027
     31.276260     247.595666
     31.293089     227.536760
     31.307737     315.345416
     31.327583     273.777452
     31.341525     323.041899
     31.356909     284.127443
     31.372953     288.894330
     31.387436     243.589261
     31.395676     263.953232
     31.410510     309.511066
     31.427201     263.836150
     31.448266     272.948682
     31.461398     319.531690
     31.477884     340.164972
     31.489003     263.785225
     31.509245     305.213421
     31.518702     283.238918
     31.535881     306.103461
     31.554408     292.344302
     31.562142     249.531800
     31.577834     341.082713
     31.597147     280.783947
     31.614548     281.639665
     31.624932     355.305797
     31.635919     331.864584
     31.657727     249.871271
     31.668194     279.310321
     31.686720     300.021517
     31.699245     252.594279
     31.710433     315.237164
     31.732965     283.246074
     31.748337     261.991940
     31.756392     263.827409
     31.776800     286.896553
     31.785589     323.715420
     31.802669     319.368713
     31.823491     284.593143
     31.832087     237.913494
     31.854970     243.963391
     31.869371     335.209176
     31.879569     261.365648
     31.899117     314.155905
     31.913467     231.555849
     31.928715     316.112583
     31.938694     300.890938
     31.957966     300.273780
     31.968468     337.797272
     31.988159     271.378717
     31.995012     237.736116
     32.010241     271.034193
     32.033605     265.107563
     32.048591     341.135606
     32.055564     333.619544
     32.077500     332.600724
     32.085576     278.971475
     32.104678     263.307358
     32.116931     295.919111
     32.136652     319.301796
     32.152162     276.143569
     32.160645     270.104313
     32.184469     312.519397
     32.198258     314.361250
     32.212811     323.568217
     32.221328     308.456729
     32.243187     300.718926
     32.254689     288.144443
     32.267868     328.207329
     32.283469     270.357708
     32.296235     319.682164
     32.310175     328.488364
     32.332717     271.498689
     32.343612     300.942630
     32.358152     252.996279
     32.373737     259.747897
     32.385313     269.586868
     32.406035     246.206554
     32.420584     306.069969
     32.430432     238.279338
     32.447055     298.449703
     32.464838     271.158867
     32.479315     275.343304
     32.490125     218.851904
     32.507141     284.959123
     32.528097     274.388252
     32.536296     283.181720
     32.556828     264.844902
     32.572656     233.314366
     32.589072     261.161809
     32.604407     261.669498
     32.612161     316.343172
     32.633567     286.131936
     32.642764     341.830357
     32.661688     255.853239
     32.673341     290.131867
     32.691042     271.849699
     32.701101     297.429159
     32.719433     319.373695
     32.730882     246.448048
     32.750163     293.238195
     32.763969     276.115550
     32.777227     237.427310
     32.794865     337.226596
     32.811494     276.320476
     32.828301     289.340295
     32.843521     305.264480
     32.858711     292.012072
     32.869063     336.166620
     32.883253     311.189932
     32.902054     308.176209
     32.915741     263.612046
     32.929425     232.208143
     32.941893     311.815558
     32.957330     283.596024
     32.973626     254.014056
     32.986988     262.618658
     33.005628     316.744798
     33.018392     340.398619
     33.032789     322.507345
     33.046987     266.041038
     33.060037     298.156096
     33.080519     333.205341
     33.098088     260.260603
     33.112632     295.233223
     33.122397     278.611828
     33.142264     302.193791
     33.158728     239.081808
     33.171617     313.455577
     33.181175     273.795469
     33.203926     206.477395
     33.215994     304.328897
     33.234032     245.314252
     33.241210     271.978526
     33.255270     319.028925
     33.275373     269.404129
     33.287592     281.926408
     33.308235     243.883483
     33.317285     218.861527
     33.330890     287.349493
     33.353948     251.303568
     33.362407     225.849628
     33.381300     240.698509
     33.397427     239.337244
     33.407652     331.713712
     33.426000     257.157432
     33.438998     290.137459
     33.454233     309.913964
     33.468777     312.056754
     33.480492     224.982118
     33.502499     235.067772
     33.516097     276.798486
     33.534384     227.670964
     33.544298     258.256619
     33.564095     294.544022
     33.576138     263.599328
     33.586330     289.210042
     33.609400     296.758816
     33.616294     257.313766
     33.639358     280.599406
     33.650737     299.545639
     33.662710     283.431497
     33.675432     291.783855
     33.692922     224.082839
     33.711425     320.598256
     33.726044     292.774915
     33.739700     276.657422
     33.755892     266.406577
     33.772152     258.257728
     33.786908     314.940692
     33.799523     275.664849
     33.811277     240.191548
     33.832706     249.692427
     33.848349     239.048675
     33.864619     228.761425
     33.878390     291.208747
     33.894621     300.798992
     33.904065     264.724796
     33.921239     222.221502
     33.936648     285.011387
     33.950513     317.652657
     33.963649     242.753337
     33.983192     329.873071
     33.993677     288.031268
     34.008790     301.063867
     34.024476     240.961517
     34.042112     326.325898
     34.053610     263.691892
     34.069048     338.678234
     34.084617     251.710961
     34.100983     301.302583
     34.112179     291.577913
     34.129041     285.959662
     34.149998     274.857589
     34.160310     249.282152
     34.175048     253.419107
     34.187166     312.459578
     34.205122     282.231166
     34.218280     319.858937
     34.233333     276.976251
     34.248789     310.259424
     34.260391     286.361329
     34.282803     271.560333
     34.291854     242.978636
     34.313576     283.511799
     34.325710     240.090912
     34.343620     224.500424
     34.352321     236.707161
     34.369930     216.999963
     34.384461     283.943872
     34.400194     311.662727
     34.417151     319.134350
     34.430960     254.724259
     34.446626     243.721853
     34.463452     314.015905
     34.472835     255.149051
     34.489695     317.980996
     34.508433     294.746779
     34.520018     304.648620
     34.530126     261.697498
     34.547616     234.591663
     34.564266     289.407617
     34.576885     311.661893
     34.593790     265.250231
     34.609540     289.156764
     34.628141     274.072889
     34.638882     249.249758
     34.655251     293.364999
     34.673418     250.142961
     34.680707     309.535085
     34.698366     252.090013
     34.711614     255.796393
     34.726414     302.505326
     34.741773     314.383547
     34.760056     303.283724
     34.775410     339.088941
     34.785618     276.846844
     34.802583     258.316562
     34.824570     256.064475
     34.839637     276.529466
     34.846224     282.895132
     34.866344     298.079136
     34.882884     277.977928
     34.896928     222.095291
     34.907403     246.317859
     34.920885     286.650346
     34.941558     202.912193
     34.951389     281.582103
     34.967926     249.807168
     34.980982     252.652361
     35.002690     304.208552
     35.013150     254.106852
     35.031832     241.560959
     35.049106     305.093532
     35.057483     237.484352
     35.073650     214.247221
     35.092008     234.889925
     35.100526     268.982624
     35.116085     292.686287
     35.130349     278.682031
     35.148640     293.834986
     35.167022     229.549449
     35.183962     243.254060
     35.198412     294.982261
     35.213823     292.211139
     35.224825     292.389559
     35.240538     251.605788
     35.251035     272.061139
     35.270182     256.738965
     35.280040     293.007535
     35.301303     179.467675
     35.312581     212.375268
     35.326383     267.452110
     35.343592     213.805830
     35.360827     320.127097
     35.377819     260.372110
     35.389861     189.168485
     35.405805     243.088166
     35.417799     213.149174
     35.431846     221.483017
     35.452335     241.560986
     35.469834     238.406427
     35.478802     230.413315
     35.496262     246.137556
     35.512102     240.311093
     35.527457     237.820686
     35.540625     270.983083
     35.558727     252.266863
     35.567612     226.538914
     35.585208     289.077164
     35.596675     242.377303
     35.617725     297.640432
     35.627694     232.082819
     35.646288     205.792123
     35.658831     246.330859
     35.678000     245.981616
     35.686155     281.582880
     35.705879     285.596399
     35.718823     239.322839
     35.734185     294.760267
     35.751733     263.790566
     35.760283     308.689502
     35.777419     279.517261
     35.797937     262.603723
     35.813774     300.545986
     35.829039     301.244958
     35.843768     260.457786
     35.850869     279.699945
     35.874140     260.708275
     35.881512     307.859770
     35.902597     198.182297
     35.916637     244.672413
     35.933312     290.686322
     35.944399     232.346759
     35.958074     238.881023
     35.979252     210.517614
     35.987016     271.235104
     36.009202     224.695760
     36.024829     269.987534
     36.036762     265.060483
     36.046091     201.341855
     36.063387     251.370138
     36.077755     217.816341
     36.095410     265.406173
     36.114343     262.358751
     36.120839     263.500662
     36.144849     252.553490
     36.159274     304.569937
     36.166432     264.081970
     36.182849     304.569291
     36.195181     292.689241
     36.215027     300.056304
     36.227734     236.843792
     36.245144     301.055285
     36.262332     274.095283
     36.275054     235.722522
     36.293557     292.073933
     36.302572     233.128636
     36.320620     294.648847
     36.337608     288.140234
     36.353358     296.916130
     36.361449     280.256783
     36.376161     225.390330
     36.397565     222.366067
     36.407899     266.872785
     36.426799     249.962479
     36.436608     259.309657
     36.458482     276.430766
     36.470539     238.966361
     36.484277     256.258824
     36.504452     247.667912
     36.519703     285.959219
     36.532148     276.504877
     36.547822     243.971442
     36.564644     286.074856
     36.577206     203.362146
     36.588216     206.758477
     36.600262     260.731231
     36.621101     290.154930
     36.631254     282.352354
     36.652743     271.848951
     36.666755     251.872109
     36.683696     286.219839
     36.694657     268.592834
     36.709514     300.719418
     36.729040     218.655140
     36.743389     288.899027
     36.758185     248.567842
     36.773471     302.271185
     36.785315     287.081355
     36.795488     228.066474
     36.818349     268.723757
     36.827244     310.364862
     36.842492     224.422357
     36.860245     211.472521
     36.870988     317.034480
     36.890676     254.225220
     36.903696     241.568756
     36.923523     291.163633
     36.933470     279.705894
     36.949536     260.778234
     36.965567     261.862704
     36.978523     300.888273
     36.994303     224.088541
     37.010043     212.180082
     37.025866     270.552487
     37.038123     248.850615
     37.056553     190.755728
     37.072935     295.187790
     37.087219     221.230594
     37.096807     217.220440
     37.119054     261.598376
     37.130789     270.833231
     37.145609     270.663554
     37.157500     306.938860
     37.175457     287.168903
     37.189831     243.027009
     37.207993     275.903665
     37.217298     302.957392
     37.234612     316.503422
     37.245764     239.973757
     37.261985     292.216666
     37.282775     281.430232
     37.297675     251.780498
     37.307904     274.318774
     37.324659     338.838479
     37.337534     243.699358
     37.354682     255.289913
     37.370179     233.315339
     37.380065     275.330237
     37.402527     231.319762
     37.411327     267.609120
     37.432984     264.054994
     37.448679     277.095547
     37.458339     181.601287
     37.479695     278.982702
     37.489731     277.873803
     37.500131     251.174403
     37.515690     204.242224
     37.530215     305.178264
     37.545346     306.714697
     37.565491     251.038139
     37.577240     255.858970
     37.596135     215.095088
     37.609048     283.888770
     37.628158     301.233266
     37.641607     226.710668
     37.655493     191.874971
     37.665777     301.804098
     37.689352     214.683808
     37.704124     279.298605
     37.710209     188.601399
     37.727094     272.542713
     37.745897     258.073335
     37.763808     199.874851
     37.774574     204.908200
     37.793806     265.503375
     37.808368     224.498591
     37.819514     251.198960
     37.832005     293.315013
     37.849683     268.389317
     37.862538     208.005131
     37.875882     274.109665
     37.892107     259.243068
     37.907701     248.238923
     37.926972     251.347242
     37.939346     279.808258
     37.956486     244.252307
     37.972836     248.088612
     37.986083     267.428426
     37.998718     295.255100
     38.017073     203.252989
     38.029035     200.201372
     38.043253     265.599733
     38.057948     233.254208
     38.079602     250.445321
     38.086597     228.654572
     38.109409     286.227119
     38.120168     243.588003
     38.135672     200.193036
     38.149532     263.826504
     38.167324     273.339068
     38.182285     207.807460
     38.199172     246.618286
     38.211590     242.907531
     38.228076     239.463145
     38.236070     217.400477
     38.253795     259.403192
     38.270196     257.269084
     38.289358     220.547324
     38.295515     297.287771
     38.317714     217.048968
     38.325549     250.325135
     38.343923     269.770618
     38.358547     268.167818
     38.379490     290.739058
     38.387502     241.485475
     38.405945     265.514800
     38.416235     232.835646
     38.435165     250.321233
     38.446890     215.767215
     38.463679     298.659295
     38.479173     280.919982
     38.490921     228.754374
     38.507981     249.933697
     38.521122     210.135730
     38.540312     273.313215
     38.559404     198.086054
     38.572237     232.388797
     38.580917     285.350855
     38.599827     204.707683
     38.619833     253.846691
     38.627334     259.654550
     38.640294     213.238489
     38.663608     261.081013
     38.671752     229.961832
     38.686246     245.623497
     38.700339     167.039649
     38.722323     195.842999
     38.739425     180.649653
     38.750045     285.931595
     38.763227     178.314485
     38.775251     215.949419
     38.794314     201.781691
     38.809298     175.180918
     38.822690     226.175866
     38.836512     262.881718
     38.859246     248.861558
     38.868284     287.399877
     38.881528     274.979935
     38.901636     262.032099
     38.919787     194.027208
     38.927818     263.772379
     38.941717     282.130587
     38.963976     265.300666
     38.970143     225.448235
     38.989751     240.813207
     39.000160     224.998514
     39.015365     227.154880
     39.039444     243.015993
     39.046767     305.435956
     39.067590     231.156047
     39.076952     219.192037
     39.092569     256.888086
     39.108870     279.954202
     39.121517     207.300417
     39.135927     250.162734
     39.150414     230.668927
     39.169248     244.062356
     39.180342     194.613138
     39.200394     258.599737
     39.219910     257.430856
     39.230994     248.180767
     39.247899     243.930627
     39.258355     245.980319
     39.275604     232.521096
     39.292047     288.340232
     39.303924     188.275308
     39.323639     245.860695
     39.338052     275.407391
     39.346527     249.376197
     39.363614     228.845405
     39.377033     207.442766
     39.390793     281.206177
     39.413831     215.617347
     39.421566     273.460325
     39.441760     212.302315
     39.451236     201.516051
     39.471946     274.461784
     39.489928     260.649784
     39.497174     228.761965
     39.515908     251.618184
     39.534081     231.009564
     39.545786     295.321616
     39.556092     211.909848
     39.571188     325.003031
     39.587496     301.007439
     39.608115     250.427509
     39.617106     239.012473
     39.638478     214.588737
     39.646821     175.949997
     39.669875     269.660673
     39.675800     216.792416
     39.694922     207.501225
     39.708611     201.141649
     39.728455     260.233832
     39.741595     240.785536
     39.758891     267.418737
     39.771518     294.519247
     39.789195     307.237396
     39.804355     291.790748
     39.819228     232.567475
     39.833520     229.876242
     39.847237     263.629157
     39.861332     203.016353
     39.875446     200.758863
     39.892923     309.062250
     39.902715     272.738940
     39.921825     279.787423
     39.935042     216.381362
     39.953456     255.615467
     39.968126     201.644808
     39.981615     293.991086
     39.990894     249.028597
     40.009900     240.969749
     40.025506     236.575447
     40.035263     284.951915
     40.053409     242.931833
     40.074361     279.233762
     40.083888     300.215472
     40.100007     279.206256
     40.110867     248.505147
     40.131100     239.852789
     40.140375     267.370344
     40.162895     227.289899
     40.171602     290.903469
     40.189505     268.265258
     40.200484     277.161952
     40.218089     207.062286
     40.237388     273.724951
     40.253307     275.261430
     40.268633     248.462350
     40.281121     278.941093
     40.295262     253.586945
     40.314882     294.628896
     40.328991     263.400033
     40.341765     283.832359
     40.354871     235.383980
     40.373460     258.332916
     40.385912     213.158167
     40.396248     254.470808
     40.419232     192.279197
     40.428153     194.751222
     40.443378     203.547886
     40.462055     236.458414
     40.473701     220.860309
     40.485288     242.778880
     40.500233     257.127535
     40.519894     296.914975
     40.539750     294.063189
     40.553263     260.879002
     40.562719     204.134378
     40.580184     230.882926
     40.599944     206.035615
     40.608816     287.619658
     40.620595     307.341454
     40.640630     293.318577
     40.651738     255.997940
     40.667087     229.207388
     40.680316     251.108624
     40.702835     277.499763
     40.716395     292.668555
     40.734547     308.379172
     40.744757     271.860631
     40.761573     268.767860
     40.774929     287.589838
     40.789932     202.230650
     40.800597     259.473776
     40.815086     235.589742
     40.831616     259.439914
     40.848150     248.634357
     40.863215     228.197820
     40.881553     263.342891
     40.892505     216.647091
     40.913094     256.786886
     40.923956     217.220088
     40.942234     238.404242
     40.953621     211.925096
     40.970452     222.673773
     40.986202     247.262115
     40.997707     250.024738
     41.012726     214.275957
     41.028740     251.251963
     41.049747     207.662600
     41.060010     287.186308
     41.071402     294.618256
     41.093405     287.154543
     41.100452     258.324934
     41.119506     236.704674
     41.135839     294.059046
     41.146483     286.169874
     41.168862     243.764654
     41.182749     229.056197
     41.195166     286.390213
     41.213635     221.451384
     41.228257     276.484675
     41.239342     229.182338
     41.253817     253.825941
     41.272477     198.667385
     41.286831     252.066227
     41.295276     206.097517
     41.313552     280.790732
     41.333613     248.275066
     41.346028     298.845933
     41.355226     236.916491
     41.379574     238.894771
     41.393597     237.494388
     41.401290     229.631077
     41.416135     269.964656
     41.432952     217.451337
     41.448912     272.309458
     41.468555     284.879385
     41.478215     257.534505
     41.499901     275.452613
     41.508539     232.030300
     41.527434     281.657040
     41.536104     248.738117
     41.555679     294.199602
     41.566783     286.755360
     41.582842     276.088284
     41.597785     243.826005
     41.618375     208.208633
     41.626518     268.060410
     41.645491     240.334690
     41.662509     278.231991
     41.678098     235.066747
     41.691252     249.317114
     41.709903     208.005895
     41.722772     166.808536
     41.733072     185.396576
     41.748117     211.902004
     41.766676     236.564708
     41.779717     288.723537
     41.794748     285.341243
     41.814898     203.458263
     41.828106     202.668916
     41.843312     219.420005
     41.851975     314.318555
     41.872482     269.895485
     41.882761     253.275663
